Object Name,Time,PosX,PosY,PosZ,,,
RWI,334.5969,-0.940379,0.8430393,-1.791616
RWI,334.6068,-0.9404014,0.8431624,-1.791602
RWI,334.6116,-0.940421,0.843128,-1.791622
RWI,334.6169,-0.9403819,0.8433603,-1.79152
RWI,334.6259,-0.9403484,0.8433785,-1.791496
RWI,334.6339,-0.9403043,0.8435567,-1.791515
RWI,334.6424,-0.9402964,0.8435688,-1.791534
RWI,334.6507,-0.9402302,0.8437164,-1.791551
RWI,334.6591,-0.9402984,0.843689,-1.791455
RWI,334.6672,-0.9404302,0.8435667,-1.791543
RWI,334.6761,-0.9405078,0.84339,-1.791464
RWI,334.6837,-0.9405806,0.843215,-1.791474
RWI,334.6923,-0.9405721,0.843168,-1.791537
RWI,334.7006,-0.9406257,0.843096,-1.791591
RWI,334.709,-0.940734,0.8428926,-1.791647
RWI,334.7176,-0.940711,0.8430014,-1.791684
RWI,334.7336,-0.9407105,0.8430103,-1.791737
RWI,334.7433,-0.9407375,0.8430715,-1.791744
RWI,334.7505,-0.9407692,0.8431373,-1.791816
RWI,334.759,-0.9407992,0.8431289,-1.791839
RWI,334.7674,-0.9406948,0.8431876,-1.791788
RWI,334.7752,-0.9406953,0.8432447,-1.79173
RWI,334.784,-0.940752,0.8432826,-1.79163
RWI,334.7921,-0.9408252,0.8431747,-1.791546
RWI,334.8005,-0.9409635,0.8431835,-1.791577
RWI,334.8088,-0.9409508,0.8431544,-1.791581
RWI,334.8174,-0.9409915,0.8431799,-1.791584
RWI,334.826,-0.940896,0.8432609,-1.791556
RWI,334.834,-0.9408628,0.8432131,-1.791612
RWI,334.8423,-0.9409182,0.843277,-1.791589
RWI,334.851,-0.9409381,0.8433213,-1.791603
RWI,334.8588,-0.9409106,0.8434398,-1.791507
RWI,334.8675,-0.9409001,0.8434485,-1.791424
RWI,334.8755,-0.9408767,0.8433949,-1.791388
RWI,334.8841,-0.9409755,0.8433012,-1.791332
RWI,334.8922,-0.9409965,0.8431765,-1.791299
RWI,334.9007,-0.9409286,0.8431913,-1.791183
RWI,334.9088,-0.9409193,0.8432751,-1.791193
RWI,334.9173,-0.9408644,0.8432676,-1.791193
RWI,334.9254,-0.9407048,0.8434102,-1.791154
RWI,334.9339,-0.9405956,0.8434451,-1.791186
RWI,334.9432,-0.9405674,0.8434766,-1.791158
RWI,334.9504,-0.9405411,0.8436167,-1.791153
RWI,334.9586,-0.9404558,0.8435839,-1.791206
RWI,334.9674,-0.9406081,0.8434789,-1.791184
RWI,334.9756,-0.940596,0.8434956,-1.79119
RWI,334.984,-0.9406772,0.8434494,-1.791197
RWI,334.9919,-0.9408238,0.8434799,-1.791133
RWI,335.0004,-0.9408436,0.843459,-1.791121
RWI,335.009,-0.9408703,0.8434687,-1.791106
RWI,335.0172,-0.9407656,0.8434654,-1.791177
RWI,335.0257,-0.9408244,0.8435042,-1.791121
RWI,335.0338,-0.940828,0.8434742,-1.791117
RWI,335.0419,-0.9408341,0.8434718,-1.791102
RWI,335.0513,-0.9408818,0.8434411,-1.791115
RWI,335.0587,-0.9409751,0.8434311,-1.791065
RWI,335.0672,-0.9410701,0.8434064,-1.791033
RWI,335.0754,-0.9411412,0.8433655,-1.791025
RWI,335.0841,-0.9411523,0.8433616,-1.791019
RWI,335.0925,-0.9411581,0.8433689,-1.791006
RWI,335.1005,-0.9411721,0.8434292,-1.791026
RWI,335.1088,-0.9411803,0.8435622,-1.791058
RWI,335.1176,-0.9411352,0.8436202,-1.791098
RWI,335.1261,-0.941131,0.8436435,-1.791122
RWI,335.1347,-0.9411827,0.8436837,-1.79111
RWI,335.1443,-0.9411803,0.8436337,-1.791057
RWI,335.1514,-0.9411713,0.8436202,-1.791082
RWI,335.1602,-0.941183,0.8435467,-1.791056
RWI,335.1689,-0.9411524,0.8436237,-1.791108
RWI,335.1773,-0.9411244,0.8436114,-1.791115
RWI,335.1867,-0.9411851,0.8435293,-1.791039
RWI,335.1941,-0.941183,0.8434003,-1.791065
RWI,335.2033,-0.941148,0.8433612,-1.7911
RWI,335.2107,-0.9411421,0.8433468,-1.791284
RWI,335.2194,-0.9410862,0.8433561,-1.791305
RWI,335.2279,-0.9411035,0.8433229,-1.791361
RWI,335.2359,-0.9410702,0.8434137,-1.791359
RWI,335.2441,-0.9410228,0.8433418,-1.791286
RWI,335.2537,-0.9410714,0.8432111,-1.791333
RWI,335.2618,-0.9409349,0.8432171,-1.791508
RWI,335.2693,-0.9409608,0.8430961,-1.791501
RWI,335.2775,-0.9409006,0.8431107,-1.791521
RWI,335.2858,-0.9408848,0.8431192,-1.791544
RWI,335.2944,-0.940774,0.8432556,-1.791463
RWI,335.3034,-0.9407704,0.8432421,-1.791505
RWI,335.3107,-0.9407716,0.8432652,-1.791482
RWI,335.3202,-0.9407477,0.8432571,-1.791461
RWI,335.3279,-0.9406379,0.8435433,-1.791404
RWI,335.3359,-0.9406281,0.8434793,-1.791321
RWI,335.3451,-0.9406465,0.8433365,-1.791326
RWI,335.3528,-0.9406104,0.843347,-1.791314
RWI,335.3611,-0.94071,0.8430628,-1.791349
RWI,335.3695,-0.9406749,0.8430483,-1.791321
RWI,335.3777,-0.940614,0.8430423,-1.79136
RWI,335.3862,-0.9406399,0.8429295,-1.791369
RWI,335.3945,-0.9405508,0.8428857,-1.791346
RWI,335.4043,-0.9404209,0.8429808,-1.791316
RWI,335.4112,-0.9402644,0.8431037,-1.791267
RWI,335.4192,-0.9401738,0.8432416,-1.791127
RWI,335.4283,-0.9398345,0.8434572,-1.791023
RWI,335.4358,-0.9395688,0.8434436,-1.790836
RWI,335.444,-0.939175,0.8435444,-1.790683
RWI,335.4534,-0.9388234,0.8435643,-1.790626
RWI,335.4619,-0.9383262,0.8435324,-1.790389
RWI,335.4692,-0.9378784,0.8436216,-1.790245
RWI,335.4773,-0.9374667,0.8436424,-1.790132
RWI,335.4858,-0.9368101,0.8438613,-1.789843
RWI,335.4941,-0.9363755,0.8440778,-1.789749
RWI,335.5027,-0.9359629,0.8442276,-1.789562
RWI,335.5114,-0.9354825,0.8445109,-1.789214
RWI,335.5221,-0.9350668,0.8448777,-1.788895
RWI,335.5314,-0.9345449,0.8453184,-1.788654
RWI,335.538,-0.934065,0.8457429,-1.788444
RWI,335.5443,-0.9339366,0.8457862,-1.788363
RWI,335.5511,-0.933678,0.8460224,-1.788306
RWI,335.5595,-0.933611,0.8462099,-1.788288
RWI,335.5678,-0.9335319,0.8464686,-1.788427
RWI,335.5762,-0.9334113,0.8468343,-1.788513
RWI,335.5851,-0.9333055,0.8471819,-1.788647
RWI,335.5931,-0.9335015,0.8475987,-1.788881
RWI,335.601,-0.9336156,0.8478366,-1.788984
RWI,335.6093,-0.9340096,0.8480681,-1.789196
RWI,335.6176,-0.9346621,0.8480535,-1.789471
RWI,335.6265,-0.9349886,0.8482412,-1.78966
RWI,335.6344,-0.9352072,0.8486658,-1.789747
RWI,335.6427,-0.9351525,0.8492391,-1.789568
RWI,335.6512,-0.9349808,0.8498006,-1.78948
RWI,335.6595,-0.934388,0.8502649,-1.789446
RWI,335.6685,-0.9337776,0.850997,-1.7893
RWI,335.676,-0.9330223,0.851809,-1.789259
RWI,335.6844,-0.9324241,0.8529776,-1.789069
RWI,335.6927,-0.931681,0.8545719,-1.789172
RWI,335.7013,-0.9309667,0.8563237,-1.789387
RWI,335.7092,-0.9302062,0.8583937,-1.789954
RWI,335.7184,-0.929171,0.8616117,-1.79012
RWI,335.7266,-0.9270873,0.8649862,-1.789606
RWI,335.7346,-0.9249882,0.8687164,-1.789435
RWI,335.7437,-0.923025,0.8717557,-1.78935
RWI,335.751,-0.9209822,0.875588,-1.789817
RWI,335.7592,-0.9191086,0.8791693,-1.790485
RWI,335.7681,-0.9173028,0.8835722,-1.791315
RWI,335.7758,-0.9152018,0.8885809,-1.792265
RWI,335.7848,-0.9131753,0.8936447,-1.792921
RWI,335.7926,-0.9109929,0.900641,-1.793785
RWI,335.8015,-0.9089017,0.9073195,-1.794469
RWI,335.8098,-0.9071047,0.9148867,-1.795611
RWI,335.8181,-0.9051864,0.9224249,-1.796583
RWI,335.8272,-0.9033796,0.9300658,-1.797846
RWI,335.835,-0.9013462,0.9382742,-1.799047
RWI,335.8438,-0.8991104,0.9467366,-1.800105
RWI,335.8523,-0.8967654,0.9555861,-1.801407
RWI,335.8615,-0.8944974,0.9637534,-1.802504
RWI,335.8687,-0.8921778,0.9722459,-1.803887
RWI,335.8773,-0.8900974,0.9808213,-1.805929
RWI,335.886,-0.8879678,0.9896091,-1.807527
RWI,335.8944,-0.886142,0.9988799,-1.809528
RWI,335.9025,-0.8844426,1.007976,-1.811238
RWI,335.9106,-0.8826563,1.017125,-1.812674
RWI,335.9195,-0.8808748,1.025931,-1.814211
RWI,335.9276,-0.879079,1.034968,-1.815209
RWI,335.9358,-0.8773625,1.043646,-1.816326
RWI,335.9445,-0.8756366,1.051641,-1.81691
RWI,335.9525,-0.8735345,1.059634,-1.817837
RWI,335.9606,-0.8716424,1.068179,-1.818124
RWI,335.9692,-0.8701201,1.076014,-1.818646
RWI,335.9777,-0.8683054,1.084571,-1.819609
RWI,335.9861,-0.866511,1.092665,-1.819116
RWI,335.9938,-0.8644714,1.100564,-1.818951
RWI,336.0025,-0.8631527,1.108351,-1.817896
RWI,336.0109,-0.8612118,1.115582,-1.817045
RWI,336.0192,-0.8595914,1.122934,-1.815959
RWI,336.0275,-0.8580305,1.130295,-1.814687
RWI,336.0358,-0.8567888,1.137111,-1.813084
RWI,336.0439,-0.8548919,1.143999,-1.810913
RWI,336.0535,-0.8541068,1.151488,-1.808504
RWI,336.0616,-0.8525268,1.159168,-1.806174
RWI,336.0691,-0.8508581,1.166585,-1.803912
RWI,336.0776,-0.8499057,1.174249,-1.800984
RWI,336.086,-0.8481386,1.18119,-1.796867
RWI,336.0952,-0.846685,1.188204,-1.793011
RWI,336.1027,-0.84621,1.19623,-1.788326
RWI,336.1105,-0.8449894,1.201447,-1.783801
RWI,336.1193,-0.8453089,1.208067,-1.778936
RWI,336.128,-0.8443612,1.214616,-1.773582
RWI,336.1359,-0.8442152,1.221306,-1.768814
RWI,336.1448,-0.8426787,1.227963,-1.763412
RWI,336.1525,-0.8420544,1.23556,-1.75827
RWI,336.1606,-0.8423544,1.243877,-1.753813
RWI,336.1691,-0.8416338,1.252136,-1.749065
RWI,336.1773,-0.8415487,1.260423,-1.743831
RWI,336.1862,-0.8409408,1.269281,-1.738702
RWI,336.1941,-0.8404405,1.277665,-1.732705
RWI,336.2026,-0.8400307,1.285516,-1.726974
RWI,336.2109,-0.8399771,1.291739,-1.720223
RWI,336.219,-0.8399082,1.29878,-1.714093
RWI,336.2278,-0.8407322,1.305029,-1.708022
RWI,336.2357,-0.8413065,1.311176,-1.701686
RWI,336.2439,-0.8420432,1.317097,-1.695202
RWI,336.2531,-0.8428141,1.323095,-1.689463
RWI,336.2618,-0.8436061,1.329041,-1.682637
RWI,336.2692,-0.8435879,1.335006,-1.676214
RWI,336.2774,-0.8439933,1.340369,-1.669387
RWI,336.2859,-0.8441281,1.345328,-1.663221
RWI,336.2941,-0.8442714,1.349833,-1.65654
RWI,336.3024,-0.8446421,1.353731,-1.649797
RWI,336.3109,-0.8446828,1.357719,-1.643169
RWI,336.3199,-0.8454579,1.360999,-1.636688
RWI,336.328,-0.8460727,1.364062,-1.630455
RWI,336.3362,-0.8470492,1.367404,-1.624159
RWI,336.3447,-0.8478341,1.37001,-1.618324
RWI,336.3527,-0.8482997,1.373273,-1.612302
RWI,336.3607,-0.8489679,1.376003,-1.606676
RWI,336.3692,-0.8498715,1.378118,-1.601221
RWI,336.3777,-0.8505064,1.380929,-1.595433
RWI,336.3862,-0.8518107,1.382999,-1.590115
RWI,336.3945,-0.852695,1.385027,-1.584749
RWI,336.4023,-0.8535657,1.38722,-1.579569
RWI,336.4109,-0.8547753,1.388601,-1.57504
RWI,336.4191,-0.8558736,1.389786,-1.570369
RWI,336.4275,-0.8570747,1.390972,-1.565741
RWI,336.4357,-0.8586617,1.391415,-1.561559
RWI,336.4443,-0.8601469,1.392078,-1.557545
RWI,336.4542,-0.8613385,1.392751,-1.553933
RWI,336.4648,-0.8629245,1.393863,-1.549103
RWI,336.4707,-0.8643016,1.395694,-1.544537
RWI,336.4758,-0.8651243,1.396384,-1.541859
RWI,336.4834,-0.8657738,1.396922,-1.539703
RWI,336.4918,-0.8664913,1.397618,-1.536883
RWI,336.5002,-0.8677269,1.398072,-1.533721
RWI,336.5083,-0.8688933,1.398102,-1.531395
RWI,336.5176,-0.8697643,1.397677,-1.528675
RWI,336.525,-0.871214,1.397661,-1.52629
RWI,336.5335,-0.8722779,1.397409,-1.524437
RWI,336.5428,-0.8731093,1.397462,-1.52217
RWI,336.5503,-0.8738412,1.397691,-1.520706
RWI,336.5583,-0.8744617,1.39771,-1.518756
RWI,336.5669,-0.8747878,1.398097,-1.517502
RWI,336.575,-0.8757197,1.398338,-1.516359
RWI,336.584,-0.8760472,1.398487,-1.515133
RWI,336.5917,-0.8766378,1.39861,-1.513883
RWI,336.6006,-0.8769709,1.398729,-1.512983
RWI,336.6086,-0.876982,1.398527,-1.51223
RWI,336.6168,-0.8771992,1.398181,-1.51176
RWI,336.6255,-0.877568,1.397896,-1.510974
RWI,336.6335,-0.8778138,1.397129,-1.511271
RWI,336.6419,-0.8778452,1.396168,-1.51138
RWI,336.6508,-0.8772869,1.39539,-1.511718
RWI,336.6588,-0.8762793,1.394356,-1.511862
RWI,336.6671,-0.8749142,1.394326,-1.51175
RWI,336.6751,-0.8736843,1.394354,-1.511392
RWI,336.6888,-0.8721446,1.39431,-1.511214
RWI,336.6942,-0.8707486,1.392786,-1.512251
RWI,336.7003,-0.8699049,1.392227,-1.512774
RWI,336.7087,-0.8691215,1.391867,-1.513092
RWI,336.7171,-0.8682391,1.391955,-1.513493
RWI,336.7257,-0.8676363,1.391625,-1.514046
RWI,336.7391,-0.8667327,1.391672,-1.514906
RWI,336.7469,-0.8657904,1.391886,-1.515635
RWI,336.7527,-0.8647036,1.392342,-1.515957
RWI,336.7638,-0.8640206,1.392742,-1.516129
RWI,336.7725,-0.86236,1.393543,-1.516779
RWI,336.7776,-0.8608215,1.393219,-1.516892
RWI,336.7845,-0.8599086,1.393114,-1.517187
RWI,336.792,-0.859211,1.393173,-1.51759
RWI,336.8,-0.8584991,1.393097,-1.518436
RWI,336.8088,-0.8582208,1.392335,-1.51942
RWI,336.8167,-0.8578052,1.39224,-1.520332
RWI,336.8255,-0.857836,1.392252,-1.52155
RWI,336.8338,-0.8572799,1.392296,-1.522352
RWI,336.8417,-0.8567008,1.392764,-1.523277
RWI,336.851,-0.8560275,1.392722,-1.523832
RWI,336.8584,-0.8552044,1.392824,-1.524363
RWI,336.8669,-0.8545089,1.393191,-1.525162
RWI,336.8752,-0.8537341,1.393168,-1.525694
RWI,336.8839,-0.8529854,1.393122,-1.526332
RWI,336.8922,-0.8524554,1.393044,-1.527242
RWI,336.9001,-0.8518202,1.393052,-1.528002
RWI,336.9086,-0.8511352,1.392994,-1.528828
RWI,336.917,-0.8505288,1.393018,-1.529727
RWI,336.9255,-0.8501996,1.39262,-1.530573
RWI,336.9339,-0.8495572,1.39264,-1.531558
RWI,336.943,-0.8486629,1.393289,-1.532362
RWI,336.9501,-0.8479489,1.393498,-1.533394
RWI,336.9584,-0.847088,1.393491,-1.534685
RWI,336.9671,-0.846324,1.393853,-1.535888
RWI,336.9751,-0.8455944,1.393759,-1.537402
RWI,336.9837,-0.8448769,1.39373,-1.538995
RWI,336.9919,-0.8439296,1.393744,-1.540792
RWI,337.0001,-0.8428689,1.393298,-1.542927
RWI,337.0083,-0.8417061,1.39294,-1.544779
RWI,337.0171,-0.8404598,1.392706,-1.546767
RWI,337.0255,-0.8390007,1.392351,-1.548862
RWI,337.0335,-0.8374508,1.391934,-1.551059
RWI,337.0419,-0.8358851,1.391856,-1.553297
RWI,337.0508,-0.8341292,1.391367,-1.555739
RWI,337.0591,-0.8320398,1.391083,-1.558061
RWI,337.067,-0.829951,1.390482,-1.56059
RWI,337.075,-0.8277802,1.389743,-1.563219
RWI,337.0844,-0.8255183,1.388467,-1.566047
RWI,337.0921,-0.8231075,1.387499,-1.568896
RWI,337.1002,-0.8204712,1.385947,-1.571446
RWI,337.1085,-0.8178744,1.384807,-1.574185
RWI,337.1172,-0.8149145,1.383085,-1.577173
RWI,337.1257,-0.8118653,1.380987,-1.580545
RWI,337.1343,-0.808845,1.379088,-1.583506
RWI,337.1436,-0.8055376,1.377511,-1.586448
RWI,337.1511,-0.8023957,1.375523,-1.589373
RWI,337.1599,-0.7994125,1.373783,-1.592429
RWI,337.1682,-0.795869,1.371501,-1.595663
RWI,337.1768,-0.7924967,1.369379,-1.598718
RWI,337.1858,-0.7885215,1.366799,-1.60178
RWI,337.1938,-0.7850562,1.364301,-1.604927
RWI,337.2023,-0.7814976,1.361474,-1.608074
RWI,337.2111,-0.7779956,1.358757,-1.611233
RWI,337.2189,-0.774332,1.356201,-1.614154
RWI,337.2275,-0.7706777,1.353485,-1.617108
RWI,337.2359,-0.7670738,1.350679,-1.620314
RWI,337.2437,-0.7635165,1.347768,-1.623385
RWI,337.2527,-0.7598908,1.344826,-1.626347
RWI,337.2615,-0.7562387,1.341881,-1.629413
RWI,337.2691,-0.7526146,1.33898,-1.632397
RWI,337.2771,-0.7488943,1.33604,-1.635492
RWI,337.2856,-0.7452282,1.333215,-1.638251
RWI,337.2938,-0.7417579,1.330328,-1.640894
RWI,337.3024,-0.7381721,1.327343,-1.643712
RWI,337.3102,-0.7346178,1.324061,-1.646627
RWI,337.3194,-0.7311686,1.320997,-1.649379
RWI,337.3272,-0.7278941,1.317819,-1.652612
RWI,337.336,-0.7244209,1.314579,-1.655366
RWI,337.3448,-0.7211052,1.311372,-1.658424
RWI,337.3542,-0.7176154,1.308067,-1.661324
RWI,337.3629,-0.7132893,1.304174,-1.664659
RWI,337.3689,-0.7100033,1.300653,-1.667623
RWI,337.3773,-0.7072951,1.297789,-1.670047
RWI,337.3861,-0.7041346,1.294011,-1.673109
RWI,337.3941,-0.7010937,1.290055,-1.676088
RWI,337.4026,-0.6982508,1.285989,-1.679292
RWI,337.4107,-0.695102,1.282079,-1.682496
RWI,337.4187,-0.6922966,1.277855,-1.685301
RWI,337.4278,-0.6893605,1.273744,-1.688432
RWI,337.4357,-0.6864561,1.269474,-1.691509
RWI,337.4438,-0.6837722,1.264852,-1.694686
RWI,337.4527,-0.6809663,1.260355,-1.697759
RWI,337.4612,-0.6782278,1.255688,-1.700784
RWI,337.4691,-0.6756377,1.250974,-1.703777
RWI,337.4773,-0.6731235,1.246042,-1.706717
RWI,337.4857,-0.6708384,1.241101,-1.709695
RWI,337.4937,-0.6685778,1.235945,-1.712516
RWI,337.5024,-0.6665961,1.230511,-1.715145
RWI,337.5109,-0.6642027,1.22541,-1.717822
RWI,337.5197,-0.6622707,1.219791,-1.72064
RWI,337.5272,-0.6598248,1.214497,-1.723218
RWI,337.5356,-0.6577944,1.208992,-1.725829
RWI,337.5443,-0.6558031,1.203197,-1.728266
RWI,337.552,-0.6538157,1.197373,-1.730784
RWI,337.561,-0.6519197,1.191766,-1.733167
RWI,337.5687,-0.6505443,1.185568,-1.735707
RWI,337.577,-0.6488501,1.179797,-1.737966
RWI,337.5858,-0.6474062,1.173517,-1.739912
RWI,337.5941,-0.6460559,1.167292,-1.741914
RWI,337.6025,-0.6447163,1.160906,-1.743822
RWI,337.6105,-0.6434116,1.154445,-1.745551
RWI,337.6187,-0.6425119,1.147826,-1.747408
RWI,337.6276,-0.6412315,1.141303,-1.748709
RWI,337.6359,-0.6398574,1.135076,-1.75018
RWI,337.6442,-0.638693,1.12863,-1.751457
RWI,337.6524,-0.6375894,1.122078,-1.752629
RWI,337.6614,-0.6365151,1.115462,-1.753474
RWI,337.6688,-0.63539,1.108815,-1.754445
RWI,337.6773,-0.6343144,1.102098,-1.755238
RWI,337.6858,-0.6333836,1.095198,-1.756011
RWI,337.6937,-0.632436,1.088325,-1.756644
RWI,337.7023,-0.6318468,1.081449,-1.757547
RWI,337.7105,-0.6310467,1.074611,-1.758227
RWI,337.7205,-0.6304928,1.068231,-1.758885
RWI,337.7271,-0.6301703,1.061172,-1.759575
RWI,337.7355,-0.6298637,1.054733,-1.760125
RWI,337.7445,-0.6296066,1.048041,-1.760597
RWI,337.7521,-0.6291155,1.041256,-1.760921
RWI,337.7608,-0.6286256,1.035095,-1.761154
RWI,337.769,-0.6280454,1.028631,-1.761276
RWI,337.7769,-0.6274245,1.021997,-1.761264
RWI,337.786,-0.6268311,1.015549,-1.761361
RWI,337.7939,-0.6262369,1.009081,-1.76138
RWI,337.8022,-0.625854,1.002625,-1.761293
RWI,337.8108,-0.625606,0.9966149,-1.76115
RWI,337.8187,-0.6253294,0.9903395,-1.761178
RWI,337.8277,-0.6250575,0.9850602,-1.761119
RWI,337.8354,-0.6248809,0.9790977,-1.761014
RWI,337.8442,-0.6247532,0.9734043,-1.760886
RWI,337.8525,-0.6248128,0.967692,-1.760987
RWI,337.8612,-0.6247125,0.9626295,-1.760948
RWI,337.8687,-0.6245443,0.9569902,-1.760924
RWI,337.8773,-0.6244427,0.9518251,-1.760811
RWI,337.8854,-0.624355,0.9465873,-1.760635
RWI,337.8943,-0.6241747,0.941716,-1.760475
RWI,337.9021,-0.6240475,0.9370157,-1.760302
RWI,337.9102,-0.6238967,0.9324245,-1.760059
RWI,337.9191,-0.6237139,0.9277095,-1.759752
RWI,337.9272,-0.6236784,0.9232647,-1.759355
RWI,337.9355,-0.623569,0.9188722,-1.758996
RWI,337.9443,-0.6234061,0.9145967,-1.758643
RWI,337.9519,-0.623073,0.9103054,-1.757976
RWI,337.9608,-0.6229714,0.9061266,-1.757474
RWI,337.9687,-0.622766,0.9022408,-1.756872
RWI,337.9771,-0.6225497,0.8980756,-1.756304
RWI,337.9863,-0.6223056,0.8942364,-1.755594
RWI,337.9937,-0.6221708,0.8902678,-1.754924
RWI,338.0023,-0.6222942,0.8862913,-1.754343
RWI,338.0104,-0.6221909,0.8822085,-1.753746
RWI,338.0189,-0.6223779,0.8783073,-1.753137
RWI,338.0273,-0.6222906,0.8743626,-1.752446
RWI,338.0354,-0.6223212,0.8705607,-1.751717
RWI,338.0436,-0.6223644,0.8668752,-1.751003
RWI,338.0534,-0.6225259,0.8630726,-1.750327
RWI,338.061,-0.6227653,0.8593037,-1.749562
RWI,338.0688,-0.6230228,0.855619,-1.749007
RWI,338.0772,-0.6236477,0.8520417,-1.748568
RWI,338.0891,-0.6241225,0.8489231,-1.747957
RWI,338.0943,-0.6247097,0.844326,-1.747081
RWI,338.1027,-0.6250304,0.8418956,-1.746595
RWI,338.1107,-0.6253951,0.838812,-1.746064
RWI,338.119,-0.625754,0.8358806,-1.745422
RWI,338.1275,-0.6260219,0.8327231,-1.74483
RWI,338.1353,-0.626307,0.8297523,-1.744154
RWI,338.1448,-0.6265619,0.8269768,-1.743464
RWI,338.1523,-0.6267633,0.8241656,-1.74281
RWI,338.1603,-0.627089,0.8215398,-1.742097
RWI,338.1686,-0.6272514,0.8190185,-1.741329
RWI,338.177,-0.6274173,0.8165323,-1.740414
RWI,338.1861,-0.6274644,0.814063,-1.73959
RWI,338.1937,-0.6275284,0.8115792,-1.738571
RWI,338.2021,-0.6274909,0.8091286,-1.73765
RWI,338.2105,-0.6273478,0.8067051,-1.736774
RWI,338.2188,-0.6272834,0.8041795,-1.735661
RWI,338.2276,-0.6272236,0.8016539,-1.734787
RWI,338.2355,-0.6272018,0.7992029,-1.733788
RWI,338.2438,-0.6271733,0.7967188,-1.733028
RWI,338.2525,-0.6271248,0.7942598,-1.732153
RWI,338.2613,-0.6270164,0.7916338,-1.731217
RWI,338.2691,-0.6268445,0.7893369,-1.730464
RWI,338.2768,-0.6268299,0.7867645,-1.729697
RWI,338.2854,-0.626722,0.7844134,-1.728997
RWI,338.2938,-0.6266569,0.7817913,-1.728268
RWI,338.3024,-0.6265607,0.7789829,-1.727543
RWI,338.3105,-0.6266348,0.7763925,-1.727065
RWI,338.3191,-0.6267835,0.7736521,-1.726404
RWI,338.3272,-0.6270599,0.7711118,-1.725836
RWI,338.3358,-0.6271538,0.7685148,-1.72515
RWI,338.3445,-0.6272696,0.7661613,-1.724645
RWI,338.3591,-0.6275033,0.7636506,-1.72396
RWI,338.3703,-0.6277887,0.7593587,-1.72289
RWI,338.3771,-0.6281762,0.7561053,-1.72232
RWI,338.3859,-0.6283666,0.7539589,-1.721844
RWI,338.394,-0.6286703,0.7514263,-1.7212
RWI,338.4021,-0.6290878,0.7490407,-1.720784
RWI,338.4107,-0.6294652,0.7466829,-1.720167
RWI,338.4186,-0.6299258,0.74431,-1.719718
RWI,338.4272,-0.6304126,0.7419526,-1.719207
RWI,338.4355,-0.6309209,0.7396507,-1.718827
RWI,338.4439,-0.6312453,0.7374819,-1.718398
RWI,338.4532,-0.631616,0.7353102,-1.718035
RWI,338.4612,-0.6319748,0.7332311,-1.717768
RWI,338.4692,-0.632198,0.7309126,-1.717334
RWI,338.4769,-0.632531,0.7286585,-1.716965
RWI,338.4856,-0.6328542,0.7266754,-1.71678
RWI,338.4935,-0.6332309,0.7244877,-1.716577
RWI,338.502,-0.6335382,0.7224932,-1.716515
RWI,338.5102,-0.6339163,0.7204448,-1.716383
RWI,338.5198,-0.634261,0.7184786,-1.716223
RWI,338.5277,-0.6345753,0.7164249,-1.716002
RWI,338.5352,-0.6349074,0.7144546,-1.715855
RWI,338.5445,-0.6352164,0.7127147,-1.715741
RWI,338.5521,-0.635695,0.7108203,-1.71573
RWI,338.5601,-0.6361262,0.7089696,-1.71559
RWI,338.5687,-0.6365405,0.7072994,-1.715515
RWI,338.5773,-0.6369382,0.7055489,-1.715413
RWI,338.5859,-0.637226,0.7039713,-1.715389
RWI,338.5938,-0.6376953,0.7021238,-1.715133
RWI,338.6022,-0.6382136,0.7005215,-1.715004
RWI,338.6104,-0.638527,0.6989357,-1.714815
RWI,338.6188,-0.6389134,0.6973721,-1.714673
RWI,338.6274,-0.6392496,0.6958431,-1.714505
RWI,338.6356,-0.6396519,0.6943817,-1.714393
RWI,338.6438,-0.6399153,0.6930136,-1.714226
RWI,338.6523,-0.6401555,0.6916291,-1.714015
RWI,338.6607,-0.6405309,0.690369,-1.713872
RWI,338.6686,-0.6407092,0.6891267,-1.713468
RWI,338.6771,-0.6408621,0.6879314,-1.713166
RWI,338.6852,-0.641066,0.686545,-1.712882
RWI,338.6935,-0.6411752,0.6854411,-1.712606
RWI,338.702,-0.6414359,0.6840507,-1.712318
RWI,338.7103,-0.6415753,0.6829537,-1.712091
RWI,338.7187,-0.6416988,0.6819394,-1.711881
RWI,338.7279,-0.6416854,0.6808102,-1.711539
RWI,338.7353,-0.6417873,0.6798018,-1.711346
RWI,338.7442,-0.6418611,0.6790187,-1.711359
RWI,338.752,-0.6419337,0.6780432,-1.711138
RWI,338.7607,-0.6421137,0.6773311,-1.711091
RWI,338.7688,-0.6423132,0.6765931,-1.711001
RWI,338.7768,-0.6425115,0.6759791,-1.710929
RWI,338.7854,-0.6427808,0.6753104,-1.711
RWI,338.794,-0.6431012,0.6747556,-1.711071
RWI,338.8019,-0.643392,0.6741614,-1.711102
RWI,338.8103,-0.643804,0.6735328,-1.711061
RWI,338.8185,-0.644187,0.6729451,-1.711165
RWI,338.8274,-0.6445437,0.6724984,-1.711278
RWI,338.8354,-0.6449121,0.6720015,-1.711379
RWI,338.8434,-0.6454323,0.6715271,-1.711463
RWI,338.8534,-0.6459187,0.6711186,-1.711661
RWI,338.8611,-0.6463379,0.6708502,-1.711866
RWI,338.869,-0.6468909,0.670626,-1.712115
RWI,338.8832,-0.6474724,0.6702337,-1.71225
RWI,338.8885,-0.6483223,0.6696455,-1.71276
RWI,338.8938,-0.64879,0.6693114,-1.713002
RWI,338.8997,-0.6491932,0.6691524,-1.713254
RWI,338.9081,-0.6495984,0.6690658,-1.713495
RWI,338.9167,-0.650259,0.6688101,-1.71386
RWI,338.925,-0.6509528,0.6685259,-1.714231
RWI,338.9332,-0.6515644,0.6683247,-1.714664
RWI,338.9425,-0.6523043,0.6679682,-1.715083
RWI,338.9496,-0.6530365,0.6676183,-1.715531
RWI,338.9584,-0.6537522,0.6672418,-1.715986
RWI,338.9664,-0.6545208,0.6668994,-1.716612
RWI,338.9747,-0.6551842,0.6663867,-1.717015
RWI,338.9837,-0.6558445,0.665979,-1.717485
RWI,338.9916,-0.6566266,0.6655982,-1.718093
RWI,338.9996,-0.6573139,0.6652871,-1.718682
RWI,339.0079,-0.6582527,0.6650043,-1.719356
RWI,339.0164,-0.6592507,0.6646715,-1.720094
RWI,339.0251,-0.6603563,0.6643128,-1.720919
RWI,339.0331,-0.6612647,0.6639761,-1.721627
RWI,339.0414,-0.6625597,0.6635263,-1.72247
RWI,339.0498,-0.6638036,0.6631599,-1.723322
RWI,339.0584,-0.664898,0.6629596,-1.724182
RWI,339.0669,-0.6661251,0.6625139,-1.724988
RWI,339.0749,-0.6673006,0.6620767,-1.725822
RWI,339.0843,-0.6687073,0.6615041,-1.726673
RWI,339.0916,-0.6703249,0.6608981,-1.727586
RWI,339.0999,-0.671756,0.6605172,-1.728323
RWI,339.1085,-0.6733965,0.6600211,-1.729189
RWI,339.1168,-0.6751943,0.6595836,-1.730017
RWI,339.1249,-0.6769834,0.6591814,-1.730585
RWI,339.133,-0.678453,0.658682,-1.731005
RWI,339.1427,-0.680144,0.6580607,-1.731325
RWI,339.1496,-0.6817461,0.6575174,-1.731434
RWI,339.158,-0.6834087,0.6575106,-1.73163
RWI,339.1663,-0.6851358,0.6567646,-1.731465
RWI,339.1746,-0.6868309,0.6562652,-1.731213
RWI,339.1848,-0.6890255,0.6558187,-1.731161
RWI,339.1923,-0.6905749,0.6549154,-1.730699
RWI,339.1995,-0.6922179,0.6544355,-1.729777
RWI,339.208,-0.6935265,0.654371,-1.729099
RWI,339.2163,-0.695196,0.6540059,-1.728533
RWI,339.2253,-0.6967558,0.6541302,-1.727684
RWI,339.2332,-0.6984884,0.6546044,-1.727133
RWI,339.2418,-0.700374,0.6550878,-1.726787
RWI,339.2509,-0.7007967,0.6564239,-1.724989
RWI,339.2589,-0.7008715,0.6575935,-1.723037
RWI,339.2684,-0.6996081,0.6588293,-1.718779
RWI,339.2757,-0.6994939,0.6592082,-1.715588
RWI,339.2847,-0.6988004,0.6597208,-1.71283
RWI,339.2934,-0.6977283,0.6611747,-1.711399
RWI,339.3016,-0.6965789,0.6630264,-1.711373
RWI,339.3102,-0.6952333,0.6648885,-1.711442
RWI,339.3192,-0.6937283,0.6660045,-1.710823
RWI,339.3271,-0.6919533,0.6674414,-1.710621
RWI,339.3356,-0.6904924,0.6684868,-1.7103
RWI,339.3464,-0.6877444,0.6698597,-1.710989
RWI,339.352,-0.6852554,0.6718745,-1.711724
RWI,339.3605,-0.6833301,0.6730924,-1.712106
RWI,339.3683,-0.681167,0.6759557,-1.713656
RWI,339.3774,-0.6788734,0.6779596,-1.714538
RWI,339.3886,-0.6766337,0.680191,-1.715515
RWI,339.398,-0.6733622,0.6832797,-1.716663
RWI,339.4032,-0.670562,0.6869461,-1.718332
RWI,339.4081,-0.6690699,0.6883621,-1.718744
RWI,339.4163,-0.6669381,0.6897147,-1.719107
RWI,339.425,-0.6647705,0.6919655,-1.719978
RWI,339.4333,-0.6619931,0.6943586,-1.720687
RWI,339.4413,-0.659713,0.6965612,-1.721879
RWI,339.4497,-0.6570803,0.6992307,-1.722939
RWI,339.4581,-0.6546121,0.7021623,-1.724463
RWI,339.4665,-0.652798,0.7045798,-1.725909
RWI,339.4749,-0.6504736,0.7072312,-1.727355
RWI,339.483,-0.6490529,0.7105095,-1.729159
RWI,339.4911,-0.647267,0.7135256,-1.730847
RWI,339.4995,-0.6459687,0.7166271,-1.732608
RWI,339.5081,-0.6442864,0.7196425,-1.734329
RWI,339.5169,-0.6428425,0.7229829,-1.736045
RWI,339.5249,-0.6415073,0.7260057,-1.737636
RWI,339.5332,-0.6400807,0.72916,-1.739348
RWI,339.5421,-0.6393338,0.7328301,-1.741039
RWI,339.5496,-0.638331,0.7362179,-1.74291
RWI,339.5582,-0.6374055,0.7398615,-1.74441
RWI,339.5665,-0.6367673,0.7432866,-1.745962
RWI,339.5744,-0.6359375,0.746891,-1.747511
RWI,339.5833,-0.6352208,0.7505342,-1.748836
RWI,339.5913,-0.6345437,0.7542927,-1.750155
RWI,339.5993,-0.6339198,0.7579296,-1.751539
RWI,339.6081,-0.6338909,0.7618746,-1.752953
RWI,339.6165,-0.6340055,0.7657763,-1.754441
RWI,339.6249,-0.6344763,0.7696583,-1.755975
RWI,339.633,-0.6352003,0.773644,-1.75782
RWI,339.6414,-0.636162,0.7775354,-1.759503
RWI,339.6496,-0.637423,0.7815229,-1.761322
RWI,339.6585,-0.6388339,0.7854623,-1.762965
RWI,339.6665,-0.6407162,0.7896245,-1.764766
RWI,339.6746,-0.6422545,0.7938139,-1.766383
RWI,339.6832,-0.643754,0.7976484,-1.767924
RWI,339.6912,-0.6455984,0.8015548,-1.769575
RWI,339.6998,-0.6474358,0.8055602,-1.771037
RWI,339.7081,-0.649455,0.8092119,-1.772717
RWI,339.7171,-0.6516274,0.8131211,-1.774305
RWI,339.7253,-0.6538799,0.8167992,-1.77587
RWI,339.734,-0.6569383,0.8202654,-1.777514
RWI,339.7432,-0.6598597,0.8235014,-1.779269
RWI,339.7505,-0.6629375,0.8268937,-1.780896
RWI,339.7596,-0.665815,0.8301514,-1.782477
RWI,339.768,-0.6687387,0.8333119,-1.784
RWI,339.7761,-0.6719369,0.8365918,-1.785409
RWI,339.7847,-0.6751596,0.8393388,-1.786823
RWI,339.793,-0.6788,0.842558,-1.78829
RWI,339.802,-0.6824332,0.8454844,-1.789505
RWI,339.8101,-0.6863193,0.848518,-1.790774
RWI,339.8186,-0.6900853,0.8514131,-1.791915
RWI,339.8269,-0.6941891,0.8542901,-1.793103
RWI,339.8357,-0.6983684,0.8571995,-1.794417
RWI,339.8432,-0.7029402,0.8597444,-1.795445
RWI,339.8521,-0.7075384,0.8621407,-1.79652
RWI,339.8611,-0.7124897,0.864876,-1.797638
RWI,339.8686,-0.7171421,0.8670304,-1.798534
RWI,339.8771,-0.721985,0.8694494,-1.799725
RWI,339.885,-0.7269194,0.8714707,-1.800537
RWI,339.8939,-0.7318776,0.8734631,-1.80137
RWI,339.9018,-0.7370304,0.8752206,-1.802221
RWI,339.9099,-0.7419479,0.8771937,-1.803014
RWI,339.9189,-0.7468685,0.8791111,-1.803779
RWI,339.9268,-0.7517693,0.8808611,-1.804165
RWI,339.9349,-0.756724,0.8826463,-1.804796
RWI,339.9441,-0.7615911,0.8840641,-1.805076
RWI,339.9515,-0.7667357,0.8858856,-1.805699
RWI,339.9601,-0.7717172,0.8872607,-1.806053
RWI,339.9683,-0.7768466,0.8887927,-1.806407
RWI,339.9767,-0.7819103,0.8901175,-1.806802
RWI,339.9857,-0.7868964,0.8915718,-1.806981
RWI,339.9934,-0.7918773,0.8932063,-1.807081
RWI,340.0016,-0.7967848,0.8943706,-1.807045
RWI,340.0099,-0.8017796,0.8956465,-1.806988
RWI,340.019,-0.8067507,0.8969447,-1.806923
RWI,340.0268,-0.8119369,0.8982268,-1.807069
RWI,340.035,-0.8171877,0.8994443,-1.807029
RWI,340.0432,-0.8224139,0.9003358,-1.806946
RWI,340.0524,-0.8275938,0.9014135,-1.807087
RWI,340.0607,-0.8326885,0.902169,-1.806937
RWI,340.0688,-0.8376373,0.9029198,-1.806853
RWI,340.0765,-0.8425561,0.9034165,-1.806352
RWI,340.0852,-0.8472944,0.9037096,-1.806007
RWI,340.0933,-0.8522744,0.9040231,-1.805648
RWI,340.1021,-0.8570764,0.9037278,-1.805278
RWI,340.1097,-0.8617196,0.9037755,-1.80505
RWI,340.1194,-0.8659562,0.9038815,-1.804532
RWI,340.1264,-0.8702242,0.9039409,-1.803954
RWI,340.1352,-0.8740622,0.9042243,-1.803349
RWI,340.1447,-0.8779848,0.90425,-1.802637
RWI,340.1517,-0.8818181,0.9045316,-1.802424
RWI,340.1601,-0.8857942,0.904043,-1.802043
RWI,340.1684,-0.8897031,0.9039614,-1.801836
RWI,340.1771,-0.8936152,0.9035308,-1.801762
RWI,340.1863,-0.8974583,0.9029336,-1.801602
RWI,340.1935,-0.9007478,0.9027427,-1.80122
RWI,340.2021,-0.904081,0.9025298,-1.800792
RWI,340.21,-0.9071126,0.9021494,-1.800209
RWI,340.2184,-0.9103224,0.9017646,-1.799855
RWI,340.2271,-0.9132231,0.9013196,-1.799354
RWI,340.2354,-0.916135,0.9008202,-1.799084
RWI,340.2431,-0.9190848,0.9002742,-1.798928
RWI,340.2519,-0.9216309,0.8999579,-1.798781
RWI,340.2604,-0.9242382,0.8991682,-1.798692
RWI,340.2683,-0.9262354,0.8986174,-1.7985
RWI,340.2766,-0.928094,0.8979373,-1.798165
RWI,340.285,-0.9296233,0.8974785,-1.797723
RWI,340.2933,-0.9313291,0.8971519,-1.797246
RWI,340.3019,-0.9329165,0.8966028,-1.796678
RWI,340.3102,-0.9342901,0.8959328,-1.796283
RWI,340.3186,-0.9360285,0.8949482,-1.796086
RWI,340.3267,-0.9374625,0.8943006,-1.7961
RWI,340.3353,-0.9389501,0.8932387,-1.795972
RWI,340.3442,-0.9404393,0.8921923,-1.795766
RWI,340.353,-0.9414904,0.8912155,-1.79545
RWI,340.3599,-0.942791,0.8901451,-1.795307
RWI,340.3686,-0.9434562,0.8897489,-1.795194
RWI,340.3766,-0.944518,0.8890705,-1.795089
RWI,340.3854,-0.9452567,0.8884615,-1.795046
RWI,340.3939,-0.9461874,0.8878206,-1.79502
RWI,340.4016,-0.9468258,0.8873684,-1.795024
RWI,340.4099,-0.9473308,0.8866753,-1.794769
RWI,340.4183,-0.9480262,0.8859641,-1.794724
RWI,340.4268,-0.9486284,0.8850251,-1.794624
RWI,340.4351,-0.9495179,0.8840988,-1.794695
RWI,340.4432,-0.9501741,0.8832048,-1.794821
RWI,340.4525,-0.9509209,0.8823855,-1.79495
RWI,340.4601,-0.9519947,0.8815796,-1.79556
RWI,340.4687,-0.9528978,0.8812129,-1.796017
RWI,340.4766,-0.9538966,0.8807182,-1.796417
RWI,340.4853,-0.9548981,0.8806235,-1.796541
RWI,340.4931,-0.9557205,0.8805597,-1.796404
RWI,340.5015,-0.9565488,0.880621,-1.796404
RWI,340.5096,-0.9573302,0.8804924,-1.796079
RWI,340.5191,-0.9584278,0.8804716,-1.795907
RWI,340.5268,-0.9593695,0.8806319,-1.795525
RWI,340.5352,-0.9604415,0.8807831,-1.795177
RWI,340.544,-0.9615864,0.8809022,-1.795004
RWI,340.5514,-0.9629908,0.880717,-1.79483
RWI,340.5596,-0.9642431,0.8806055,-1.794733
RWI,340.5685,-0.9656466,0.8805313,-1.794729
RWI,340.5762,-0.9672926,0.8805537,-1.794525
RWI,340.5855,-0.9685866,0.8804382,-1.794348
RWI,340.5934,-0.9703121,0.8803768,-1.794207
RWI,340.6015,-0.971849,0.8802882,-1.794262
RWI,340.6104,-0.973033,0.880218,-1.794018
RWI,340.6181,-0.9741935,0.8803887,-1.793817
RWI,340.6269,-0.9751179,0.8805233,-1.793636
RWI,340.6349,-0.9760137,0.8806368,-1.793514
RWI,340.6433,-0.9764117,0.8810478,-1.793314
RWI,340.6527,-0.977067,0.8813229,-1.793075
RWI,340.6602,-0.9774271,0.881489,-1.792899
RWI,340.6682,-0.9775735,0.8819221,-1.792661
RWI,340.6764,-0.9775336,0.8820026,-1.792568
RWI,340.6848,-0.9777155,0.8821413,-1.7923
RWI,340.6933,-0.9772001,0.8823654,-1.792077
RWI,340.7016,-0.976894,0.8824024,-1.791625
RWI,340.7099,-0.9767746,0.8824757,-1.791294
RWI,340.7184,-0.9764351,0.8821854,-1.79103
RWI,340.7267,-0.9759665,0.8819898,-1.790717
RWI,340.7351,-0.9755471,0.8817227,-1.790492
RWI,340.7437,-0.9752092,0.881417,-1.790388
RWI,340.7516,-0.9747725,0.8810446,-1.790252
RWI,340.7596,-0.9742271,0.8804898,-1.790127
RWI,340.7689,-0.9736596,0.8800105,-1.790094
RWI,340.7767,-0.9730734,0.8795452,-1.790039
RWI,340.7856,-0.9726176,0.8788284,-1.790019
RWI,340.7933,-0.9719284,0.8782936,-1.78998
RWI,340.8015,-0.9712332,0.8777746,-1.789959
RWI,340.8096,-0.9705998,0.8770262,-1.790106
RWI,340.8183,-0.9698181,0.8764711,-1.790169
RWI,340.8265,-0.9690154,0.8759407,-1.790318
RWI,340.8349,-0.9682542,0.8752721,-1.790498
RWI,340.8428,-0.9672889,0.8748893,-1.790891
RWI,340.8523,-0.9665873,0.8744254,-1.791244
RWI,340.8602,-0.9659392,0.8740169,-1.791635
RWI,340.8683,-0.9653184,0.8735805,-1.792064
RWI,340.8766,-0.9646811,0.8733391,-1.792604
RWI,340.8846,-0.9641286,0.8730574,-1.792941
RWI,340.8932,-0.9636753,0.8729902,-1.793098
RWI,340.9016,-0.963455,0.8726487,-1.793257
RWI,340.9099,-0.9629475,0.8725559,-1.793531
RWI,340.9183,-0.9625699,0.8724243,-1.793742
RWI,340.9273,-0.9621515,0.8722702,-1.794003
RWI,340.9348,-0.9615284,0.8720818,-1.79439
RWI,340.9439,-0.9610747,0.8719285,-1.794724
RWI,340.9513,-0.9607012,0.8717166,-1.795069
RWI,340.9599,-0.9604228,0.8715229,-1.795469
RWI,340.9682,-0.9602868,0.8714245,-1.79568
RWI,340.9763,-0.9601364,0.87129,-1.795934
RWI,340.9856,-0.959957,0.8713136,-1.796033
RWI,340.993,-0.9599091,0.8711423,-1.796128
RWI,341.0013,-0.9598088,0.8710325,-1.79618
RWI,341.0096,-0.9595709,0.8709713,-1.7964
RWI,341.0184,-0.959425,0.8709546,-1.796504
RWI,341.0265,-0.9591268,0.8708531,-1.796727
RWI,341.0348,-0.9590261,0.8708585,-1.796941
RWI,341.0429,-0.9587553,0.8710274,-1.79708
RWI,341.0519,-0.9586447,0.8709911,-1.797255
RWI,341.0607,-0.9585177,0.8710346,-1.797359
RWI,341.0684,-0.9582895,0.8711303,-1.797446
RWI,341.0762,-0.9582097,0.8710783,-1.797585
RWI,341.0852,-0.9581376,0.8709523,-1.797674
RWI,341.0933,-0.9579823,0.8710338,-1.797942
RWI,341.1014,-0.9580417,0.8708743,-1.797985
RWI,341.1099,-0.9579356,0.8709173,-1.798225
RWI,341.1182,-0.9578741,0.8709143,-1.798383
RWI,341.1265,-0.9576498,0.8710982,-1.798469
RWI,341.1347,-0.957603,0.8710973,-1.798622
RWI,341.144,-0.9576944,0.8711907,-1.798764
RWI,341.1513,-0.9577303,0.8711768,-1.798974
RWI,341.1597,-0.9578419,0.8711129,-1.799067
RWI,341.1684,-0.9579003,0.8710876,-1.799248
RWI,341.1776,-0.9579548,0.8709855,-1.799289
RWI,341.1855,-0.958092,0.8709438,-1.799495
RWI,341.193,-0.9581767,0.8709064,-1.799649
RWI,341.2014,-0.9583744,0.8708064,-1.799712
RWI,341.2097,-0.9585341,0.8707726,-1.799882
RWI,341.218,-0.9588228,0.8706765,-1.800032
RWI,341.2265,-0.9589943,0.870667,-1.800149
RWI,341.235,-0.9591765,0.8707693,-1.8002
RWI,341.2434,-0.9592005,0.8709406,-1.800247
RWI,341.2517,-0.9592974,0.8710096,-1.800187
RWI,341.2595,-0.959452,0.871031,-1.800243
RWI,341.2688,-0.9595429,0.8710759,-1.800373
RWI,341.2764,-0.9599267,0.8709732,-1.800344
RWI,341.2847,-0.9600831,0.8709501,-1.800428
RWI,341.2932,-0.9602101,0.8709693,-1.800505
RWI,341.3013,-0.9603682,0.8709025,-1.800461
RWI,341.3097,-0.9604504,0.8709057,-1.800509
RWI,341.3184,-0.9604075,0.8709649,-1.800378
RWI,341.3269,-0.9604897,0.8709283,-1.800377
RWI,341.3347,-0.9605229,0.8708959,-1.800371
RWI,341.3439,-0.9605708,0.8709377,-1.8003
RWI,341.3518,-0.9605528,0.8708792,-1.800325
RWI,341.3597,-0.9606507,0.8708664,-1.800359
RWI,341.3683,-0.960623,0.8708923,-1.800315
RWI,341.3763,-0.9605729,0.87091,-1.800331
RWI,341.385,-0.9605768,0.8707418,-1.80026
RWI,341.3941,-0.9604935,0.870788,-1.800221
RWI,341.4098,-0.9603687,0.8707821,-1.800283
RWI,341.4179,-0.9600626,0.8709028,-1.80022
RWI,341.4243,-0.959977,0.8708454,-1.80021
RWI,341.4325,-0.9599066,0.8708922,-1.800235
RWI,341.4407,-0.9596885,0.871079,-1.800288
RWI,341.4495,-0.9595525,0.8711288,-1.800313
RWI,341.4576,-0.9593801,0.8711191,-1.800347
RWI,341.466,-0.9592905,0.8710432,-1.800325
RWI,341.4743,-0.9591515,0.8709851,-1.800417
RWI,341.4824,-0.9590003,0.8708289,-1.800483
RWI,341.4909,-0.9588214,0.8707882,-1.800554
RWI,341.499,-0.9588039,0.8705618,-1.800556
RWI,341.5073,-0.9586662,0.8705732,-1.800656
RWI,341.5157,-0.9585326,0.8705528,-1.800717
RWI,341.5247,-0.9584098,0.8705283,-1.800771
RWI,341.5327,-0.9582315,0.8706269,-1.800797
RWI,341.5414,-0.9580872,0.8706171,-1.800866
RWI,341.5492,-0.9579504,0.870649,-1.800893
RWI,341.5574,-0.9580022,0.870537,-1.800911
RWI,341.5659,-0.9578719,0.8705443,-1.800952
RWI,341.5743,-0.9577692,0.8705418,-1.801007
RWI,341.5827,-0.9576649,0.8704917,-1.801076
RWI,341.5916,-0.9575981,0.870559,-1.801135
RWI,341.5991,-0.957454,0.8705901,-1.801259
RWI,341.6074,-0.957399,0.8706026,-1.801203
RWI,341.6158,-0.9572911,0.8707179,-1.801283
RWI,341.6247,-0.9572129,0.8706958,-1.801367
RWI,341.6324,-0.9571717,0.8706838,-1.801435
RWI,341.6407,-0.9570534,0.8707193,-1.801449
RWI,341.6491,-0.9570231,0.8707563,-1.801523
RWI,341.6579,-0.9569575,0.8708378,-1.80156
RWI,341.666,-0.9569726,0.8707318,-1.801619
RWI,341.6743,-0.9569677,0.8707603,-1.801685
RWI,341.6826,-0.956947,0.8707753,-1.801747
RWI,341.6909,-0.9569728,0.8707607,-1.801744
RWI,341.6993,-0.9569969,0.8707739,-1.801835
RWI,341.7076,-0.9570211,0.870724,-1.80191
RWI,341.7156,-0.9570383,0.8707307,-1.801977
RWI,341.7241,-0.9571902,0.8706352,-1.802079
RWI,341.7327,-0.957234,0.8706266,-1.802176
RWI,341.7411,-0.9572755,0.8706139,-1.802272
RWI,341.7493,-0.9572265,0.8706297,-1.802448
RWI,341.7572,-0.9573112,0.8706456,-1.802471
RWI,341.7661,-0.9573899,0.8704652,-1.80245
RWI,341.7741,-0.9574218,0.8704325,-1.802487
RWI,341.783,-0.9575217,0.8704391,-1.802503
RWI,341.791,-0.9575799,0.8704307,-1.802519
RWI,341.7991,-0.9576336,0.8704099,-1.802539
RWI,341.8079,-0.9576218,0.8705481,-1.802532
RWI,341.8163,-0.9576719,0.8705527,-1.802532
RWI,341.8255,-0.9576755,0.870491,-1.802529
RWI,341.8336,-0.9576992,0.8704835,-1.802557
RWI,341.8422,-0.9576139,0.870391,-1.802625
RWI,341.8514,-0.9575643,0.8704547,-1.802589
RWI,341.86,-0.9574739,0.8705799,-1.802522
RWI,341.8682,-0.9572925,0.8707051,-1.802479
RWI,341.8765,-0.9570712,0.8709584,-1.802358
RWI,341.8846,-0.9564903,0.8712202,-1.802275
RWI,341.8934,-0.9558206,0.8714668,-1.80217
RWI,341.9014,-0.9549161,0.8717939,-1.802046
RWI,341.9096,-0.9535607,0.872443,-1.801778
RWI,341.9182,-0.9517579,0.8731079,-1.801298
RWI,341.9266,-0.9497489,0.8739996,-1.80072
RWI,341.9345,-0.9474971,0.8750778,-1.800094
RWI,341.9439,-0.9448658,0.8763475,-1.799471
RWI,341.9513,-0.9417611,0.8779225,-1.799159
RWI,341.9598,-0.9388216,0.8798114,-1.799054
RWI,341.9679,-0.9360983,0.8823438,-1.798966
RWI,341.9761,-0.9332421,0.8852069,-1.798832
RWI,341.985,-0.9298868,0.8886225,-1.798507
RWI,341.9929,-0.92628,0.89228,-1.79819
RWI,342.0016,-0.9218042,0.8966885,-1.79767
RWI,342.0099,-0.9177307,0.9003838,-1.797393
RWI,342.0182,-0.9131819,0.9045215,-1.797397
RWI,342.0267,-0.9079581,0.909845,-1.797711
RWI,342.0348,-0.9030796,0.9151388,-1.79791
RWI,342.0431,-0.8985049,0.9201599,-1.797958
RWI,342.0525,-0.8931699,0.9271827,-1.797935
RWI,342.0597,-0.8876554,0.9335878,-1.797635
RWI,342.0686,-0.8819405,0.940437,-1.79724
RWI,342.0761,-0.875982,0.9478353,-1.796978
RWI,342.0847,-0.8697469,0.9550881,-1.796647
RWI,342.0931,-0.8635266,0.9629952,-1.796525
RWI,342.1018,-0.8572533,0.9707357,-1.796254
RWI,342.1098,-0.8508235,0.9787407,-1.796337
RWI,342.1185,-0.8446128,0.9866388,-1.796293
RWI,342.1263,-0.8382965,0.9951121,-1.796768
RWI,342.1346,-0.8317521,1.003667,-1.79683
RWI,342.1443,-0.8255962,1.01203,-1.797335
RWI,342.1512,-0.8194381,1.021302,-1.797726
RWI,342.1599,-0.8136864,1.030139,-1.797956
RWI,342.1678,-0.8077227,1.038785,-1.79846
RWI,342.1761,-0.8022377,1.04758,-1.7986
RWI,342.1852,-0.7967553,1.056604,-1.799431
RWI,342.1932,-0.7912831,1.065429,-1.799932
RWI,342.2014,-0.7860915,1.0737,-1.800412
RWI,342.2094,-0.7812648,1.082386,-1.801232
RWI,342.2178,-0.7765551,1.090155,-1.801535
RWI,342.2266,-0.7720016,1.098413,-1.80245
RWI,342.2346,-0.7675383,1.105861,-1.802945
RWI,342.2427,-0.7635037,1.113639,-1.8039
RWI,342.2517,-0.7598442,1.120703,-1.804494
RWI,342.2596,-0.7562791,1.127694,-1.805215
RWI,342.2681,-0.7532501,1.134593,-1.80639
RWI,342.2766,-0.7500943,1.141355,-1.807081
RWI,342.2847,-0.7477962,1.147414,-1.808104
RWI,342.293,-0.7449569,1.153503,-1.808593
RWI,342.3014,-0.7425085,1.15857,-1.809014
RWI,342.3093,-0.74018,1.163809,-1.809573
RWI,342.3193,-0.7376389,1.168573,-1.809353
RWI,342.3262,-0.7356226,1.173351,-1.809724
RWI,342.3349,-0.7334379,1.177643,-1.809456
RWI,342.3438,-0.7308989,1.182057,-1.809217
RWI,342.3518,-0.7286128,1.186297,-1.808851
RWI,342.36,-0.7259635,1.190811,-1.808217
RWI,342.368,-0.7241576,1.19442,-1.808068
RWI,342.3761,-0.7225232,1.19858,-1.807885
RWI,342.3849,-0.7214068,1.202696,-1.807907
RWI,342.3932,-0.7209587,1.206823,-1.807867
RWI,342.4012,-0.7201308,1.21106,-1.807658
RWI,342.4094,-0.7197558,1.215219,-1.807445
RWI,342.4182,-0.7195148,1.218912,-1.807059
RWI,342.4268,-0.7189762,1.222633,-1.806805
RWI,342.4347,-0.7185889,1.225586,-1.806632
RWI,342.4429,-0.7181208,1.228934,-1.8065
RWI,342.4514,-0.7176825,1.231729,-1.80615
RWI,342.4596,-0.7172675,1.235114,-1.805913
RWI,342.468,-0.7170554,1.238177,-1.805704
RWI,342.4767,-0.7170545,1.241443,-1.805587
RWI,342.4847,-0.7170938,1.244398,-1.805434
RWI,342.4928,-0.7173204,1.24734,-1.805256
RWI,342.5011,-0.7172709,1.250344,-1.805
RWI,342.5095,-0.7174647,1.252895,-1.804892
RWI,342.5184,-0.7175075,1.255356,-1.804842
RWI,342.5262,-0.717567,1.257532,-1.804831
RWI,342.5347,-0.7172871,1.259745,-1.80479
RWI,342.5437,-0.7171226,1.262052,-1.804713
RWI,342.5511,-0.716539,1.264236,-1.804436
RWI,342.5594,-0.7162589,1.266476,-1.80441
RWI,342.568,-0.7159151,1.268203,-1.80434
RWI,342.576,-0.7155582,1.269941,-1.804363
RWI,342.5848,-0.715036,1.27078,-1.804698
RWI,342.5927,-0.714432,1.271824,-1.804924
RWI,342.6013,-0.713918,1.272631,-1.805083
RWI,342.6093,-0.7131804,1.273252,-1.805242
RWI,342.6181,-0.7125827,1.273564,-1.805439
RWI,342.6264,-0.7117743,1.273607,-1.805559
RWI,342.6348,-0.7111384,1.273974,-1.805724
RWI,342.6429,-0.7104102,1.27397,-1.805813
RWI,342.6514,-0.7094796,1.273927,-1.805808
RWI,342.6598,-0.7086249,1.273756,-1.805796
RWI,342.6679,-0.7075031,1.273106,-1.805663
RWI,342.6761,-0.7065684,1.272766,-1.805597
RWI,342.6844,-0.7055982,1.272056,-1.805547
RWI,342.6932,-0.7044434,1.271038,-1.805252
RWI,342.7012,-0.7035751,1.269953,-1.805129
RWI,342.7096,-0.7026919,1.26903,-1.804798
RWI,342.7181,-0.701782,1.268262,-1.804589
RWI,342.7263,-0.7014154,1.267177,-1.804429
RWI,342.7346,-0.7007914,1.266356,-1.804193
RWI,342.7439,-0.7001522,1.265288,-1.803892
RWI,342.7512,-0.6996931,1.264396,-1.803679
RWI,342.7594,-0.6992425,1.263312,-1.803482
RWI,342.7679,-0.6988211,1.262563,-1.803312
RWI,342.7764,-0.6982253,1.261764,-1.803055
RWI,342.7863,-0.697894,1.261013,-1.802897
RWI,342.7932,-0.6975998,1.260441,-1.80271
RWI,342.8012,-0.6973561,1.25975,-1.80246
RWI,342.8094,-0.6971201,1.25915,-1.802369
RWI,342.818,-0.6969046,1.258468,-1.802234
RWI,342.8266,-0.6967407,1.258068,-1.802151
RWI,342.8344,-0.696457,1.257497,-1.802033
RWI,342.843,-0.6964985,1.257305,-1.802033
RWI,342.8515,-0.6963403,1.256841,-1.802062
RWI,342.861,-0.6959386,1.256534,-1.801901
RWI,342.8677,-0.6960609,1.256214,-1.802137
RWI,342.876,-0.6957151,1.256017,-1.802055
RWI,342.8844,-0.6956304,1.255711,-1.80225
RWI,342.8931,-0.6954187,1.255305,-1.802398
RWI,342.9014,-0.6951416,1.254839,-1.802593
RWI,342.9094,-0.6948183,1.25468,-1.80266
RWI,342.9185,-0.6940911,1.254555,-1.802552
RWI,342.9265,-0.6938891,1.254423,-1.80245
RWI,342.9343,-0.69352,1.254126,-1.802491
RWI,342.9446,-0.6929733,1.253946,-1.802457
RWI,342.9551,-0.6925451,1.253667,-1.802396
RWI,342.9646,-0.6919028,1.253324,-1.802226
RWI,342.9739,-0.6916639,1.252913,-1.802219
RWI,342.9826,-0.6913688,1.252346,-1.802168
RWI,342.991,-0.6911971,1.251958,-1.802113
RWI,342.9987,-0.691259,1.251452,-1.801983
RWI,343.0071,-0.6911643,1.251183,-1.801814
RWI,343.0157,-0.6911958,1.250833,-1.801754
RWI,343.0247,-0.6913802,1.250352,-1.801563
RWI,343.0326,-0.6916025,1.250079,-1.80139
RWI,343.0405,-0.6917095,1.249745,-1.801231
RWI,343.049,-0.6918362,1.249501,-1.801025
RWI,343.0579,-0.692152,1.249343,-1.800691
RWI,343.0658,-0.6923957,1.249023,-1.800593
RWI,343.0741,-0.6928002,1.248829,-1.800302
RWI,343.0825,-0.6931602,1.248507,-1.800223
RWI,343.0905,-0.6934454,1.248282,-1.800072
RWI,343.0994,-0.6939418,1.247945,-1.80003
RWI,343.1077,-0.6942497,1.247767,-1.799875
RWI,343.1161,-0.694645,1.24781,-1.799802
RWI,343.1243,-0.6949624,1.247742,-1.799666
RWI,343.1324,-0.6952993,1.247702,-1.799525
RWI,343.1414,-0.6953933,1.248054,-1.799264
RWI,343.1488,-0.6955572,1.248018,-1.79916
RWI,343.1575,-0.6956233,1.248112,-1.798935
RWI,343.1656,-0.6957955,1.248087,-1.79882
RWI,343.1738,-0.6959379,1.248042,-1.798733
RWI,343.1828,-0.6961425,1.248039,-1.798683
RWI,343.1911,-0.6962814,1.248045,-1.798618
RWI,343.1987,-0.6964297,1.248106,-1.798579
RWI,343.2072,-0.6965686,1.24814,-1.798525
RWI,343.2155,-0.6965423,1.248233,-1.798451
RWI,343.2242,-0.6966335,1.248273,-1.798424
RWI,343.2321,-0.6967767,1.248373,-1.798381
RWI,343.2406,-0.6968694,1.248459,-1.798335
RWI,343.2488,-0.6969336,1.248584,-1.798287
RWI,343.2582,-0.69698,1.248813,-1.798291
RWI,343.266,-0.6971189,1.248989,-1.798169
RWI,343.2738,-0.6971349,1.249097,-1.798077
RWI,343.2822,-0.6973781,1.249032,-1.798206
RWI,343.2907,-0.6974052,1.249166,-1.798138
RWI,343.299,-0.6974131,1.249219,-1.798085
RWI,343.3074,-0.6976947,1.249113,-1.798033
RWI,343.3166,-0.6977354,1.249208,-1.798036
RWI,343.3255,-0.6976475,1.249345,-1.797909
RWI,343.3337,-0.6976978,1.249386,-1.797854
RWI,343.3433,-0.6976528,1.249721,-1.797718
RWI,343.3503,-0.6976591,1.249824,-1.797633
RWI,343.3591,-0.6976883,1.249882,-1.797599
RWI,343.3675,-0.6975902,1.249905,-1.79757
RWI,343.3757,-0.6976338,1.249889,-1.797494
RWI,343.3849,-0.6977452,1.250033,-1.797427
RWI,343.3927,-0.6978978,1.249932,-1.79733
RWI,343.4013,-0.69787,1.250006,-1.797305
RWI,343.4097,-0.6978629,1.250018,-1.797216
RWI,343.4176,-0.6979187,1.249944,-1.797127
RWI,343.4265,-0.6979761,1.249971,-1.797148
RWI,343.4344,-0.6979098,1.250045,-1.797085
RWI,343.4428,-0.6978849,1.249979,-1.797081
RWI,343.4515,-0.6979028,1.249935,-1.797047
RWI,343.4608,-0.6978829,1.250199,-1.796925
RWI,343.4677,-0.6978975,1.250251,-1.796854
RWI,343.4758,-0.6979426,1.250245,-1.796864
RWI,343.4842,-0.6979371,1.250353,-1.796834
RWI,343.4931,-0.6980129,1.250301,-1.796802
RWI,343.5013,-0.6982157,1.250524,-1.796772
RWI,343.5093,-0.6982412,1.250648,-1.796737
RWI,343.5183,-0.6982884,1.250785,-1.796759
RWI,343.5263,-0.6982888,1.250858,-1.796766
RWI,343.5346,-0.6983196,1.251014,-1.796751
RWI,343.5433,-0.6983323,1.251065,-1.796804
RWI,343.5511,-0.6983402,1.251155,-1.796836
RWI,343.5593,-0.6983454,1.251275,-1.796856
RWI,343.568,-0.6983306,1.251411,-1.79688
RWI,343.5761,-0.698321,1.251547,-1.797015
RWI,343.585,-0.6983073,1.251758,-1.797073
RWI,343.5928,-0.6983416,1.251866,-1.797213
RWI,343.601,-0.6983562,1.251973,-1.797279
RWI,343.6093,-0.6983157,1.25213,-1.797322
RWI,343.6177,-0.6982576,1.252257,-1.797374
RWI,343.6266,-0.6981565,1.252313,-1.797467
RWI,343.6347,-0.6980907,1.252354,-1.797585
RWI,343.6429,-0.698108,1.252425,-1.797628
RWI,343.6514,-0.6980315,1.252499,-1.79771
RWI,343.66,-0.6979018,1.252678,-1.797757
RWI,343.6685,-0.6979005,1.252738,-1.797817
RWI,343.6761,-0.697771,1.252903,-1.797809
RWI,343.6844,-0.6976829,1.25312,-1.797859
RWI,343.6925,-0.6974924,1.253261,-1.797868
RWI,343.7015,-0.6974514,1.253392,-1.797921
RWI,343.7092,-0.6973573,1.253458,-1.797968
RWI,343.7185,-0.697252,1.253489,-1.798094
RWI,343.7285,-0.6971976,1.253462,-1.798219
RWI,343.7372,-0.697172,1.253578,-1.798298
RWI,343.7432,-0.6971859,1.253571,-1.798331
RWI,343.7496,-0.6971742,1.253599,-1.798378
RWI,343.7578,-0.697391,1.253543,-1.798556
RWI,343.7666,-0.6974027,1.253602,-1.798596
RWI,343.7747,-0.6975075,1.253554,-1.798618
RWI,343.7836,-0.6975021,1.253592,-1.798648
RWI,343.792,-0.697446,1.253875,-1.798585
RWI,343.7998,-0.6974357,1.253927,-1.798582
RWI,343.8079,-0.6973097,1.253999,-1.79854
RWI,343.8165,-0.6972156,1.254193,-1.798535
RWI,343.8251,-0.697191,1.254273,-1.798533
RWI,343.8333,-0.6971889,1.25437,-1.798539
RWI,343.8412,-0.6972023,1.254509,-1.79853
RWI,343.85,-0.697239,1.254637,-1.79853
RWI,343.8585,-0.6974403,1.254664,-1.798619
RWI,343.8672,-0.6974577,1.254835,-1.798659
RWI,343.875,-0.6975358,1.254942,-1.798685
RWI,343.8829,-0.6975397,1.255114,-1.798679
RWI,343.8915,-0.6976373,1.2553,-1.798626
RWI,343.8996,-0.6977416,1.255482,-1.79867
RWI,343.9086,-0.6977813,1.255695,-1.798669
RWI,343.9165,-0.6978471,1.255938,-1.798665
RWI,343.9252,-0.6978632,1.256174,-1.798677
RWI,343.933,-0.6979065,1.256385,-1.798651
RWI,343.9425,-0.6978869,1.256538,-1.798602
RWI,343.9496,-0.6979166,1.256733,-1.798603
RWI,343.958,-0.6980608,1.256786,-1.798662
RWI,343.9662,-0.6982313,1.257113,-1.798589
RWI,343.9748,-0.6983801,1.25726,-1.798581
RWI,343.9832,-0.6985381,1.257555,-1.798526
RWI,343.9918,-0.6986455,1.257874,-1.798472
RWI,343.9998,-0.6986855,1.258151,-1.798473
RWI,344.0082,-0.698787,1.258437,-1.798316
RWI,344.0167,-0.6988918,1.258646,-1.798193
RWI,344.0255,-0.6989586,1.258872,-1.798126
RWI,344.0336,-0.699041,1.259076,-1.798186
RWI,344.0418,-0.6991352,1.259317,-1.798186
RWI,344.0507,-0.6992472,1.259549,-1.79817
RWI,344.0596,-0.6993849,1.259658,-1.798112
RWI,344.0678,-0.6994927,1.259898,-1.798232
RWI,344.0834,-0.699562,1.259919,-1.798177
RWI,344.0902,-0.69978,1.260222,-1.798208
RWI,344.0989,-0.699826,1.260388,-1.798241
RWI,344.1068,-0.6998974,1.260431,-1.798191
RWI,344.1155,-0.699929,1.260617,-1.798194
RWI,344.1241,-0.6999668,1.260639,-1.798127
RWI,344.132,-0.6999421,1.260696,-1.798077
RWI,344.1408,-0.7000051,1.260687,-1.797964
RWI,344.1491,-0.6999351,1.26057,-1.797911
RWI,344.1569,-0.6998976,1.260506,-1.79788
RWI,344.1654,-0.6999427,1.260308,-1.797879
RWI,344.1736,-0.699981,1.260178,-1.797844
RWI,344.1825,-0.6999127,1.26001,-1.797873
RWI,344.1906,-0.6998671,1.259769,-1.797805
RWI,344.1989,-0.6998053,1.259414,-1.79779
RWI,344.2068,-0.6997647,1.25885,-1.797724
RWI,344.2156,-0.6996112,1.258358,-1.797654
RWI,344.2243,-0.6994075,1.257753,-1.797611
RWI,344.232,-0.6991194,1.257062,-1.797527
RWI,344.2404,-0.6987853,1.256205,-1.797488
RWI,344.249,-0.6983438,1.255187,-1.797456
RWI,344.2578,-0.6978109,1.253888,-1.797488
RWI,344.2654,-0.6971812,1.25231,-1.79764
RWI,344.274,-0.6964269,1.250528,-1.797887
RWI,344.2824,-0.6955481,1.24849,-1.798223
RWI,344.2901,-0.6944969,1.24617,-1.798615
RWI,344.2991,-0.6931494,1.243847,-1.799041
RWI,344.3068,-0.6915138,1.240171,-1.799762
RWI,344.3154,-0.6897613,1.236633,-1.800522
RWI,344.3249,-0.6882589,1.233013,-1.801179
RWI,344.3326,-0.6863053,1.227416,-1.802344
RWI,344.3409,-0.6845149,1.222933,-1.803245
RWI,344.3492,-0.6824378,1.21595,-1.804974
RWI,344.3573,-0.6807107,1.210008,-1.806307
RWI,344.3659,-0.6786256,1.202234,-1.808075
RWI,344.3738,-0.6766497,1.19458,-1.809799
RWI,344.3825,-0.6744734,1.186831,-1.811234
RWI,344.3907,-0.6725148,1.178146,-1.813012
RWI,344.3988,-0.6707298,1.168492,-1.815052
RWI,344.4073,-0.6691428,1.159471,-1.816839
RWI,344.4156,-0.6676397,1.14898,-1.818608
RWI,344.424,-0.6666789,1.137425,-1.820685
RWI,344.4321,-0.6660999,1.126153,-1.822768
RWI,344.4405,-0.6658934,1.114884,-1.824791
RWI,344.4486,-0.6656274,1.103389,-1.826752
RWI,344.4572,-0.6670197,1.090437,-1.82902
RWI,344.4657,-0.6682793,1.077249,-1.830082
RWI,344.4742,-0.6699692,1.064766,-1.832573
RWI,344.4827,-0.6715917,1.052115,-1.834644
RWI,344.4913,-0.6735905,1.039272,-1.836744
RWI,344.4997,-0.6767127,1.02632,-1.839367
RWI,344.5085,-0.6797618,1.013503,-1.841511
RWI,344.5171,-0.6824377,1.00058,-1.843742
RWI,344.526,-0.6866953,0.9887357,-1.846614
RWI,344.5345,-0.6907851,0.9765634,-1.849429
RWI,344.5433,-0.6945189,0.9647179,-1.852046
RWI,344.551,-0.7005763,0.9543911,-1.856077
RWI,344.5592,-0.7052205,0.9442346,-1.858927
RWI,344.5679,-0.7098538,0.9339112,-1.8621
RWI,344.5758,-0.7148938,0.9239931,-1.865595
RWI,344.5853,-0.7210488,0.9145886,-1.867954
RWI,344.5931,-0.7269682,0.9055249,-1.871351
RWI,344.6008,-0.7340583,0.896859,-1.873414
RWI,344.6094,-0.739437,0.8883794,-1.876155
RWI,344.6177,-0.7458673,0.8799102,-1.878225
RWI,344.6262,-0.7522511,0.8719029,-1.88077
RWI,344.6345,-0.7584516,0.8649762,-1.883908
RWI,344.6439,-0.7639406,0.8571734,-1.88656
RWI,344.6523,-0.7701578,0.8486865,-1.89058
RWI,344.6605,-0.7753257,0.8408611,-1.893983
RWI,344.6676,-0.7793801,0.8356808,-1.897311
RWI,344.6758,-0.7841564,0.8289732,-1.90063
RWI,344.6841,-0.7892157,0.8231183,-1.90407
RWI,344.6928,-0.7944751,0.8188106,-1.907372
RWI,344.7009,-0.7994032,0.8128725,-1.909777
RWI,344.7092,-0.8041191,0.8085317,-1.912825
RWI,344.7177,-0.8086226,0.8044497,-1.914266
RWI,344.7265,-0.8128768,0.8003194,-1.916558
RWI,344.7341,-0.8172527,0.7961996,-1.918844
RWI,344.7435,-0.8196328,0.7938514,-1.920416
RWI,344.7508,-0.8227252,0.7905985,-1.922334
RWI,344.7588,-0.8247652,0.7889945,-1.923638
RWI,344.7676,-0.8242719,0.7884381,-1.924428
RWI,344.7759,-0.8251255,0.7870468,-1.925596
RWI,344.7846,-0.822364,0.7889072,-1.925502
RWI,344.7935,-0.8214189,0.7888209,-1.925823
RWI,344.8006,-0.8171908,0.7912177,-1.925469
RWI,344.8092,-0.8144054,0.7923357,-1.92525
RWI,344.8177,-0.8094997,0.7947913,-1.924768
RWI,344.8262,-0.8037,0.7978147,-1.924099
RWI,344.8342,-0.7973582,0.8017733,-1.92312
RWI,344.8423,-0.7889452,0.8064334,-1.921937
RWI,344.851,-0.7818316,0.8103783,-1.920982
RWI,344.8604,-0.7733525,0.8166488,-1.919724
RWI,344.8676,-0.7621422,0.8236096,-1.918527
RWI,344.8759,-0.7536983,0.8300812,-1.917264
RWI,344.8842,-0.7426278,0.8375161,-1.915755
RWI,344.8927,-0.730706,0.8458738,-1.91393
RWI,344.9011,-0.7187496,0.8568797,-1.911364
RWI,344.9089,-0.7064841,0.8674535,-1.908895
RWI,344.9176,-0.6952468,0.8769537,-1.906926
RWI,344.9266,-0.6818607,0.8907182,-1.904279
RWI,344.934,-0.6689792,0.9047032,-1.901212
RWI,344.9437,-0.6573923,0.9192413,-1.899482
RWI,344.9543,-0.6450699,0.9350871,-1.896653
RWI,344.9626,-0.6293185,0.9591687,-1.893883
RWI,344.9676,-0.618443,0.978072,-1.891871
RWI,344.9737,-0.6122912,0.9910936,-1.890653
RWI,344.9823,-0.6046637,1.004583,-1.889558
RWI,344.9905,-0.5959826,1.025409,-1.88857
RWI,344.9989,-0.5870637,1.046898,-1.887178
RWI,345.0072,-0.5795211,1.068997,-1.88679
RWI,345.0157,-0.5730124,1.091182,-1.886839
RWI,345.024,-0.5672007,1.114079,-1.887018
RWI,345.0327,-0.5618935,1.137804,-1.887903
RWI,345.0403,-0.5577774,1.161159,-1.888054
RWI,345.049,-0.5554917,1.185542,-1.888563
RWI,345.0573,-0.5536017,1.210726,-1.888995
RWI,345.0656,-0.5532587,1.236313,-1.889526
RWI,345.0736,-0.5541416,1.261771,-1.890417
RWI,345.0826,-0.5567573,1.286325,-1.891181
RWI,345.0902,-0.5600091,1.311045,-1.89305
RWI,345.0989,-0.5677125,1.334414,-1.895385
RWI,345.1073,-0.5712329,1.359028,-1.896858
RWI,345.1153,-0.5797371,1.381663,-1.900317
RWI,345.1241,-0.5871548,1.404,-1.902985
RWI,345.1321,-0.5956324,1.42626,-1.905563
RWI,345.1411,-0.6054825,1.446467,-1.907881
RWI,345.1488,-0.6153675,1.466168,-1.911079
RWI,345.1572,-0.6266549,1.48501,-1.913725
RWI,345.1654,-0.6381136,1.503429,-1.917002
RWI,345.174,-0.6505924,1.520777,-1.92004
RWI,345.1825,-0.6631007,1.536518,-1.923162
RWI,345.1906,-0.6771029,1.552164,-1.926409
RWI,345.1987,-0.6919143,1.564487,-1.930045
RWI,345.2072,-0.7052836,1.579167,-1.933351
RWI,345.2155,-0.7206967,1.589544,-1.936889
RWI,345.2241,-0.7354388,1.600243,-1.940546
RWI,345.2325,-0.7500417,1.611996,-1.944135
RWI,345.2409,-0.7653677,1.61869,-1.94764
RWI,345.2495,-0.78012,1.628278,-1.950994
RWI,345.2584,-0.7946782,1.632276,-1.954302
RWI,345.2663,-0.8085883,1.638492,-1.956752
RWI,345.2746,-0.8220736,1.642899,-1.959345
RWI,345.2836,-0.8354397,1.647087,-1.96214
RWI,345.2915,-0.8493099,1.650201,-1.965107
RWI,345.3,-0.8621137,1.652705,-1.968047
RWI,345.3083,-0.8741,1.654459,-1.970891
RWI,345.3174,-0.8854733,1.655557,-1.973675
RWI,345.3262,-0.8955907,1.655479,-1.975349
RWI,345.334,-0.905385,1.655965,-1.977046
RWI,345.3432,-0.9142529,1.657057,-1.978043
RWI,345.3506,-0.9215436,1.656837,-1.978856
RWI,345.3588,-0.9286959,1.65721,-1.979716
RWI,345.3677,-0.9332163,1.656811,-1.980044
RWI,345.3761,-0.938376,1.656587,-1.981138
RWI,345.3855,-0.9420252,1.65732,-1.981681
RWI,345.3922,-0.9426684,1.657282,-1.983055
RWI,345.4012,-0.9445091,1.657627,-1.984193
RWI,345.4087,-0.9427912,1.659236,-1.984493
RWI,345.4174,-0.9422669,1.660406,-1.985134
RWI,345.426,-0.9386143,1.661708,-1.985775
RWI,345.4339,-0.93482,1.663481,-1.986019
RWI,345.4426,-0.9312721,1.664991,-1.986056
RWI,345.4517,-0.9255375,1.665988,-1.986157
RWI,345.4591,-0.9202449,1.667228,-1.985982
RWI,345.4674,-0.9118593,1.667198,-1.985254
RWI,345.4756,-0.9043624,1.667745,-1.984387
RWI,345.484,-0.8957534,1.667328,-1.983861
RWI,345.4926,-0.8846482,1.666073,-1.984518
RWI,345.5008,-0.8738695,1.664245,-1.984945
RWI,345.509,-0.8631451,1.662388,-1.984829
RWI,345.5178,-0.8527144,1.658317,-1.986419
RWI,345.5264,-0.8417894,1.654776,-1.986367
RWI,345.5338,-0.8291774,1.651071,-1.986689
RWI,345.5433,-0.8172634,1.645987,-1.986745
RWI,345.5509,-0.8042578,1.640574,-1.986785
RWI,345.5591,-0.7920905,1.635073,-1.98685
RWI,345.5675,-0.7785783,1.626506,-1.985891
RWI,345.5756,-0.7656559,1.618998,-1.984657
RWI,345.5851,-0.7520462,1.610144,-1.983533
RWI,345.5932,-0.7379731,1.601631,-1.98246
RWI,345.6005,-0.7250211,1.590586,-1.98182
RWI,345.6089,-0.7115983,1.58071,-1.980805
RWI,345.6173,-0.697755,1.569388,-1.980153
RWI,345.6258,-0.6843042,1.557383,-1.979508
RWI,345.6339,-0.6708602,1.544939,-1.978688
RWI,345.6424,-0.6576536,1.531958,-1.977566
RWI,345.6517,-0.6450294,1.517856,-1.976392
RWI,345.6599,-0.6339875,1.501297,-1.974806
RWI,345.6674,-0.6226918,1.486554,-1.973924
RWI,345.6759,-0.6129552,1.470227,-1.972449
RWI,345.6839,-0.606167,1.451293,-1.972136
RWI,345.692,-0.5965243,1.434521,-1.971085
RWI,345.7009,-0.5914415,1.414745,-1.970412
RWI,345.7088,-0.5856128,1.395321,-1.970541
RWI,345.7178,-0.5802662,1.376171,-1.970157
RWI,345.7265,-0.5756913,1.356615,-1.969951
RWI,345.7338,-0.5714458,1.336765,-1.969759
RWI,345.7431,-0.5686882,1.317852,-1.969943
RWI,345.7507,-0.5671325,1.297856,-1.969904
RWI,345.759,-0.5657388,1.278858,-1.969614
RWI,345.7674,-0.5665591,1.259184,-1.969779
RWI,345.7753,-0.5678627,1.23897,-1.969777
RWI,345.7848,-0.5696244,1.219273,-1.970199
RWI,345.793,-0.571889,1.200336,-1.971166
RWI,345.8008,-0.5748068,1.182129,-1.972021
RWI,345.8089,-0.57687,1.163474,-1.97256
RWI,345.8172,-0.5807347,1.144684,-1.973214
RWI,345.8259,-0.5848297,1.126548,-1.973774
RWI,345.8343,-0.5914119,1.108328,-1.974551
RWI,345.842,-0.5973414,1.090675,-1.975336
RWI,345.8511,-0.6031126,1.074001,-1.976052
RWI,345.8604,-0.6087531,1.057705,-1.97683
RWI,345.8672,-0.6157305,1.041257,-1.97772
RWI,345.8759,-0.6224008,1.025831,-1.978256
RWI,345.8841,-0.6301636,1.010294,-1.978508
RWI,345.8922,-0.6377641,0.9952294,-1.978017
RWI,345.9008,-0.6461462,0.9800851,-1.977119
RWI,345.9089,-0.6556039,0.9653617,-1.975992
RWI,345.9178,-0.6656393,0.9520153,-1.974474
RWI,345.9265,-0.6759342,0.9392205,-1.972958
RWI,345.9337,-0.6859378,0.9263493,-1.971352
RWI,345.9431,-0.6956698,0.9155846,-1.970458
RWI,345.9507,-0.7058358,0.9046144,-1.96981
RWI,345.959,-0.716102,0.8943811,-1.969563
RWI,345.9673,-0.7261524,0.8862605,-1.969289
RWI,345.9753,-0.736384,0.8778656,-1.969426
RWI,345.9842,-0.7449952,0.8701842,-1.96941
RWI,345.9932,-0.7535521,0.8633499,-1.969499
RWI,346.0005,-0.7616032,0.8571754,-1.968424
RWI,346.0087,-0.7681751,0.8533311,-1.967572
RWI,346.0172,-0.7755636,0.8480629,-1.965841
RWI,346.0257,-0.78118,0.8445151,-1.964519
RWI,346.0343,-0.7857661,0.8417343,-1.96177
RWI,346.0424,-0.7886561,0.8400881,-1.959357
RWI,346.051,-0.7888174,0.8407724,-1.957079
RWI,346.0594,-0.7904474,0.8394831,-1.954464
RWI,346.0677,-0.7875868,0.8417539,-1.950932
RWI,346.0755,-0.7866935,0.8427376,-1.947933
RWI,346.084,-0.7807647,0.8473099,-1.943648
RWI,346.0923,-0.7756479,0.8515019,-1.940087
RWI,346.1006,-0.7709969,0.855009,-1.936083
RWI,346.1086,-0.7619671,0.8621048,-1.931948
RWI,346.1178,-0.7542491,0.8693356,-1.928328
RWI,346.1264,-0.7451952,0.877347,-1.924415
RWI,346.1337,-0.7354296,0.8879716,-1.92106
RWI,346.1433,-0.7251232,0.8975681,-1.917145
RWI,346.1507,-0.7139872,0.9095435,-1.913879
RWI,346.1586,-0.7028754,0.9208645,-1.910578
RWI,346.1675,-0.6913502,0.9338604,-1.906778
RWI,346.1756,-0.6800392,0.9482716,-1.903439
RWI,346.1843,-0.668323,0.9631858,-1.899833
RWI,346.1929,-0.6576346,0.9804472,-1.896594
RWI,346.2009,-0.6464303,0.9999248,-1.89357
RWI,346.2088,-0.635672,1.01631,-1.889845
RWI,346.2171,-0.6279439,1.037869,-1.887671
RWI,346.2258,-0.6192062,1.058889,-1.884582
RWI,346.2341,-0.6121342,1.081318,-1.882564
RWI,346.2422,-0.6053283,1.103088,-1.880252
RWI,346.2508,-0.6008418,1.125357,-1.878391
RWI,346.2605,-0.5965251,1.148174,-1.87657
RWI,346.2673,-0.5934706,1.172357,-1.875058
RWI,346.2755,-0.5922116,1.195459,-1.874422
RWI,346.2839,-0.591957,1.218337,-1.873962
RWI,346.2924,-0.5935414,1.241106,-1.874096
RWI,346.3005,-0.5957463,1.263492,-1.874285
RWI,346.3085,-0.5994436,1.285688,-1.874856
RWI,346.3176,-0.6047031,1.306161,-1.876098
RWI,346.3265,-0.6126894,1.325554,-1.877686
RWI,346.334,-0.6174427,1.346881,-1.878274
RWI,346.3432,-0.6253591,1.365525,-1.879457
RWI,346.3504,-0.6362779,1.382457,-1.881726
RWI,346.3587,-0.6456112,1.398673,-1.883497
RWI,346.3671,-0.6536789,1.41611,-1.885496
RWI,346.3759,-0.6651686,1.430369,-1.888538
RWI,346.3845,-0.6753446,1.44441,-1.891626
RWI,346.3935,-0.6859202,1.45825,-1.894402
RWI,346.4007,-0.6958631,1.470221,-1.897794
RWI,346.409,-0.7064951,1.481874,-1.900859
RWI,346.4173,-0.7171243,1.493184,-1.90414
RWI,346.4256,-0.727285,1.502725,-1.907468
RWI,346.4341,-0.7381604,1.512437,-1.910649
RWI,346.442,-0.748204,1.521289,-1.913892
RWI,346.451,-0.7578728,1.528437,-1.9172
RWI,346.4601,-0.7675287,1.535891,-1.920689
RWI,346.4672,-0.777276,1.543946,-1.923969
RWI,346.4754,-0.7863178,1.548936,-1.927268
RWI,346.4836,-0.7951708,1.554706,-1.930145
RWI,346.4918,-0.8041666,1.560881,-1.932964
RWI,346.5009,-0.8121538,1.564585,-1.93527
RWI,346.5085,-0.8201057,1.56914,-1.937511
RWI,346.5178,-0.8279591,1.573733,-1.939832
RWI,346.5262,-0.8342656,1.576645,-1.941901
RWI,346.534,-0.840736,1.579491,-1.944087
RWI,346.5431,-0.8467072,1.582194,-1.946173
RWI,346.5508,-0.8521432,1.584479,-1.948235
RWI,346.5587,-0.8567615,1.586259,-1.950469
RWI,346.5673,-0.8608825,1.588213,-1.952146
RWI,346.5753,-0.8642398,1.58956,-1.954185
RWI,346.5842,-0.8670449,1.590713,-1.955794
RWI,346.5929,-0.8691621,1.591727,-1.95681
RWI,346.6004,-0.8707838,1.592403,-1.957854
RWI,346.6087,-0.8707248,1.592569,-1.958023
RWI,346.6173,-0.8719091,1.593203,-1.958791
RWI,346.626,-0.8706254,1.592891,-1.958876
RWI,346.6337,-0.8706928,1.593096,-1.959109
RWI,346.6424,-0.8692594,1.59177,-1.95948
RWI,346.651,-0.8669547,1.591596,-1.959082
RWI,346.6607,-0.8641853,1.590961,-1.959059
RWI,346.6676,-0.8606855,1.590033,-1.958498
RWI,346.6757,-0.8567995,1.588914,-1.958288
RWI,346.6838,-0.8519617,1.587651,-1.957655
RWI,346.692,-0.8472377,1.585701,-1.956887
RWI,346.7005,-0.8411958,1.583663,-1.956067
RWI,346.709,-0.8345107,1.580384,-1.954648
RWI,346.7175,-0.8282605,1.577476,-1.953862
RWI,346.7266,-0.8212028,1.573896,-1.952482
RWI,346.7338,-0.8128769,1.568924,-1.950704
RWI,346.7434,-0.8059561,1.564713,-1.949432
RWI,346.7505,-0.7974958,1.559438,-1.947706
RWI,346.7587,-0.7890824,1.552716,-1.946345
RWI,346.7675,-0.7804278,1.546382,-1.944669
RWI,346.7753,-0.7719035,1.540616,-1.942953
RWI,346.7843,-0.7619808,1.532557,-1.941354
RWI,346.7931,-0.7522849,1.524446,-1.939812
RWI,346.8004,-0.7427758,1.515719,-1.938492
RWI,346.8089,-0.7328708,1.506191,-1.93715
RWI,346.8171,-0.7231128,1.496188,-1.935745
RWI,346.826,-0.713483,1.484866,-1.93448
RWI,346.8339,-0.7036509,1.473288,-1.93295
RWI,346.8419,-0.6949521,1.459491,-1.932181
RWI,346.8507,-0.685371,1.447533,-1.931
RWI,346.8594,-0.6764758,1.432544,-1.930481
RWI,346.8676,-0.6676748,1.418225,-1.929935
RWI,346.8757,-0.6591992,1.402801,-1.929327
RWI,346.8837,-0.6514505,1.387182,-1.928911
RWI,346.8918,-0.6443142,1.370708,-1.928514
RWI,346.9002,-0.6370099,1.35476,-1.927759
RWI,346.9086,-0.6320996,1.336301,-1.928244
RWI,346.918,-0.6271768,1.318314,-1.928433
RWI,346.926,-0.6229737,1.29933,-1.929388
RWI,346.9336,-0.6191673,1.280886,-1.930315
RWI,346.9431,-0.6158901,1.262195,-1.931403
RWI,346.9504,-0.6130928,1.243004,-1.932818
RWI,346.9585,-0.6117241,1.223982,-1.934029
RWI,346.967,-0.6116361,1.204744,-1.935216
RWI,346.9755,-0.6126064,1.185047,-1.937074
RWI,346.9841,-0.6141677,1.165511,-1.938781
RWI,346.9927,-0.6158867,1.147825,-1.94058
RWI,347.0005,-0.6179427,1.129043,-1.94298
RWI,347.0084,-0.6206002,1.111277,-1.945224
RWI,347.0174,-0.6246878,1.093018,-1.947928
RWI,347.0256,-0.6289167,1.074651,-1.949893
RWI,347.0338,-0.6336622,1.055847,-1.951885
RWI,347.0417,-0.6390842,1.037915,-1.953832
RWI,347.0508,-0.6449561,1.020777,-1.955917
RWI,347.0593,-0.6506581,1.004625,-1.958021
RWI,347.0674,-0.6572757,0.9890093,-1.960587
RWI,347.0754,-0.6642394,0.9735411,-1.963641
RWI,347.0839,-0.6713705,0.9588388,-1.966834
RWI,347.0921,-0.6791205,0.945044,-1.969767
RWI,347.1003,-0.6863862,0.9309037,-1.972412
RWI,347.1084,-0.6938714,0.9162284,-1.975168
RWI,347.1175,-0.7026689,0.9044422,-1.977004
RWI,347.1267,-0.7119771,0.8919644,-1.979016
RWI,347.1335,-0.7221254,0.8799691,-1.980903
RWI,347.1433,-0.7313838,0.8701137,-1.98234
RWI,347.1505,-0.7411246,0.8603247,-1.98422
RWI,347.1586,-0.7493608,0.8526415,-1.985614
RWI,347.1669,-0.7578975,0.8451664,-1.986663
RWI,347.1753,-0.7663993,0.8382705,-1.987571
RWI,347.1841,-0.7746873,0.8320113,-1.98799
RWI,347.1928,-0.7825305,0.8261725,-1.98818
RWI,347.2,-0.7896272,0.8218818,-1.988545
RWI,347.2085,-0.7961542,0.8179244,-1.988555
RWI,347.217,-0.8017528,0.8148457,-1.988442
RWI,347.2258,-0.8051136,0.8135365,-1.987995
RWI,347.2336,-0.8082461,0.8114221,-1.986862
RWI,347.2417,-0.8116105,0.8092321,-1.986291
RWI,347.2509,-0.8131472,0.8086753,-1.984915
RWI,347.2595,-0.8130972,0.8090637,-1.982527
RWI,347.2672,-0.8118238,0.8097458,-1.980354
RWI,347.2756,-0.8077587,0.8121075,-1.977554
RWI,347.2841,-0.804144,0.8139812,-1.97488
RWI,347.2917,-0.799715,0.8167902,-1.971919
RWI,347.3004,-0.7941833,0.819995,-1.968683
RWI,347.3087,-0.7878309,0.8237508,-1.965291
RWI,347.317,-0.7809204,0.8282686,-1.961634
RWI,347.3262,-0.7732576,0.8335397,-1.957866
RWI,347.3445,-0.7646315,0.8407883,-1.954935
RWI,347.3501,-0.7436101,0.8571213,-1.947317
RWI,347.3561,-0.7366354,0.8624424,-1.944934
RWI,347.3653,-0.7284546,0.8691766,-1.942451
RWI,347.373,-0.7182558,0.878861,-1.939278
RWI,347.3846,-0.7073325,0.8886909,-1.935782
RWI,347.3897,-0.6936126,0.9031149,-1.931244
RWI,347.3984,-0.6860137,0.9119732,-1.928472
RWI,347.4066,-0.6755737,0.9246409,-1.924258
RWI,347.4149,-0.6655116,0.9384866,-1.920511
RWI,347.4236,-0.6552117,0.9532087,-1.916938
RWI,347.4316,-0.646152,0.9704705,-1.91413
RWI,347.4398,-0.6368397,0.9874799,-1.911313
RWI,347.4481,-0.629334,1.00784,-1.909918
RWI,347.4568,-0.6206875,1.024804,-1.907281
RWI,347.4653,-0.6136963,1.043711,-1.90552
RWI,347.4733,-0.6077336,1.063054,-1.90482
RWI,347.4813,-0.6033204,1.08267,-1.905066
RWI,347.4897,-0.5987915,1.102397,-1.904579
RWI,347.498,-0.5947338,1.12244,-1.904034
RWI,347.5062,-0.5910957,1.143591,-1.903364
RWI,347.5145,-0.5893255,1.164961,-1.903178
RWI,347.5234,-0.5880889,1.185899,-1.90304
RWI,347.5312,-0.5875498,1.207178,-1.902702
RWI,347.5407,-0.5877025,1.228837,-1.902372
RWI,347.5479,-0.5898835,1.250139,-1.902492
RWI,347.5562,-0.5930632,1.270177,-1.903591
RWI,347.5647,-0.5962179,1.290991,-1.90404
RWI,347.5731,-0.6023557,1.310228,-1.90594
RWI,347.5812,-0.605666,1.330791,-1.9065
RWI,347.5901,-0.6111773,1.350427,-1.908034
RWI,347.5978,-0.6190059,1.368234,-1.91058
RWI,347.6064,-0.6244855,1.387326,-1.912247
RWI,347.6148,-0.6320553,1.40475,-1.914478
RWI,347.6237,-0.6416206,1.420499,-1.917367
RWI,347.6314,-0.6502826,1.436907,-1.920005
RWI,347.6397,-0.6581458,1.453213,-1.922138
RWI,347.648,-0.6693265,1.466461,-1.925251
RWI,347.6566,-0.6795768,1.480421,-1.927842
RWI,347.6649,-0.6898524,1.493088,-1.930721
RWI,347.6732,-0.700475,1.505407,-1.933386
RWI,347.6812,-0.7112082,1.516696,-1.936359
RWI,347.6895,-0.7222267,1.527257,-1.939339
RWI,347.6979,-0.733525,1.537058,-1.942539
RWI,347.7063,-0.745208,1.544701,-1.946142
RWI,347.7145,-0.7557679,1.554469,-1.949004
RWI,347.7234,-0.7673034,1.560425,-1.952608
RWI,347.7313,-0.7784355,1.567272,-1.955873
RWI,347.7403,-0.7894429,1.574561,-1.958885
RWI,347.7483,-0.8000591,1.578686,-1.961502
RWI,347.7562,-0.8108997,1.583963,-1.964103
RWI,347.7648,-0.820946,1.588045,-1.966467
RWI,347.7732,-0.8309298,1.591791,-1.968958
RWI,347.7825,-0.840569,1.595436,-1.971534
RWI,347.7913,-0.8499821,1.59853,-1.974301
RWI,347.7989,-0.8587146,1.60133,-1.977347
RWI,347.8083,-0.8658956,1.602715,-1.979493
RWI,347.8165,-0.8737386,1.60502,-1.982741
RWI,347.8255,-0.8804255,1.60646,-1.985045
RWI,347.8334,-0.8872551,1.607824,-1.987577
RWI,347.8417,-0.8930712,1.608695,-1.989208
RWI,347.8506,-0.8997126,1.608557,-1.991161
RWI,347.8595,-0.9047579,1.608992,-1.991868
RWI,347.8669,-0.9095528,1.608755,-1.992698
RWI,347.8756,-0.9131504,1.6084,-1.993521
RWI,347.8836,-0.9158881,1.608123,-1.993567
RWI,347.8921,-0.9182045,1.607882,-1.993779
RWI,347.9004,-0.9200228,1.607975,-1.993772
RWI,347.9088,-0.9211445,1.607565,-1.993655
RWI,347.917,-0.9205127,1.607156,-1.993538
RWI,347.9259,-0.9208664,1.60696,-1.993088
RWI,347.9335,-0.9195479,1.60613,-1.992732
RWI,347.9428,-0.9181585,1.60602,-1.991501
RWI,347.9503,-0.9170544,1.605557,-1.990774
RWI,347.9587,-0.9133937,1.604847,-1.989576
RWI,347.9669,-0.910102,1.604199,-1.988508
RWI,347.975,-0.905923,1.603003,-1.987418
RWI,347.9846,-0.9013669,1.602046,-1.986104
RWI,347.9925,-0.8959885,1.600785,-1.984876
RWI,348.0001,-0.8901634,1.599499,-1.983082
RWI,348.0085,-0.883989,1.598004,-1.981845
RWI,348.0168,-0.877201,1.595696,-1.980053
RWI,348.0255,-0.8702,1.593261,-1.978307
RWI,348.0335,-0.8632553,1.590317,-1.976726
RWI,348.0417,-0.8548412,1.586522,-1.974355
RWI,348.051,-0.8478385,1.583257,-1.97268
RWI,348.0596,-0.8395979,1.579193,-1.970413
RWI,348.0667,-0.8311642,1.574698,-1.9679
RWI,348.0749,-0.8224168,1.568956,-1.965588
RWI,348.084,-0.8134582,1.563892,-1.963163
RWI,348.0916,-0.8041556,1.558235,-1.960507
RWI,348.1008,-0.794943,1.552296,-1.95807
RWI,348.1083,-0.7851777,1.545092,-1.955648
RWI,348.1177,-0.7764488,1.538449,-1.953291
RWI,348.1259,-0.7670314,1.530818,-1.95069
RWI,348.1333,-0.7579283,1.522746,-1.948066
RWI,348.1432,-0.7488768,1.51417,-1.945455
RWI,348.1501,-0.7393963,1.504907,-1.942993
RWI,348.1582,-0.7307452,1.494793,-1.941278
RWI,348.1671,-0.721825,1.485652,-1.938995
RWI,348.1753,-0.71308,1.475017,-1.937171
RWI,348.1836,-0.7051324,1.464144,-1.935229
RWI,348.1929,-0.6980184,1.45156,-1.933875
RWI,348.2003,-0.6907507,1.439274,-1.931828
RWI,348.2086,-0.6840316,1.426946,-1.930305
RWI,348.2168,-0.677599,1.413616,-1.928803
RWI,348.2253,-0.671497,1.399769,-1.927425
RWI,348.2336,-0.6657686,1.385887,-1.92641
RWI,348.242,-0.6605265,1.371414,-1.925614
RWI,348.2508,-0.6559591,1.357057,-1.924994
RWI,348.2591,-0.6512975,1.342201,-1.924522
RWI,348.2672,-0.6473758,1.32692,-1.924115
RWI,348.2751,-0.6436458,1.312071,-1.923557
RWI,348.2835,-0.640703,1.296742,-1.922912
RWI,348.2924,-0.6379836,1.281086,-1.922349
RWI,348.3,-0.635679,1.265532,-1.921878
RWI,348.3083,-0.6347278,1.249672,-1.921791
RWI,348.317,-0.6324828,1.233922,-1.921295
RWI,348.3261,-0.6326796,1.217877,-1.921853
RWI,348.3334,-0.6321847,1.201958,-1.922059
RWI,348.3427,-0.6322544,1.186929,-1.922459
RWI,348.3503,-0.6326021,1.171204,-1.922641
RWI,348.3583,-0.6334124,1.156209,-1.923058
RWI,348.3681,-0.6346266,1.140878,-1.923512
RWI,348.3778,-0.6368362,1.125077,-1.924334
RWI,348.3846,-0.6388485,1.107619,-1.924883
RWI,348.3937,-0.6401307,1.09651,-1.925325
RWI,348.3993,-0.6433991,1.080912,-1.926822
RWI,348.409,-0.6450982,1.070737,-1.927509
RWI,348.4159,-0.6479087,1.057279,-1.928426
RWI,348.4265,-0.6514114,1.044461,-1.929379
RWI,348.4364,-0.6561092,1.029216,-1.930568
RWI,348.4423,-0.6620843,1.014421,-1.931405
RWI,348.4514,-0.6660882,1.006395,-1.932118
RWI,348.4586,-0.6714896,0.9939474,-1.933111
RWI,348.4655,-0.6756898,0.9864567,-1.934032
RWI,348.4737,-0.6810319,0.9761806,-1.935236
RWI,348.4819,-0.6861914,0.9670724,-1.936364
RWI,348.4903,-0.6915466,0.958263,-1.937966
RWI,348.5045,-0.6968266,0.9486864,-1.939448
RWI,348.5124,-0.7023394,0.9406174,-1.941404
RWI,348.5181,-0.710703,0.9293894,-1.943943
RWI,348.5284,-0.7148068,0.9236715,-1.945107
RWI,348.5379,-0.7212393,0.9169332,-1.946592
RWI,348.5495,-0.7270651,0.9105321,-1.94768
RWI,348.5598,-0.7337221,0.9044945,-1.948504
RWI,348.565,-0.7399144,0.8985119,-1.949663
RWI,348.5728,-0.7427469,0.8966538,-1.94972
RWI,348.5822,-0.7461044,0.8939118,-1.949831
RWI,348.5899,-0.7495131,0.8911923,-1.950071
RWI,348.5979,-0.7520868,0.8889188,-1.950056
RWI,348.606,-0.7552238,0.8858728,-1.950257
RWI,348.6143,-0.7579126,0.8838361,-1.950207
RWI,348.6234,-0.7601527,0.8819279,-1.94975
RWI,348.6313,-0.7619649,0.8806546,-1.948536
RWI,348.6396,-0.7637426,0.879578,-1.947516
RWI,348.6481,-0.7656888,0.8790824,-1.945924
RWI,348.6564,-0.7669356,0.8789108,-1.944534
RWI,348.6649,-0.7685903,0.8784923,-1.942952
RWI,348.6731,-0.7690006,0.879096,-1.940801
RWI,348.6811,-0.7696484,0.8792992,-1.939379
RWI,348.6895,-0.7708443,0.8796827,-1.937605
RWI,348.698,-0.771293,0.8803463,-1.935866
RWI,348.7061,-0.7722889,0.8812845,-1.933676
RWI,348.7144,-0.7730789,0.8820842,-1.931734
RWI,348.7233,-0.7738349,0.883099,-1.929431
RWI,348.7311,-0.7749211,0.8843233,-1.926869
RWI,348.7395,-0.7762426,0.8856009,-1.924231
RWI,348.748,-0.777823,0.886978,-1.921614
RWI,348.7562,-0.7795454,0.8880764,-1.918802
RWI,348.7646,-0.7818592,0.8891588,-1.915738
RWI,348.7729,-0.7835904,0.8902214,-1.912958
RWI,348.7809,-0.7862394,0.8915477,-1.909916
RWI,348.7901,-0.7884058,0.8927472,-1.90699
RWI,348.7976,-0.7913129,0.8939046,-1.903899
RWI,348.8063,-0.7937853,0.8947412,-1.900971
RWI,348.8145,-0.7965699,0.8954971,-1.898359
RWI,348.8237,-0.8001972,0.8966416,-1.895069
RWI,348.8313,-0.8032625,0.8973695,-1.892328
RWI,348.84,-0.8066688,0.8981457,-1.889812
RWI,348.8477,-0.8098792,0.8987942,-1.88724
RWI,348.8565,-0.8130517,0.8992688,-1.885306
RWI,348.865,-0.8161111,0.8997459,-1.882743
RWI,348.873,-0.8192276,0.9001279,-1.88086
RWI,348.8814,-0.8221734,0.9004785,-1.878486
RWI,348.8895,-0.8251766,0.9008253,-1.876704
RWI,348.8979,-0.8279157,0.9010741,-1.874636
RWI,348.9059,-0.8306153,0.9010546,-1.872389
RWI,348.9148,-0.8336598,0.9007327,-1.87052
RWI,348.924,-0.8367351,0.9006851,-1.868461
RWI,348.9318,-0.8401383,0.900677,-1.866319
RWI,348.9413,-0.8433803,0.9005023,-1.864368
RWI,348.9491,-0.8468903,0.9003716,-1.862403
RWI,348.9572,-0.8500181,0.8996958,-1.860593
RWI,348.9663,-0.8532387,0.8993357,-1.85868
RWI,348.9748,-0.8553788,0.8981183,-1.857418
RWI,348.9833,-0.8582748,0.8975672,-1.855603
RWI,348.9923,-0.8612458,0.8966492,-1.8539
RWI,349.0001,-0.8638067,0.8958923,-1.851984
RWI,349.0083,-0.866544,0.8953299,-1.850366
RWI,349.0167,-0.8692873,0.89485,-1.848787
RWI,349.0253,-0.8722586,0.8944629,-1.847199
RWI,349.0336,-0.8753082,0.8944361,-1.845423
RWI,349.0414,-0.8784627,0.8942529,-1.84395
RWI,349.0505,-0.8816351,0.8940729,-1.842536
RWI,349.0586,-0.8848249,0.8936757,-1.841171
RWI,349.067,-0.8879369,0.8934487,-1.839814
RWI,349.0754,-0.891095,0.8928274,-1.838711
RWI,349.0833,-0.8940718,0.8923774,-1.837384
RWI,349.0914,-0.8966839,0.8918306,-1.83651
RWI,349.0998,-0.8994158,0.8917329,-1.83542
RWI,349.1082,-0.9018637,0.891301,-1.834521
RWI,349.1171,-0.9043643,0.891178,-1.833743
RWI,349.1265,-0.9067058,0.890902,-1.833122
RWI,349.1332,-0.909218,0.8906523,-1.832521
RWI,349.1426,-0.9115058,0.8904314,-1.831895
RWI,349.15,-0.9137996,0.8899354,-1.831437
RWI,349.1583,-0.9158169,0.889415,-1.831028
RWI,349.1665,-0.9178085,0.889099,-1.830658
RWI,349.1754,-0.9196274,0.8883945,-1.830447
RWI,349.1834,-0.9212835,0.8875285,-1.830257
RWI,349.1924,-0.9229831,0.8870116,-1.830048
RWI,349.2,-0.9245169,0.8862641,-1.829999
RWI,349.2086,-0.9257451,0.8853402,-1.83019
RWI,349.2169,-0.9273988,0.8846723,-1.830038
RWI,349.2255,-0.928559,0.8841084,-1.830053
RWI,349.2333,-0.9298834,0.883579,-1.83031
RWI,349.2416,-0.9307184,0.8830225,-1.830357
RWI,349.2505,-0.9315572,0.8822964,-1.830621
RWI,349.259,-0.9328277,0.881825,-1.830682
RWI,349.2668,-0.9336917,0.8810214,-1.831022
RWI,349.2749,-0.9343599,0.8803913,-1.831176
RWI,349.2838,-0.9349062,0.8796798,-1.831468
RWI,349.2916,-0.9361893,0.8785626,-1.83171
RWI,349.3,-0.9367069,0.8777159,-1.831943
RWI,349.3081,-0.9373201,0.8769501,-1.832264
RWI,349.3169,-0.9378213,0.8763316,-1.832361
RWI,349.3261,-0.9382138,0.8754189,-1.832639
RWI,349.3334,-0.938429,0.874703,-1.832853
RWI,349.3427,-0.9385834,0.8739537,-1.833049
RWI,349.3501,-0.9388236,0.8731534,-1.833218
RWI,349.358,-0.9389851,0.8723314,-1.833498
RWI,349.3663,-0.9390313,0.8717139,-1.833602
RWI,349.3752,-0.9390634,0.8707565,-1.833797
RWI,349.3842,-0.9390395,0.8699294,-1.834091
RWI,349.3931,-0.9391212,0.8687341,-1.834418
RWI,349.4004,-0.9391775,0.8676199,-1.834648
RWI,349.4079,-0.9391388,0.8664841,-1.834882
RWI,349.4167,-0.9391228,0.8654876,-1.835079
RWI,349.4255,-0.939217,0.8644499,-1.835313
RWI,349.4332,-0.9392909,0.8637384,-1.835489
RWI,349.4418,-0.9392124,0.8634949,-1.835461
RWI,349.45,-0.9392315,0.8634217,-1.835377
RWI,349.46,-0.9393514,0.8634605,-1.835255
RWI,349.4666,-0.9393291,0.863663,-1.834948
RWI,349.475,-0.9392394,0.8639861,-1.834625
RWI,349.4833,-0.9391468,0.864517,-1.834145
RWI,349.4913,-0.9391243,0.8651276,-1.833609
RWI,349.5002,-0.9389111,0.8661528,-1.832912
RWI,349.5088,-0.9390575,0.8665468,-1.832538
RWI,349.5168,-0.9388124,0.8676248,-1.831687
RWI,349.5258,-0.9386221,0.8683813,-1.831022
RWI,349.5332,-0.9384068,0.8693318,-1.830291
RWI,349.5428,-0.9380396,0.8703349,-1.829586
RWI,349.5499,-0.9377608,0.8711077,-1.829037
RWI,349.5581,-0.9376265,0.8718931,-1.828602
RWI,349.5668,-0.9375667,0.8724922,-1.828088
RWI,349.5748,-0.9373633,0.8730185,-1.827516
RWI,349.5839,-0.93712,0.8736103,-1.82709
RWI,349.5927,-0.9368356,0.8741625,-1.826619
RWI,349.6001,-0.9364999,0.8746834,-1.826114
RWI,349.6081,-0.9362369,0.8752868,-1.825564
RWI,349.6165,-0.9360281,0.8757092,-1.825061
RWI,349.6254,-0.9358259,0.8761302,-1.824545
RWI,349.6331,-0.9355159,0.8764237,-1.824151
RWI,349.6416,-0.9354132,0.8767234,-1.823695
RWI,349.6509,-0.9353139,0.8769502,-1.823305
RWI,349.659,-0.9352081,0.8770157,-1.822994
RWI,349.6668,-0.9351383,0.8771594,-1.822595
RWI,349.6748,-0.9350614,0.8770325,-1.822257
RWI,349.6831,-0.9349954,0.8767121,-1.821725
RWI,349.6913,-0.9349801,0.8766041,-1.82128
RWI,349.7,-0.9349632,0.8763076,-1.820922
RWI,349.708,-0.9350329,0.8758367,-1.820562
RWI,349.7171,-0.9350402,0.8754212,-1.82046
RWI,349.7257,-0.9350872,0.8749094,-1.820248
RWI,349.7329,-0.9351987,0.8740764,-1.82027
RWI,349.7431,-0.9352543,0.8734359,-1.820133
RWI,349.75,-0.9353817,0.8724759,-1.82015
RWI,349.7582,-0.9354351,0.8712736,-1.820351
RWI,349.7663,-0.935662,0.8699353,-1.820594
RWI,349.7747,-0.9358701,0.8686818,-1.820746
RWI,349.7836,-0.9361056,0.8667225,-1.821309
RWI,349.7925,-0.9363564,0.864907,-1.821947
RWI,349.7998,-0.9367634,0.8630633,-1.822649
RWI,349.8081,-0.9370786,0.8613262,-1.823348
RWI,349.8163,-0.9374944,0.8598161,-1.824058
RWI,349.8254,-0.9378817,0.8587824,-1.824791
RWI,349.8334,-0.9384857,0.8577039,-1.82547
RWI,349.8415,-0.9389294,0.8570461,-1.826222
RWI,349.8503,-0.9397583,0.8564411,-1.826771
RWI,349.859,-0.940533,0.8559702,-1.827312
RWI,349.8665,-0.9412127,0.8558254,-1.827741
RWI,349.8754,-0.9419931,0.8557042,-1.827969
RWI,349.8831,-0.9424541,0.855449,-1.82842
RWI,349.8913,-0.9429139,0.8550316,-1.828632
RWI,349.9002,-0.9432099,0.854665,-1.828874
RWI,349.908,-0.9428985,0.8540717,-1.829111
RWI,349.917,-0.9426816,0.8538033,-1.829272
RWI,349.9261,-0.9426135,0.8535567,-1.829463
RWI,349.933,-0.9429135,0.8532661,-1.829917
RWI,349.9426,-0.943105,0.8531831,-1.83009
RWI,349.9499,-0.9434242,0.852923,-1.830554
RWI,349.9585,-0.9437423,0.852654,-1.830833
RWI,349.9666,-0.944016,0.8523529,-1.831085
RWI,349.9749,-0.9441888,0.8520332,-1.831288
RWI,349.9834,-0.9441967,0.8516256,-1.831738
RWI,349.9923,-0.9440197,0.8510615,-1.831726
RWI,349.9998,-0.9441986,0.8509663,-1.83167
RWI,350.0082,-0.9437639,0.8507324,-1.831414
RWI,350.0166,-0.9436801,0.8508164,-1.831203
RWI,350.0252,-0.94334,0.8508446,-1.831056
RWI,350.0334,-0.9431796,0.8511407,-1.830982
RWI,350.0415,-0.9430046,0.8514806,-1.830801
RWI,350.0501,-0.9427532,0.8517615,-1.830661
RWI,350.0597,-0.9425879,0.8519103,-1.830462
RWI,350.0705,-0.9423341,0.8520535,-1.830233
RWI,350.0797,-0.9416937,0.8523229,-1.829986
RWI,350.0896,-0.9413467,0.8523458,-1.829511
RWI,350.0978,-0.9410386,0.8526208,-1.829233
RWI,350.1079,-0.9405976,0.8527697,-1.828947
RWI,350.1146,-0.9403483,0.8530813,-1.828753
RWI,350.1228,-0.9399797,0.85326,-1.828497
RWI,350.1314,-0.9395584,0.8534178,-1.828346
RWI,350.1391,-0.9392587,0.853578,-1.827994
RWI,350.1481,-0.9389777,0.8537272,-1.827792
RWI,350.1557,-0.9385719,0.8540061,-1.827497
RWI,350.1646,-0.9382535,0.8540862,-1.827282
RWI,350.1726,-0.9378358,0.854211,-1.826939
RWI,350.1807,-0.9373646,0.8543573,-1.826689
RWI,350.1898,-0.9370592,0.8544084,-1.826554
RWI,350.1975,-0.9366943,0.8545392,-1.826315
RWI,350.2061,-0.9362459,0.8546982,-1.826107
RWI,350.2145,-0.9360164,0.8549998,-1.825915
RWI,350.2257,-0.9357219,0.8552868,-1.825933
RWI,350.2361,-0.9355198,0.8554369,-1.825799
RWI,350.2411,-0.9353718,0.8553459,-1.825783
RWI,350.2475,-0.9353091,0.8553541,-1.825777
RWI,350.256,-0.9353333,0.8552873,-1.825871
RWI,350.2647,-0.9353048,0.855335,-1.825885
RWI,350.2726,-0.9352255,0.8553162,-1.825923
RWI,350.2806,-0.9351976,0.8553846,-1.826
RWI,350.2888,-0.9351902,0.8553374,-1.826127
RWI,350.2976,-0.9352653,0.8553181,-1.826166
RWI,350.3057,-0.9353463,0.8553766,-1.826277
RWI,350.3141,-0.9354612,0.8553875,-1.826344
RWI,350.3229,-0.9357116,0.8554145,-1.826403
RWI,350.3308,-0.9358785,0.8552572,-1.826565
RWI,350.3395,-0.936076,0.8552032,-1.826643
RWI,350.3477,-0.9362353,0.8552036,-1.826725
RWI,350.3556,-0.9365491,0.8549916,-1.826803
RWI,350.3643,-0.9366933,0.8550214,-1.826835
RWI,350.373,-0.9368663,0.8550808,-1.826934
RWI,350.3816,-0.9371453,0.8549833,-1.826921
RWI,350.3894,-0.937296,0.855121,-1.82708
RWI,350.3975,-0.9375321,0.8551541,-1.82707
RWI,350.4058,-0.9377973,0.8551708,-1.827157
RWI,350.4143,-0.9378254,0.8554697,-1.827178
RWI,350.4234,-0.9380197,0.8556695,-1.827202
RWI,350.4309,-0.9382997,0.8560015,-1.827127
RWI,350.4392,-0.9382235,0.8567199,-1.827002
RWI,350.4473,-0.9382815,0.857627,-1.826824
RWI,350.4559,-0.9383823,0.8587879,-1.826576
RWI,350.4649,-0.9383124,0.8599672,-1.826384
RWI,350.4726,-0.9381497,0.8618525,-1.826077
RWI,350.4807,-0.9379259,0.8638363,-1.825729
RWI,350.489,-0.9373034,0.8670406,-1.82527
RWI,350.4976,-0.9368147,0.8696431,-1.824866
RWI,350.5058,-0.9359368,0.8736873,-1.824212
RWI,350.5143,-0.9349203,0.8777918,-1.823638
RWI,350.5226,-0.9331422,0.8824271,-1.822824
RWI,350.5308,-0.9308798,0.8870755,-1.822235
RWI,350.539,-0.9282531,0.8921916,-1.821514
RWI,350.5484,-0.9258705,0.8977262,-1.820817
RWI,350.5556,-0.9232461,0.9032622,-1.820158
RWI,350.5643,-0.920505,0.9083377,-1.819315
RWI,350.5727,-0.9174396,0.913672,-1.819115
RWI,350.5817,-0.9145252,0.9191004,-1.818583
RWI,350.5902,-0.9119903,0.9244381,-1.818341
RWI,350.5983,-0.909732,0.9299375,-1.818229
RWI,350.607,-0.907263,0.9365036,-1.817932
RWI,350.6152,-0.9046071,0.9427459,-1.817334
RWI,350.6244,-0.9019418,0.9496107,-1.816738
RWI,350.6324,-0.8988802,0.956852,-1.815759
RWI,350.6407,-0.8954991,0.9643171,-1.815026
RWI,350.6497,-0.8917777,0.9729279,-1.813996
RWI,350.6587,-0.8884777,0.9809339,-1.813186
RWI,350.6664,-0.884688,0.9898188,-1.8123
RWI,350.6752,-0.8811508,0.9987941,-1.811303
RWI,350.6832,-0.8777375,1.007134,-1.810591
RWI,350.6913,-0.8745879,1.016171,-1.810001
RWI,350.6996,-0.871475,1.024897,-1.809606
RWI,350.7083,-0.868699,1.033894,-1.808856
RWI,350.7165,-0.8656503,1.042957,-1.808028
RWI,350.7256,-0.8629924,1.05229,-1.807365
RWI,350.7329,-0.8602428,1.061172,-1.806175
RWI,350.7421,-0.8576773,1.069613,-1.805421
RWI,350.7497,-0.8550941,1.078172,-1.804195
RWI,350.7581,-0.8525448,1.086888,-1.80301
RWI,350.7663,-0.850324,1.096004,-1.801663
RWI,350.7745,-0.8480908,1.10508,-1.800222
RWI,350.7834,-0.8460436,1.114241,-1.798729
RWI,350.7915,-0.8444731,1.123237,-1.797129
RWI,350.7997,-0.8427934,1.13238,-1.795324
RWI,350.8077,-0.8413437,1.141022,-1.79322
RWI,350.8165,-0.8399948,1.149372,-1.791131
RWI,350.8253,-0.8385111,1.15802,-1.788875
RWI,350.8333,-0.837502,1.166405,-1.786466
RWI,350.8411,-0.8369533,1.174972,-1.784058
RWI,350.8505,-0.8360925,1.183264,-1.781276
RWI,350.8587,-0.8355904,1.1918,-1.778298
RWI,350.8665,-0.8352301,1.19997,-1.774884
RWI,350.8743,-0.8345168,1.208124,-1.770946
RWI,350.8831,-0.8342814,1.215446,-1.76675
RWI,350.8916,-0.8338944,1.222683,-1.762127
RWI,350.8996,-0.8339899,1.230134,-1.757647
RWI,350.908,-0.8337625,1.23747,-1.752767
RWI,350.9166,-0.8338752,1.244974,-1.747912
RWI,350.9253,-0.834389,1.252745,-1.742835
RWI,350.933,-0.834929,1.260757,-1.737831
RWI,350.9419,-0.8354803,1.268293,-1.732719
RWI,350.9608,-0.835828,1.276033,-1.727359
RWI,350.9662,-0.8375668,1.292935,-1.713748
RWI,350.9724,-0.8382493,1.297214,-1.709707
RWI,350.9803,-0.8387988,1.30192,-1.705142
RWI,350.9893,-0.8395795,1.308615,-1.699306
RWI,350.9976,-0.8406785,1.315353,-1.693176
RWI,351.0056,-0.8418441,1.32156,-1.686687
RWI,351.014,-0.8429902,1.327963,-1.680429
RWI,351.0233,-0.844349,1.333638,-1.673856
RWI,351.0305,-0.8455635,1.338244,-1.666936
RWI,351.0391,-0.84681,1.343847,-1.660659
RWI,351.0475,-0.847711,1.348386,-1.654065
RWI,351.0557,-0.8488331,1.353407,-1.647666
RWI,351.0649,-0.8499606,1.358091,-1.64105
RWI,351.0724,-0.8513191,1.36253,-1.634283
RWI,351.0808,-0.8528146,1.366187,-1.628027
RWI,351.0893,-0.8545118,1.369428,-1.621665
RWI,351.0988,-0.8557289,1.372335,-1.615156
RWI,351.1059,-0.8575241,1.375487,-1.608253
RWI,351.114,-0.8580157,1.37746,-1.603124
RWI,351.1232,-0.8593329,1.379942,-1.597661
RWI,351.1305,-0.8604429,1.38189,-1.592298
RWI,351.1398,-0.8610696,1.383363,-1.587528
RWI,351.1497,-0.8621807,1.385232,-1.582078
RWI,351.1554,-0.8628914,1.387671,-1.576093
RWI,351.1643,-0.8635045,1.388575,-1.573092
RWI,351.1726,-0.8644243,1.390135,-1.568175
RWI,351.181,-0.8649125,1.39126,-1.563916
RWI,351.1895,-0.8652651,1.390748,-1.560852
RWI,351.1975,-0.86578,1.391025,-1.556989
RWI,351.2058,-0.8659943,1.39039,-1.554497
RWI,351.2142,-0.8664978,1.390521,-1.551456
RWI,351.2234,-0.8669447,1.390775,-1.548945
RWI,351.2309,-0.8675954,1.391336,-1.546425
RWI,351.239,-0.8680569,1.392044,-1.544115
RWI,351.2473,-0.8682912,1.392184,-1.541796
RWI,351.2562,-0.868763,1.392493,-1.539574
RWI,351.2646,-0.8693541,1.392489,-1.538362
RWI,351.2726,-0.8697684,1.392596,-1.537488
RWI,351.2809,-0.8698978,1.392273,-1.53577
RWI,351.2906,-0.869961,1.392053,-1.535135
RWI,351.2997,-0.8703825,1.391896,-1.534067
RWI,351.3058,-0.8704146,1.391383,-1.533195
RWI,351.3139,-0.8702609,1.390783,-1.532865
RWI,351.3227,-0.8697925,1.389716,-1.532174
RWI,351.3307,-0.8693413,1.388496,-1.531886
RWI,351.3391,-0.8690368,1.387519,-1.531727
RWI,351.3476,-0.8683933,1.385958,-1.531905
RWI,351.3556,-0.8680499,1.38493,-1.531695
RWI,351.3639,-0.8676248,1.383845,-1.531495
RWI,351.3722,-0.8671989,1.383002,-1.531503
RWI,351.3811,-0.8666526,1.381913,-1.531263
RWI,351.3897,-0.865743,1.380915,-1.531442
RWI,351.3978,-0.8646558,1.380023,-1.531607
RWI,351.4068,-0.8637831,1.378812,-1.531856
RWI,351.4151,-0.8630542,1.377382,-1.531961
RWI,351.4245,-0.8624814,1.375943,-1.532321
RWI,351.4323,-0.8617167,1.374218,-1.532557
RWI,351.4404,-0.8608937,1.372467,-1.532883
RWI,351.4492,-0.8597268,1.371012,-1.533457
RWI,351.4586,-0.8587587,1.369969,-1.533581
RWI,351.4662,-0.8577899,1.368998,-1.533956
RWI,351.4741,-0.8571748,1.368111,-1.534588
RWI,351.4823,-0.8568958,1.367895,-1.535013
RWI,351.4905,-0.8560546,1.36716,-1.53537
RWI,351.4989,-0.8553646,1.367062,-1.535587
RWI,351.5078,-0.8545519,1.367074,-1.535792
RWI,351.5157,-0.8537949,1.366898,-1.535923
RWI,351.5244,-0.8530227,1.366567,-1.536304
RWI,351.5324,-0.8523394,1.36652,-1.536497
RWI,351.5416,-0.8515694,1.3662,-1.537082
RWI,351.5493,-0.8507298,1.365934,-1.537311
RWI,351.5572,-0.8501743,1.365515,-1.537892
RWI,351.5656,-0.849911,1.365314,-1.538383
RWI,351.5739,-0.849447,1.365372,-1.538735
RWI,351.5835,-0.8490053,1.365499,-1.539021
RWI,351.5959,-0.8483568,1.365681,-1.539174
RWI,351.6047,-0.8476344,1.365725,-1.539818
RWI,351.614,-0.8472447,1.366001,-1.540102
RWI,351.6232,-0.8468593,1.366108,-1.540333
RWI,351.6308,-0.8464111,1.366166,-1.540586
RWI,351.6392,-0.8459384,1.3662,-1.540864
RWI,351.6476,-0.8452255,1.366186,-1.541229
RWI,351.6561,-0.8447357,1.366342,-1.541687
RWI,351.6646,-0.8441584,1.366453,-1.542175
RWI,351.6722,-0.843583,1.366597,-1.542801
RWI,351.6805,-0.8429633,1.366796,-1.543351
RWI,351.689,-0.8423058,1.367007,-1.543904
RWI,351.6974,-0.8414657,1.367156,-1.544673
RWI,351.7057,-0.8404328,1.367435,-1.545485
RWI,351.7137,-0.8392673,1.367647,-1.546297
RWI,351.7234,-0.8377866,1.367733,-1.547228
RWI,351.7304,-0.8363597,1.368038,-1.548185
RWI,351.7391,-0.834812,1.3684,-1.549102
RWI,351.7481,-0.8330463,1.368715,-1.549987
RWI,351.7556,-0.8309335,1.369092,-1.550961
RWI,351.7641,-0.8289924,1.369709,-1.551862
RWI,351.7725,-0.8267806,1.36999,-1.552924
RWI,351.7804,-0.8242854,1.370319,-1.554194
RWI,351.7892,-0.8220682,1.370632,-1.555309
RWI,351.7976,-0.8191366,1.371144,-1.556653
RWI,351.8054,-0.8163301,1.37146,-1.55782
RWI,351.814,-0.8136286,1.371848,-1.559126
RWI,351.823,-0.8102179,1.372372,-1.560399
RWI,351.8307,-0.8070657,1.3728,-1.561916
RWI,351.8387,-0.8039458,1.37311,-1.563507
RWI,351.8476,-0.800613,1.373762,-1.564833
RWI,351.8561,-0.7971068,1.373945,-1.56663
RWI,351.8647,-0.7936735,1.374228,-1.568538
RWI,351.872,-0.7899609,1.374191,-1.57047
RWI,351.8806,-0.7863156,1.374157,-1.572336
RWI,351.8886,-0.7824225,1.374043,-1.574393
RWI,351.8976,-0.7783456,1.373777,-1.576711
RWI,351.9058,-0.7743003,1.373383,-1.578896
RWI,351.9137,-0.7700539,1.372873,-1.581258
RWI,351.9231,-0.7659414,1.37223,-1.583976
RWI,351.9305,-0.7612631,1.371127,-1.586756
RWI,351.9391,-0.7569849,1.370375,-1.589112
RWI,351.9477,-0.7521495,1.368884,-1.591913
RWI,351.9563,-0.7474861,1.367363,-1.595024
RWI,351.9648,-0.7426453,1.36568,-1.597872
RWI,351.9732,-0.7376717,1.364014,-1.600842
RWI,351.9817,-0.7327385,1.361754,-1.603867
RWI,351.9907,-0.7277421,1.359306,-1.606909
RWI,351.9984,-0.7227448,1.356537,-1.609962
RWI,352.0077,-0.7178376,1.353441,-1.612964
RWI,352.0156,-0.712709,1.350276,-1.616128
RWI,352.0245,-0.7078879,1.347371,-1.61914
RWI,352.0327,-0.702991,1.343304,-1.622522
RWI,352.0411,-0.6983956,1.339334,-1.625893
RWI,352.0497,-0.6937709,1.335024,-1.629138
RWI,352.0588,-0.6891501,1.330537,-1.632333
RWI,352.0661,-0.6844212,1.32583,-1.635588
RWI,352.0742,-0.6798038,1.32082,-1.638867
RWI,352.0832,-0.6750071,1.315521,-1.642274
RWI,352.0911,-0.6704329,1.309583,-1.645565
RWI,352.0994,-0.6658907,1.304219,-1.648813
RWI,352.1076,-0.6615242,1.29803,-1.652097
RWI,352.1162,-0.6570953,1.291741,-1.655305
RWI,352.1259,-0.6531402,1.284559,-1.658282
RWI,352.133,-0.648713,1.277943,-1.661562
RWI,352.1419,-0.6448237,1.270986,-1.664507
RWI,352.1497,-0.6411102,1.263342,-1.667536
RWI,352.1575,-0.6365979,1.256388,-1.670385
RWI,352.166,-0.6327489,1.248771,-1.673317
RWI,352.1743,-0.6288469,1.240802,-1.676292
RWI,352.1833,-0.6252221,1.232631,-1.679354
RWI,352.1916,-0.6217483,1.224245,-1.682429
RWI,352.1992,-0.6188039,1.215751,-1.685636
RWI,352.2079,-0.6157559,1.207187,-1.688538
RWI,352.2163,-0.6128328,1.198495,-1.69153
RWI,352.2248,-0.609983,1.189364,-1.694455
RWI,352.2331,-0.6071683,1.180435,-1.697301
RWI,352.2409,-0.6049251,1.171006,-1.700162
RWI,352.2498,-0.6026055,1.161668,-1.702855
RWI,352.2592,-0.6000834,1.152302,-1.705588
RWI,352.2661,-0.5978822,1.142466,-1.708332
RWI,352.2744,-0.5956838,1.133091,-1.711042
RWI,352.283,-0.5937373,1.123318,-1.713709
RWI,352.2911,-0.5919161,1.113764,-1.716275
RWI,352.2993,-0.5901674,1.104041,-1.718756
RWI,352.3075,-0.5882544,1.094424,-1.721198
RWI,352.3167,-0.5870469,1.084714,-1.723555
RWI,352.3252,-0.5852689,1.074889,-1.72586
RWI,352.3329,-0.5841143,1.065339,-1.727905
RWI,352.3423,-0.5830461,1.055877,-1.729996
RWI,352.3494,-0.5820373,1.046293,-1.731994
RWI,352.3574,-0.5815572,1.03708,-1.733924
RWI,352.3666,-0.5808374,1.027701,-1.735802
RWI,352.3743,-0.5802284,1.018437,-1.737618
RWI,352.3831,-0.5797651,1.009453,-1.739244
RWI,352.3928,-0.5794772,1.000516,-1.740907
RWI,352.3993,-0.5794982,0.9919811,-1.742307
RWI,352.4083,-0.5794123,0.9835389,-1.743712
RWI,352.4164,-0.5795618,0.9748074,-1.745171
RWI,352.4249,-0.5796188,0.9663876,-1.746454
RWI,352.4326,-0.5796508,0.9581529,-1.747658
RWI,352.4409,-0.5799959,0.9504071,-1.748453
RWI,352.4499,-0.5802674,0.9426273,-1.749312
RWI,352.4587,-0.5805092,0.9346641,-1.750141
RWI,352.4668,-0.5807995,0.9270869,-1.751003
RWI,352.4744,-0.5812487,0.9194918,-1.751548
RWI,352.4825,-0.5814736,0.9120158,-1.752132
RWI,352.4908,-0.5817931,0.9048523,-1.752536
RWI,352.4996,-0.5824873,0.8974124,-1.753002
RWI,352.5076,-0.5833727,0.8902681,-1.753282
RWI,352.5162,-0.5841497,0.8830022,-1.753752
RWI,352.5256,-0.5852298,0.8764955,-1.754061
RWI,352.5329,-0.5863215,0.8697786,-1.754367
RWI,352.5421,-0.587371,0.863393,-1.754712
RWI,352.5496,-0.5886062,0.8571147,-1.754882
RWI,352.5575,-0.5897573,0.850984,-1.754897
RWI,352.566,-0.5911031,0.8449932,-1.754925
RWI,352.5746,-0.5921744,0.8391292,-1.754825
RWI,352.5838,-0.5934635,0.8333264,-1.754764
RWI,352.5919,-0.5946194,0.82793,-1.754428
RWI,352.5998,-0.5958469,0.8225733,-1.754166
RWI,352.6077,-0.5971919,0.8173375,-1.753835
RWI,352.6162,-0.598563,0.812326,-1.753488
RWI,352.6248,-0.6000423,0.8074846,-1.753157
RWI,352.633,-0.6019364,0.802898,-1.75285
RWI,352.6408,-0.6035193,0.7984279,-1.752589
RWI,352.6496,-0.605064,0.7941257,-1.752409
RWI,352.6586,-0.6066592,0.7898935,-1.752091
RWI,352.6663,-0.608093,0.7859967,-1.751755
RWI,352.6744,-0.6095277,0.7821886,-1.751431
RWI,352.6832,-0.6110258,0.7782477,-1.751142
RWI,352.6909,-0.612511,0.7744845,-1.750901
RWI,352.6996,-0.6138221,0.7713942,-1.750747
RWI,352.7079,-0.6151912,0.7681993,-1.75048
RWI,352.7163,-0.6164278,0.7648515,-1.750266
RWI,352.7252,-0.6179985,0.7618414,-1.750206
RWI,352.7325,-0.6193543,0.7588583,-1.750092
RWI,352.7418,-0.6208405,0.7564023,-1.749999
RWI,352.7493,-0.6223376,0.753591,-1.749859
RWI,352.758,-0.6238151,0.7509376,-1.749677
RWI,352.7661,-0.6252932,0.7484304,-1.749646
RWI,352.7745,-0.6266136,0.7461419,-1.749491
RWI,352.7836,-0.6279557,0.7438182,-1.749493
RWI,352.7917,-0.6291687,0.7414812,-1.749372
RWI,352.7992,-0.6303245,0.7392566,-1.749314
RWI,352.8076,-0.6315417,0.7371129,-1.749258
RWI,352.8158,-0.6325741,0.7348868,-1.749203
RWI,352.8246,-0.6336129,0.7328328,-1.749191
RWI,352.8333,-0.634795,0.7307679,-1.749111
RWI,352.8408,-0.6358636,0.7287983,-1.749191
RWI,352.8494,-0.6371825,0.7266745,-1.749269
RWI,352.8588,-0.63839,0.7245443,-1.749323
RWI,352.8662,-0.6397809,0.7225054,-1.749416
RWI,352.8745,-0.6409749,0.7201815,-1.749436
RWI,352.8832,-0.6423106,0.7179576,-1.749482
RWI,352.8908,-0.6433123,0.7155778,-1.749449
RWI,352.8995,-0.6444476,0.7132497,-1.749451
RWI,352.9076,-0.6453387,0.7108028,-1.749285
RWI,352.9161,-0.6462817,0.708326,-1.74922
RWI,352.9252,-0.6473182,0.7058395,-1.749135
RWI,352.9328,-0.6485981,0.7027232,-1.749074
RWI,352.9416,-0.649736,0.7001534,-1.749108
RWI,352.9495,-0.6514145,0.6971387,-1.748994
RWI,352.9574,-0.6528137,0.6942903,-1.748991
RWI,352.9661,-0.6540568,0.6914889,-1.748853
RWI,352.9741,-0.6554403,0.6884916,-1.748753
RWI,352.9827,-0.6567854,0.6855185,-1.748558
RWI,352.9923,-0.6579731,0.6826482,-1.748445
RWI,352.999,-0.6592147,0.6793864,-1.748241
RWI,353.0078,-0.6603107,0.6766822,-1.748079
RWI,353.0161,-0.6615099,0.6738821,-1.747882
RWI,353.025,-0.6628649,0.671071,-1.74749
RWI,353.0327,-0.6640484,0.6686544,-1.747152
RWI,353.0408,-0.6652938,0.6661164,-1.746855
RWI,353.0497,-0.666613,0.663942,-1.746577
RWI,353.0576,-0.6680641,0.661718,-1.746449
RWI,353.0663,-0.6695476,0.6596469,-1.746245
RWI,353.0741,-0.6711465,0.6576,-1.745965
RWI,353.083,-0.6731868,0.6558206,-1.745911
RWI,353.0912,-0.6748088,0.6539565,-1.745719
RWI,353.0993,-0.6764172,0.6521515,-1.745504
RWI,353.1076,-0.6779308,0.6509492,-1.745365
RWI,353.116,-0.6793931,0.6493883,-1.745119
RWI,353.1252,-0.6808175,0.647939,-1.744855
RWI,353.1326,-0.6821046,0.6466486,-1.744576
RWI,353.1426,-0.683238,0.6457055,-1.74419
RWI,353.1491,-0.6845204,0.6446145,-1.743881
RWI,353.1575,-0.6858099,0.6434469,-1.743649
RWI,353.166,-0.6872532,0.6425403,-1.743518
RWI,353.1745,-0.688871,0.6418015,-1.743373
RWI,353.1828,-0.6901844,0.641507,-1.743225
RWI,353.1917,-0.6917139,0.641174,-1.743222
RWI,353.199,-0.6931993,0.6405208,-1.743078
RWI,353.2075,-0.6944923,0.6402595,-1.742809
RWI,353.2162,-0.695737,0.6396726,-1.742498
RWI,353.2249,-0.6972421,0.6391497,-1.742344
RWI,353.2325,-0.6986015,0.638639,-1.74238
RWI,353.241,-0.7000093,0.6382298,-1.742349
RWI,353.2495,-0.7016491,0.6375346,-1.742265
RWI,353.2585,-0.7029655,0.6370471,-1.742116
RWI,353.2661,-0.7044201,0.6366562,-1.742005
RWI,353.2742,-0.7057037,0.6362185,-1.741738
RWI,353.2828,-0.7070325,0.6357576,-1.741495
RWI,353.2908,-0.708345,0.6354769,-1.741205
RWI,353.2997,-0.7097916,0.6350688,-1.740826
RWI,353.3076,-0.7115868,0.6351312,-1.740759
RWI,353.3163,-0.7133574,0.6352835,-1.740652
RWI,353.3256,-0.7151457,0.636099,-1.741103
RWI,353.3326,-0.716801,0.6369998,-1.741363
RWI,353.3414,-0.7188067,0.638554,-1.74139
RWI,353.3495,-0.7197291,0.6402533,-1.740915
RWI,353.3572,-0.719263,0.6411614,-1.738437
RWI,353.3658,-0.7185105,0.6417423,-1.733594
RWI,353.3741,-0.7174728,0.6414657,-1.728007
RWI,353.383,-0.716485,0.6411288,-1.723585
RWI,353.392,-0.7152326,0.6409289,-1.719857
RWI,353.3993,-0.7140384,0.6419125,-1.717731
RWI,353.4081,-0.7130406,0.6432668,-1.715948
RWI,353.4164,-0.7115069,0.6446816,-1.714683
RWI,353.4249,-0.7102802,0.6462952,-1.714176
RWI,353.4336,-0.7084803,0.6488431,-1.715247
RWI,353.4412,-0.7068485,0.6507737,-1.715398
RWI,353.4504,-0.7046823,0.6529812,-1.717003
RWI,353.4635,-0.7020669,0.6555947,-1.719176
RWI,353.4724,-0.6975635,0.6595233,-1.722414
RWI,353.4802,-0.6921996,0.6632737,-1.723493
RWI,353.4884,-0.6880929,0.6659998,-1.724851
RWI,353.4969,-0.6838301,0.6679482,-1.725442
RWI,353.5054,-0.6792392,0.6703271,-1.725915
RWI,353.5137,-0.6741745,0.6724007,-1.725946
RWI,353.5223,-0.669611,0.6746233,-1.726512
RWI,353.5303,-0.6656517,0.6772432,-1.72767
RWI,353.5385,-0.6612189,0.6797197,-1.728323
RWI,353.5471,-0.6572011,0.6822704,-1.729654
RWI,353.5557,-0.6528596,0.6851259,-1.730965
RWI,353.5637,-0.648599,0.6877124,-1.732243
RWI,353.5722,-0.644815,0.6907049,-1.733877
RWI,353.5805,-0.6422542,0.6933873,-1.73607
RWI,353.5891,-0.6391712,0.6968532,-1.738158
RWI,353.597,-0.6360649,0.7003444,-1.740095
RWI,353.6055,-0.6336829,0.7035913,-1.742376
RWI,353.6154,-0.6308359,0.7072892,-1.744109
RWI,353.6248,-0.6272135,0.7114602,-1.74636
RWI,353.6299,-0.6246173,0.7155926,-1.748668
RWI,353.6387,-0.6229506,0.7179112,-1.749745
RWI,353.6474,-0.6210901,0.7219664,-1.752012
RWI,353.6556,-0.6189952,0.7258961,-1.753789
RWI,353.6643,-0.6170282,0.7300457,-1.755558
RWI,353.6718,-0.6155059,0.7346665,-1.757401
RWI,353.68,-0.6136918,0.7386812,-1.758968
RWI,353.6886,-0.6123098,0.7427149,-1.760566
RWI,353.697,-0.6108205,0.7471169,-1.762071
RWI,353.7053,-0.6099248,0.750873,-1.763489
RWI,353.7137,-0.6086095,0.7551393,-1.76506
RWI,353.7229,-0.6076538,0.7595057,-1.76657
RWI,353.7302,-0.6067164,0.7642341,-1.768173
RWI,353.7383,-0.6061398,0.7687155,-1.76954
RWI,353.7471,-0.6056528,0.7733892,-1.771103
RWI,353.7552,-0.6053131,0.7779923,-1.772588
RWI,353.7639,-0.6051099,0.7824302,-1.774125
RWI,353.772,-0.6055219,0.7870702,-1.775662
RWI,353.7798,-0.6058568,0.7914887,-1.777049
RWI,353.7889,-0.6064023,0.7958592,-1.778557
RWI,353.7971,-0.6071267,0.800368,-1.780133
RWI,353.805,-0.6078409,0.8051888,-1.781766
RWI,353.8135,-0.608964,0.8096382,-1.783384
RWI,353.8228,-0.6099094,0.8143187,-1.785164
RWI,353.8304,-0.6115885,0.8186525,-1.786995
RWI,353.8385,-0.6130968,0.8228896,-1.788694
RWI,353.8473,-0.614676,0.827052,-1.790415
RWI,353.8561,-0.6166761,0.8311952,-1.792329
RWI,353.8647,-0.6190145,0.8352039,-1.794165
RWI,353.873,-0.6211755,0.8391964,-1.795968
RWI,353.8811,-0.6234024,0.8430173,-1.797616
RWI,353.8893,-0.6256193,0.8468078,-1.799206
RWI,353.8982,-0.6280092,0.8508514,-1.80079
RWI,353.9065,-0.6303741,0.8550254,-1.802404
RWI,353.9152,-0.6328357,0.8589194,-1.803861
RWI,353.9251,-0.6351132,0.8628294,-1.805436
RWI,353.9315,-0.6374673,0.8665786,-1.807023
RWI,353.9405,-0.6396685,0.8702384,-1.808585
RWI,353.9488,-0.6423329,0.8737159,-1.810259
RWI,353.9569,-0.6454406,0.8770528,-1.81173
RWI,353.9654,-0.6486772,0.880158,-1.813309
RWI,353.9744,-0.651781,0.8833354,-1.814669
RWI,353.9824,-0.6555111,0.8863297,-1.816266
RWI,353.9919,-0.6590943,0.8891998,-1.817504
RWI,353.9987,-0.6625439,0.8921396,-1.818825
RWI,354.0075,-0.6660005,0.8946974,-1.819916
RWI,354.0159,-0.6693156,0.8975865,-1.821083
RWI,354.0244,-0.6725071,0.9002892,-1.822068
RWI,354.0324,-0.675746,0.9030346,-1.823075
RWI,354.0404,-0.6789295,0.905802,-1.824105
RWI,354.0492,-0.6821057,0.9083915,-1.824656
RWI,354.0586,-0.6854331,0.9112114,-1.825473
RWI,354.066,-0.6889983,0.9138613,-1.826077
RWI,354.0741,-0.6928487,0.9164056,-1.826394
RWI,354.0826,-0.696446,0.9189504,-1.826972
RWI,354.0907,-0.7003021,0.9218104,-1.827542
RWI,354.1008,-0.7039284,0.9243643,-1.82803
RWI,354.107,-0.7083683,0.9271747,-1.828513
RWI,354.1158,-0.7109817,0.9295958,-1.828788
RWI,354.1249,-0.7142925,0.9324854,-1.828998
RWI,354.1324,-0.7176677,0.9353824,-1.829048
RWI,354.1411,-0.7208555,0.9383088,-1.82906
RWI,354.1492,-0.7240573,0.9412133,-1.829177
RWI,354.1572,-0.7272968,0.9443784,-1.829084
RWI,354.1658,-0.7306062,0.9475299,-1.829014
RWI,354.1739,-0.7341534,0.950407,-1.828941
RWI,354.1827,-0.7377071,0.9532812,-1.828902
RWI,354.1915,-0.7413054,0.9562788,-1.828588
RWI,354.1989,-0.7447218,0.9591814,-1.828463
RWI,354.2073,-0.7480538,0.9623842,-1.828271
RWI,354.2181,-0.7511457,0.9656866,-1.827803
RWI,354.2267,-0.7543716,0.9688426,-1.827408
RWI,354.2321,-0.7581491,0.9734035,-1.826558
RWI,354.2393,-0.759817,0.9758425,-1.826002
RWI,354.248,-0.761857,0.9792156,-1.82528
RWI,354.2567,-0.7643879,0.9828874,-1.824575
RWI,354.2651,-0.7666863,0.9867055,-1.823498
RWI,354.2729,-0.7687971,0.9910608,-1.822223
RWI,354.2817,-0.7712793,0.9951291,-1.821078
RWI,354.2894,-0.7734308,1.00014,-1.819548
RWI,354.2979,-0.775649,1.004607,-1.818339
RWI,354.3063,-0.777943,1.009452,-1.816968
RWI,354.3146,-0.7799156,1.014606,-1.815457
RWI,354.3248,-0.7817831,1.019834,-1.813736
RWI,354.3313,-0.7833443,1.025241,-1.812127
RWI,354.3397,-0.7846791,1.03075,-1.810258
RWI,354.348,-0.7858437,1.036171,-1.808371
RWI,354.356,-0.7867668,1.042043,-1.806352
RWI,354.3645,-0.7874576,1.048505,-1.804252
RWI,354.3733,-0.7884322,1.054445,-1.80216
RWI,354.3849,-0.7894546,1.060316,-1.800085
RWI,354.3965,-0.7912195,1.068622,-1.797434
RWI,354.4051,-0.7929009,1.077393,-1.794026
RWI,354.4137,-0.7940301,1.083509,-1.791705
RWI,354.423,-0.7951599,1.0897,-1.789387
RWI,354.4302,-0.795792,1.09601,-1.786868
RWI,354.4388,-0.7963766,1.101743,-1.784648
RWI,354.4466,-0.7966645,1.107782,-1.782001
RWI,354.456,-0.796766,1.113798,-1.779553
RWI,354.4642,-0.797016,1.120218,-1.776794
RWI,354.472,-0.7971414,1.126404,-1.773964
RWI,354.4801,-0.7972707,1.132254,-1.771341
RWI,354.4883,-0.7975637,1.138149,-1.768834
RWI,354.51,-0.7978673,1.144274,-1.766045
RWI,354.5161,-0.7984864,1.150149,-1.763166
RWI,354.5216,-0.799954,1.163528,-1.756578
RWI,354.5311,-0.8004518,1.167745,-1.754227
RWI,354.5383,-0.8008865,1.173621,-1.751335
RWI,354.5473,-0.801231,1.179403,-1.748295
RWI,354.5548,-0.8018656,1.185659,-1.745169
RWI,354.5636,-0.8021554,1.191546,-1.741953
RWI,354.5718,-0.8026106,1.197478,-1.738598
RWI,354.5801,-0.8030818,1.203165,-1.735313
RWI,354.5887,-0.8039483,1.209048,-1.732316
RWI,354.597,-0.8045173,1.214797,-1.729023
RWI,354.605,-0.8050758,1.220664,-1.725748
RWI,354.6133,-0.8056978,1.226614,-1.722517
RWI,354.6226,-0.8061583,1.232592,-1.719226
RWI,354.6303,-0.8068324,1.238913,-1.715856
RWI,354.6383,-0.8074663,1.244722,-1.712814
RWI,354.6469,-0.8083274,1.250485,-1.709581
RWI,354.6552,-0.8092906,1.256541,-1.706439
RWI,354.6642,-0.8100182,1.262528,-1.703206
RWI,354.6718,-0.8109284,1.268593,-1.700106
RWI,354.6801,-0.8117819,1.274431,-1.696997
RWI,354.6883,-0.812713,1.28006,-1.693794
RWI,354.6966,-0.8135461,1.285683,-1.690507
RWI,354.7051,-0.8145324,1.291264,-1.687148
RWI,354.7132,-0.8152844,1.296322,-1.683153
RWI,354.7219,-0.8160113,1.301034,-1.679307
RWI,354.7302,-0.8169878,1.305753,-1.675493
RWI,354.738,-0.8181511,1.310109,-1.671759
RWI,354.747,-0.8195238,1.314166,-1.668211
RWI,354.7549,-0.8209814,1.318367,-1.664677
RWI,354.7634,-0.8224437,1.322512,-1.661304
RWI,354.7716,-0.8241799,1.326562,-1.658098
RWI,354.7798,-0.825639,1.33083,-1.654713
RWI,354.7883,-0.8269637,1.334898,-1.65116
RWI,354.7965,-0.8284669,1.339001,-1.647546
RWI,354.8051,-0.8294505,1.342595,-1.64422
RWI,354.8132,-0.8306807,1.346262,-1.640538
RWI,354.8224,-0.8316936,1.348808,-1.636712
RWI,354.8302,-0.8329461,1.351804,-1.632872
RWI,354.8384,-0.8340384,1.353908,-1.629214
RWI,354.8464,-0.8355312,1.355636,-1.625814
RWI,354.8554,-0.8370049,1.357782,-1.622325
RWI,354.8645,-0.8383672,1.360005,-1.618639
RWI,354.872,-0.8400176,1.362204,-1.61534
RWI,354.8801,-0.8413143,1.364076,-1.611838
RWI,354.8884,-0.8430507,1.36604,-1.60847
RWI,354.8965,-0.8446618,1.3677,-1.604843
RWI,354.9049,-0.8458866,1.369202,-1.601236
RWI,354.913,-0.8471152,1.370342,-1.597701
RWI,354.9221,-0.8478902,1.371332,-1.594201
RWI,354.9303,-0.8488671,1.372311,-1.590785
RWI,354.9382,-0.8496954,1.373054,-1.587591
RWI,354.9473,-0.8506942,1.373664,-1.584796
RWI,354.9555,-0.8515885,1.374206,-1.582091
RWI,354.9646,-0.8526878,1.37494,-1.578852
RWI,354.973,-0.8539518,1.375795,-1.576192
RWI,354.982,-0.8547357,1.376551,-1.573336
RWI,354.9909,-0.8556945,1.377188,-1.570925
RWI,355.0006,-0.8561531,1.377434,-1.568627
RWI,355.0092,-0.8563482,1.378132,-1.566121
RWI,355.0154,-0.8566546,1.378244,-1.563824
RWI,355.0237,-0.8569419,1.378412,-1.56241
RWI,355.0319,-0.8570131,1.378071,-1.560231
RWI,355.0397,-0.8573828,1.378132,-1.558265
RWI,355.049,-0.8576672,1.377993,-1.556627
RWI,355.0565,-0.8579067,1.37739,-1.554666
RWI,355.0655,-0.857904,1.377176,-1.553253
RWI,355.0732,-0.857812,1.376517,-1.551545
RWI,355.0818,-0.8577698,1.37605,-1.550194
RWI,355.0898,-0.857605,1.375944,-1.548998
RWI,355.0988,-0.8575836,1.375732,-1.547709
RWI,355.1064,-0.8576648,1.375571,-1.546655
RWI,355.1148,-0.8578203,1.375523,-1.54548
RWI,355.1235,-0.8580012,1.375873,-1.544585
RWI,355.1315,-0.8586013,1.375785,-1.544047
RWI,355.1411,-0.859044,1.37536,-1.54331
RWI,355.1488,-0.8594793,1.374658,-1.543072
RWI,355.1567,-0.8595928,1.374136,-1.542452
RWI,355.165,-0.8597584,1.373581,-1.542073
RWI,355.1732,-0.8597707,1.373244,-1.541403
RWI,355.1818,-0.8598499,1.372875,-1.540985
RWI,355.191,-0.8596675,1.37238,-1.540419
RWI,355.1983,-0.8596298,1.371914,-1.539856
RWI,355.2065,-0.8593313,1.371003,-1.539563
RWI,355.2148,-0.8591065,1.37013,-1.539038
RWI,355.2241,-0.8587864,1.369178,-1.53858
RWI,355.2317,-0.8582836,1.368204,-1.538205
RWI,355.2397,-0.8577006,1.367508,-1.537769
RWI,355.2482,-0.8568754,1.367021,-1.537296
RWI,355.2571,-0.8563654,1.366815,-1.536922
RWI,355.2652,-0.8560114,1.366384,-1.536638
RWI,355.2733,-0.8560374,1.365577,-1.536598
RWI,355.2818,-0.8561093,1.364209,-1.537061
RWI,355.2897,-0.8559842,1.362883,-1.536956
RWI,355.2999,-0.8558716,1.3619,-1.536951
RWI,355.3101,-0.855339,1.360379,-1.537088
RWI,355.3221,-0.8546461,1.359444,-1.537021
RWI,355.3324,-0.8537316,1.35825,-1.537232
RWI,355.3381,-0.8532629,1.358122,-1.537351
RWI,355.3471,-0.8529857,1.35786,-1.537473
RWI,355.3548,-0.8524048,1.357468,-1.537604
RWI,355.3634,-0.8517867,1.357093,-1.537823
RWI,355.3717,-0.8510225,1.356395,-1.53816
RWI,355.3802,-0.850307,1.356028,-1.538391
RWI,355.3886,-0.8496376,1.355802,-1.538691
RWI,355.3968,-0.8489255,1.355446,-1.539026
RWI,355.4051,-0.8481572,1.355346,-1.539353
RWI,355.4135,-0.8472574,1.355236,-1.539728
RWI,355.4225,-0.8463076,1.355274,-1.540236
RWI,355.4313,-0.8454775,1.355481,-1.540769
RWI,355.4385,-0.8444892,1.355719,-1.541443
RWI,355.4466,-0.8436019,1.356084,-1.542024
RWI,355.4558,-0.8425782,1.356317,-1.542654
RWI,355.4676,-0.841215,1.356694,-1.543354
RWI,355.4765,-0.8388487,1.357268,-1.544677
RWI,355.4822,-0.8371419,1.357779,-1.54563
RWI,355.4879,-0.8361092,1.35806,-1.546255
RWI,355.4963,-0.8348022,1.358308,-1.547119
RWI,355.5052,-0.8331543,1.358847,-1.548144
RWI,355.5134,-0.8313973,1.359276,-1.549343
RWI,355.5219,-0.8293295,1.359773,-1.55074
RWI,355.53,-0.8273097,1.360134,-1.552042
RWI,355.5382,-0.8250254,1.360455,-1.553528
RWI,355.547,-0.8225545,1.360735,-1.555105
RWI,355.5549,-0.8197491,1.360723,-1.557061
RWI,355.5636,-0.8167989,1.361249,-1.558976
RWI,355.5714,-0.8137226,1.361357,-1.560799
RWI,355.5799,-0.8104817,1.361598,-1.562641
RWI,355.5881,-0.807114,1.361572,-1.564545
RWI,355.5966,-0.8035815,1.361626,-1.566447
RWI,355.6051,-0.7993958,1.361353,-1.568423
RWI,355.6135,-0.7953351,1.361109,-1.570342
RWI,355.6223,-0.7912451,1.360711,-1.572425
RWI,355.6297,-0.7872151,1.360301,-1.574547
RWI,355.6384,-0.782661,1.359387,-1.576914
RWI,355.6464,-0.7782034,1.358556,-1.579198
RWI,355.6552,-0.7735129,1.357681,-1.581485
RWI,355.6637,-0.7687017,1.356704,-1.583656
RWI,355.6715,-0.763642,1.355586,-1.586067
RWI,355.6796,-0.7586212,1.354298,-1.588436
RWI,355.6883,-0.7535535,1.353088,-1.590858
RWI,355.6964,-0.7482785,1.351311,-1.593586
RWI,355.705,-0.7429175,1.349662,-1.596399
RWI,355.713,-0.737483,1.347818,-1.599216
RWI,355.722,-0.7321486,1.345199,-1.602259
RWI,355.7303,-0.7266424,1.343248,-1.605095
RWI,355.738,-0.721143,1.340646,-1.608227
RWI,355.7469,-0.7159203,1.338284,-1.611069
RWI,355.7546,-0.7103488,1.335307,-1.614292
RWI,355.7637,-0.7049552,1.332324,-1.617481
RWI,355.7715,-0.6996271,1.329228,-1.620753
RWI,355.7798,-0.6942695,1.325814,-1.623977
RWI,355.7883,-0.6888728,1.322276,-1.627367
RWI,355.7964,-0.6834364,1.318411,-1.630739
RWI,355.805,-0.6780226,1.314072,-1.634147
RWI,355.814,-0.6727198,1.309687,-1.637559
RWI,355.823,-0.6674502,1.304753,-1.641003
RWI,355.8306,-0.6622494,1.299718,-1.644572
RWI,355.8391,-0.6572954,1.294421,-1.648011
RWI,355.8477,-0.6526163,1.28846,-1.65111
RWI,355.857,-0.6477394,1.282613,-1.654453
RWI,355.8654,-0.6428627,1.276859,-1.657756
RWI,355.8732,-0.6386305,1.270247,-1.660865
RWI,355.8819,-0.6341547,1.263642,-1.664013
RWI,355.8906,-0.6297635,1.25667,-1.666968
RWI,355.8989,-0.6252813,1.250065,-1.66986
RWI,355.9068,-0.6210994,1.242535,-1.672617
RWI,355.9156,-0.6168129,1.235879,-1.675436
RWI,355.9252,-0.6129007,1.228473,-1.678132
RWI,355.9319,-0.6092352,1.220564,-1.680653
RWI,355.9409,-0.605775,1.213069,-1.683385
RWI,355.9492,-0.6021194,1.20539,-1.686024
RWI,355.9569,-0.5987935,1.197147,-1.688462
RWI,355.9654,-0.5958285,1.188947,-1.690819
RWI,355.9738,-0.5929495,1.180508,-1.693263
RWI,355.9822,-0.5902094,1.171785,-1.6956
RWI,355.9912,-0.5877536,1.163079,-1.698024
RWI,355.9985,-0.5853192,1.154058,-1.700308
RWI,356.007,-0.5831833,1.145124,-1.702584
RWI,356.0156,-0.5809714,1.136203,-1.704806
RWI,356.0245,-0.5789823,1.126895,-1.707047
RWI,356.032,-0.5772536,1.11728,-1.709178
RWI,356.0402,-0.5753088,1.10817,-1.711083
RWI,356.0487,-0.5740883,1.09857,-1.713059
RWI,356.0576,-0.572507,1.089017,-1.714934
RWI,356.0659,-0.5713607,1.079367,-1.716779
RWI,356.0735,-0.5701237,1.069735,-1.718573
RWI,356.0824,-0.5694306,1.060372,-1.720037
RWI,356.0905,-0.5685878,1.050588,-1.72165
RWI,356.0991,-0.5679717,1.041146,-1.723057
RWI,356.1069,-0.5674166,1.03122,-1.72461
RWI,356.1155,-0.5671071,1.021722,-1.725973
RWI,356.1244,-0.5666087,1.01221,-1.727311
RWI,356.132,-0.5663679,1.002569,-1.728593
RWI,356.1409,-0.5664015,0.9931197,-1.729709
RWI,356.1491,-0.5663916,0.9838208,-1.730873
RWI,356.1567,-0.5665417,0.9743053,-1.731947
RWI,356.1654,-0.567244,0.9653644,-1.733
RWI,356.1737,-0.5674988,0.9559635,-1.734036
RWI,356.183,-0.568048,0.9472302,-1.735013
RWI,356.1909,-0.5688854,0.938592,-1.735941
RWI,356.1984,-0.5694103,0.929828,-1.736798
RWI,356.207,-0.570538,0.9219601,-1.737666
RWI,356.2153,-0.5714478,0.9135665,-1.738506
RWI,356.2242,-0.5723779,0.9056118,-1.739196
RWI,356.2318,-0.5733688,0.8976145,-1.739966
RWI,356.2402,-0.5746047,0.8901928,-1.740721
RWI,356.2487,-0.575862,0.8829164,-1.741334
RWI,356.2578,-0.5771704,0.8757548,-1.741952
RWI,356.2657,-0.5787007,0.8690929,-1.742354
RWI,356.2735,-0.5798384,0.8620024,-1.742845
RWI,356.2821,-0.5812712,0.8556399,-1.743204
RWI,356.2901,-0.5826117,0.8496174,-1.743287
RWI,356.2986,-0.5837671,0.8433478,-1.743441
RWI,356.3069,-0.5850132,0.8375909,-1.743388
RWI,356.3159,-0.5861689,0.8317819,-1.743358
RWI,356.3239,-0.5874785,0.8258235,-1.743396
RWI,356.332,-0.5889693,0.8205527,-1.743039
RWI,356.3408,-0.590537,0.8152458,-1.742786
RWI,356.3491,-0.5919312,0.8098128,-1.74238
RWI,356.3569,-0.5933825,0.8048872,-1.741865
RWI,356.3653,-0.595,0.8002481,-1.741207
RWI,356.3735,-0.5963422,0.7954447,-1.740576
RWI,356.3824,-0.5977855,0.7910265,-1.739998
RWI,356.3909,-0.5991939,0.7866249,-1.739518
RWI,356.3986,-0.6006811,0.7823684,-1.738835
RWI,356.4067,-0.6020186,0.7783335,-1.738373
RWI,356.4157,-0.6034226,0.7747785,-1.737692
RWI,356.4243,-0.6048826,0.7706448,-1.737016
RWI,356.4323,-0.6063814,0.7668728,-1.736302
RWI,356.4406,-0.607891,0.7632467,-1.735811
RWI,356.4489,-0.6092203,0.7597013,-1.735231
RWI,356.4581,-0.6106341,0.7560935,-1.734658
RWI,356.4657,-0.612114,0.7527776,-1.734219
RWI,356.4735,-0.6133727,0.7494097,-1.733801
RWI,356.482,-0.614745,0.7462172,-1.733375
RWI,356.4903,-0.6159784,0.7429903,-1.733088
RWI,356.4984,-0.617256,0.7398832,-1.732782
RWI,356.5068,-0.6184573,0.7368316,-1.732542
RWI,356.5159,-0.6196182,0.7338431,-1.732296
RWI,356.5239,-0.6207323,0.7308264,-1.732122
RWI,356.5318,-0.6218871,0.7279756,-1.731995
RWI,356.5413,-0.6231194,0.7252148,-1.731951
RWI,356.5487,-0.6242502,0.7227958,-1.731942
RWI,356.5566,-0.6254427,0.7201465,-1.731866
RWI,356.5656,-0.6266164,0.7176141,-1.731953
RWI,356.5738,-0.6276761,0.7155537,-1.732029
RWI,356.5829,-0.6287132,0.7132279,-1.732052
RWI,356.5907,-0.6296077,0.7114729,-1.732231
RWI,356.5986,-0.6306597,0.7095,-1.732397
RWI,356.6068,-0.6316972,0.7075248,-1.732375
RWI,356.6154,-0.6324922,0.7059513,-1.732676
RWI,356.6241,-0.6335611,0.704339,-1.732861
RWI,356.632,-0.6345161,0.7026916,-1.733094
RWI,356.64,-0.635657,0.701198,-1.733516
RWI,356.6487,-0.6365757,0.6997566,-1.733832
RWI,356.6577,-0.6374338,0.6984226,-1.734039
RWI,356.6654,-0.6382288,0.6969994,-1.734373
RWI,356.674,-0.639194,0.6955841,-1.734627
RWI,356.6821,-0.6403448,0.6940139,-1.735129
RWI,356.6903,-0.6413974,0.6926782,-1.735525
RWI,356.6989,-0.642506,0.6913902,-1.735893
RWI,356.7072,-0.6438416,0.6900926,-1.736383
RWI,356.7158,-0.6450904,0.688809,-1.736742
RWI,356.7249,-0.6462445,0.6876943,-1.737156
RWI,356.7317,-0.647429,0.6864665,-1.737511
RWI,356.7403,-0.6487748,0.6850365,-1.737947
RWI,356.7486,-0.6501654,0.6836877,-1.738289
RWI,356.7567,-0.6515539,0.6822842,-1.738701
RWI,356.7655,-0.6533087,0.6806228,-1.739241
RWI,356.774,-0.6550919,0.6792616,-1.739607
RWI,356.7823,-0.6570378,0.6777926,-1.740158
RWI,356.7913,-0.6590314,0.6763484,-1.740691
RWI,356.7989,-0.6611036,0.6749154,-1.741092
RWI,356.807,-0.6631153,0.6734175,-1.741518
RWI,356.8154,-0.6648946,0.6720129,-1.741821
RWI,356.8241,-0.6664044,0.6703541,-1.741882
RWI,356.8318,-0.6681162,0.6686208,-1.742042
RWI,356.84,-0.6698204,0.6664805,-1.742319
RWI,356.8486,-0.6713462,0.6646615,-1.742493
RWI,356.8577,-0.6728917,0.6628425,-1.742369
RWI,356.8653,-0.6748483,0.6606289,-1.742437
RWI,356.8736,-0.6765962,0.6589581,-1.742268
RWI,356.8819,-0.6787726,0.6574557,-1.742126
RWI,356.8905,-0.6809839,0.6562331,-1.741727
RWI,356.8986,-0.6834154,0.6554342,-1.741541
RWI,356.9066,-0.6858801,0.6547737,-1.741135
RWI,356.9152,-0.6881646,0.6544682,-1.740874
RWI,356.925,-0.690338,0.6542978,-1.740498
RWI,356.9318,-0.6923991,0.6544262,-1.739511
RWI,356.9408,-0.6947294,0.6575285,-1.737794
RWI,356.9486,-0.6952003,0.6585184,-1.734577
RWI,356.9567,-0.695903,0.6587822,-1.731891
RWI,356.9652,-0.6953253,0.6606005,-1.726932
RWI,356.9739,-0.694232,0.6604358,-1.719998
RWI,356.9822,-0.6944352,0.6607333,-1.716169
RWI,356.9908,-0.6946609,0.6613703,-1.713187
RWI,356.9983,-0.6936833,0.6631104,-1.711528
RWI,357.007,-0.6932315,0.6649197,-1.709514
RWI,357.0155,-0.692353,0.6673193,-1.707764
RWI,357.0259,-0.6918896,0.6703671,-1.707191
RWI,357.0345,-0.6896104,0.6748539,-1.707204
RWI,357.0392,-0.6872603,0.6782878,-1.707592
RWI,357.0471,-0.68578,0.6797273,-1.70794
RWI,357.0563,-0.6829555,0.6824334,-1.708896
RWI,357.0643,-0.6789269,0.6854097,-1.710184
RWI,357.0723,-0.6749961,0.6888342,-1.710502
RWI,357.0807,-0.6714715,0.692109,-1.711377
RWI,357.0888,-0.6677346,0.6951644,-1.711913
RWI,357.0981,-0.6635733,0.6981519,-1.711869
RWI,357.1053,-0.65892,0.7011372,-1.712081
RWI,357.1138,-0.6551249,0.7036257,-1.711819
RWI,357.1223,-0.6503561,0.7069897,-1.711707
RWI,357.1309,-0.6471817,0.7101036,-1.713209
RWI,357.139,-0.6440656,0.713859,-1.713994
RWI,357.1474,-0.6412812,0.7171846,-1.715334
RWI,357.1552,-0.6390204,0.7218593,-1.716413
RWI,357.1637,-0.6370546,0.7256428,-1.717616
RWI,357.1725,-0.6345887,0.7297288,-1.718384
RWI,357.1801,-0.6323576,0.7337786,-1.719297
RWI,357.1894,-0.6298605,0.7376538,-1.719806
RWI,357.1974,-0.6274053,0.7416436,-1.720175
RWI,357.2058,-0.6252028,0.7456859,-1.720465
RWI,357.2139,-0.6233067,0.7499756,-1.720731
RWI,357.2231,-0.6231009,0.7538092,-1.722206
RWI,357.2304,-0.6219827,0.7585143,-1.722769
RWI,357.2389,-0.6218726,0.7627085,-1.723686
RWI,357.2468,-0.6213434,0.7674744,-1.72431
RWI,357.2553,-0.6211529,0.7724792,-1.724901
RWI,357.2646,-0.6205707,0.7771332,-1.725566
RWI,357.272,-0.6201648,0.7822561,-1.725872
RWI,357.2803,-0.6195225,0.7868031,-1.726269
RWI,357.2887,-0.6190328,0.7917931,-1.726574
RWI,357.2969,-0.6185251,0.7966151,-1.726854
RWI,357.3057,-0.6180621,0.8020416,-1.72727
RWI,357.314,-0.6176991,0.8073304,-1.727555
RWI,357.3233,-0.6174996,0.81279,-1.72798
RWI,357.3307,-0.617532,0.8183673,-1.728364
RWI,357.3396,-0.6174744,0.8240996,-1.728784
RWI,357.3483,-0.6175895,0.8303878,-1.729164
RWI,357.3561,-0.6176807,0.8362607,-1.729492
RWI,357.3647,-0.6174501,0.8424171,-1.729812
RWI,357.3731,-0.6168518,0.8494526,-1.730136
RWI,357.3822,-0.6161711,0.8563487,-1.730618
RWI,357.3907,-0.6153859,0.8636869,-1.731023
RWI,357.3985,-0.6145411,0.871223,-1.731844
RWI,357.407,-0.6137571,0.8787572,-1.732512
RWI,357.4151,-0.6130619,0.8862892,-1.733588
RWI,357.424,-0.6127394,0.8938671,-1.734807
RWI,357.4316,-0.6129124,0.9016835,-1.736159
RWI,357.44,-0.6126967,0.9088371,-1.737642
RWI,357.4485,-0.6129332,0.9161909,-1.739261
RWI,357.4573,-0.613135,0.9235394,-1.740914
RWI,357.4659,-0.6132863,0.9309602,-1.742519
RWI,357.4739,-0.6131353,0.938404,-1.744251
RWI,357.4817,-0.6130934,0.9454423,-1.745592
RWI,357.4898,-0.6129017,0.9527153,-1.747023
RWI,357.4981,-0.612427,0.9599983,-1.748491
RWI,357.5065,-0.6121495,0.967275,-1.749868
RWI,357.515,-0.6117725,0.9745305,-1.751291
RWI,357.5241,-0.6116085,0.9817532,-1.752653
RWI,357.5315,-0.6113734,0.9891777,-1.754037
RWI,357.5406,-0.611182,0.9965599,-1.75521
RWI,357.5486,-0.6111352,1.00403,-1.756459
RWI,357.5569,-0.6111903,1.011603,-1.757639
RWI,357.5653,-0.6113268,1.019173,-1.758763
RWI,357.5733,-0.6117619,1.026679,-1.759763
RWI,357.5818,-0.6122184,1.034229,-1.760864
RWI,357.5909,-0.6129173,1.041832,-1.761763
RWI,357.5984,-0.6136657,1.049386,-1.762687
RWI,357.6068,-0.6147852,1.057025,-1.763351
RWI,357.6148,-0.6158965,1.06466,-1.764109
RWI,357.6239,-0.6171857,1.072242,-1.764563
RWI,357.6318,-0.6185398,1.080012,-1.76508
RWI,357.6401,-0.6202483,1.087547,-1.765617
RWI,357.6485,-0.6218403,1.09512,-1.76605
RWI,357.6577,-0.6234257,1.102616,-1.766552
RWI,357.6653,-0.6257848,1.110175,-1.766646
RWI,357.6733,-0.627341,1.117727,-1.766845
RWI,357.6815,-0.6291524,1.125162,-1.766893
RWI,357.6899,-0.6309375,1.132327,-1.766683
RWI,357.6983,-0.6327991,1.139407,-1.76646
RWI,357.7067,-0.6351594,1.146321,-1.765904
RWI,357.7151,-0.6377497,1.153198,-1.765203
RWI,357.7234,-0.6406893,1.160139,-1.764405
RWI,357.7318,-0.6439794,1.167221,-1.763427
RWI,357.7402,-0.6468671,1.174172,-1.76256
RWI,357.7487,-0.6499554,1.180855,-1.761391
RWI,357.7567,-0.6525909,1.187784,-1.759907
RWI,357.7652,-0.6550391,1.194171,-1.75853
RWI,357.7733,-0.656854,1.200703,-1.756553
RWI,357.782,-0.6592001,1.207078,-1.754631
RWI,357.7904,-0.6617848,1.213457,-1.752762
RWI,357.7984,-0.6648723,1.219885,-1.750509
RWI,357.8066,-0.6683729,1.226139,-1.74836
RWI,357.8151,-0.6720568,1.232377,-1.746192
RWI,357.8237,-0.6759801,1.238852,-1.74362
RWI,357.8316,-0.6799629,1.245472,-1.741233
RWI,357.8399,-0.6838794,1.252059,-1.738641
RWI,357.8485,-0.687986,1.25848,-1.736019
RWI,357.8571,-0.6917309,1.26474,-1.733069
RWI,357.8654,-0.6953114,1.271165,-1.730225
RWI,357.8732,-0.6989321,1.277256,-1.727139
RWI,357.8818,-0.7023786,1.283267,-1.724179
RWI,357.8898,-0.7059615,1.288842,-1.720785
RWI,357.8988,-0.7099103,1.294289,-1.717541
RWI,357.9067,-0.7138255,1.299623,-1.71408
RWI,357.915,-0.7178421,1.3046,-1.710721
RWI,357.9242,-0.7223021,1.309519,-1.707353
RWI,357.9316,-0.7265803,1.314217,-1.703825
RWI,357.9406,-0.7307297,1.318933,-1.70032
RWI,357.9505,-0.7349807,1.323415,-1.696807
RWI,357.9582,-0.7391388,1.3277,-1.693481
RWI,357.965,-0.7440404,1.332791,-1.689647
RWI,357.9734,-0.747321,1.336298,-1.686801
RWI,357.9817,-0.7511694,1.340491,-1.683592
RWI,357.991,-0.7548268,1.344412,-1.680084
RWI,357.9981,-0.7583703,1.348002,-1.676758
RWI,358.0067,-0.761917,1.351184,-1.673496
RWI,358.0148,-0.7653959,1.353765,-1.670351
RWI,358.0241,-0.7688845,1.356439,-1.667401
RWI,358.0318,-0.7725852,1.359077,-1.664572
RWI,358.0398,-0.776085,1.361687,-1.661789
RWI,358.0486,-0.7794155,1.363896,-1.659624
RWI,358.0574,-0.7829437,1.366255,-1.657285
RWI,358.0655,-0.786342,1.368806,-1.654914
RWI,358.0742,-0.7894313,1.37075,-1.653085
RWI,358.0821,-0.7922628,1.372729,-1.651045
RWI,358.0898,-0.7952536,1.374696,-1.64897
RWI,358.0995,-0.7976706,1.376158,-1.646903
RWI,358.1091,-0.8001394,1.377259,-1.645037
RWI,358.1183,-0.8030539,1.3786,-1.642721
RWI,358.1237,-0.8052911,1.379712,-1.641075
RWI,358.1296,-0.8068566,1.380226,-1.639897
RWI,358.1379,-0.8084801,1.380581,-1.638739
RWI,358.1468,-0.8104671,1.381368,-1.637315
RWI,358.1544,-0.8125936,1.381736,-1.635587
RWI,358.1631,-0.8143181,1.382281,-1.63425
RWI,358.1715,-0.8159707,1.382566,-1.632309
RWI,358.18,-0.8174164,1.382869,-1.630618
RWI,358.1884,-0.8188854,1.383224,-1.628845
RWI,358.1961,-0.8203409,1.383556,-1.626978
RWI,358.2047,-0.8216597,1.383903,-1.624943
RWI,358.2131,-0.8228923,1.38417,-1.622862
RWI,358.222,-0.8240771,1.384173,-1.62074
RWI,358.2298,-0.8252813,1.384522,-1.618477
RWI,358.2381,-0.8264452,1.384777,-1.616279
RWI,358.2463,-0.8275269,1.385063,-1.613785
RWI,358.2552,-0.8286405,1.385217,-1.611388
RWI,358.2664,-0.8300285,1.385239,-1.609084
RWI,358.2756,-0.8314351,1.3856,-1.605387
RWI,358.2809,-0.8326018,1.385858,-1.602739
RWI,358.2874,-0.8332931,1.38619,-1.600901
RWI,358.2957,-0.8340462,1.386479,-1.598799
RWI,358.3046,-0.8350952,1.38671,-1.59608
RWI,358.3128,-0.8360547,1.387015,-1.593524
RWI,358.3213,-0.8369874,1.387057,-1.590614
RWI,358.3294,-0.8380749,1.387212,-1.588013
RWI,358.3375,-0.8391649,1.387155,-1.585262
RWI,358.3463,-0.8400823,1.387028,-1.58305
RWI,358.3544,-0.8407916,1.386187,-1.580654
RWI,358.3625,-0.8415768,1.385581,-1.578208
RWI,358.3711,-0.8424611,1.384618,-1.576307
RWI,358.3795,-0.8430406,1.38407,-1.57396
RWI,358.3882,-0.844008,1.38326,-1.571928
RWI,358.396,-0.8442929,1.382816,-1.569625
RWI,358.4045,-0.844769,1.382233,-1.567737
RWI,358.413,-0.8450413,1.381619,-1.565832
RWI,358.4214,-0.8451652,1.381275,-1.56393
RWI,358.4292,-0.845308,1.380817,-1.562268
RWI,358.4377,-0.8454477,1.380698,-1.560661
RWI,358.4456,-0.8454893,1.381349,-1.559384
RWI,358.4549,-0.8454711,1.381117,-1.557842
RWI,358.4639,-0.8456595,1.381522,-1.556589
RWI,358.4713,-0.845412,1.381389,-1.55516
RWI,358.4797,-0.8455646,1.381141,-1.554453
RWI,358.4875,-0.8455867,1.380991,-1.553525
RWI,358.4958,-0.8457328,1.380618,-1.552916
RWI,358.5041,-0.84602,1.380277,-1.552923
RWI,358.5125,-0.8459671,1.37992,-1.552228
RWI,358.5211,-0.8464994,1.379501,-1.5525
RWI,358.5297,-0.8464646,1.379187,-1.552255
RWI,358.5376,-0.8467011,1.37887,-1.551917
RWI,358.5464,-0.84684,1.378732,-1.55173
RWI,358.5542,-0.8468554,1.378601,-1.551413
RWI,358.5635,-0.8467457,1.378321,-1.551091
RWI,358.573,-0.8461832,1.377804,-1.550589
RWI,358.5826,-0.8457641,1.377466,-1.549886
RWI,358.5884,-0.8455513,1.376676,-1.54953
RWI,358.5968,-0.845329,1.376244,-1.549212
RWI,358.6053,-0.8450508,1.375706,-1.548914
RWI,358.614,-0.8450488,1.374978,-1.54895
RWI,358.623,-0.8450711,1.374442,-1.54893
RWI,358.6304,-0.8448966,1.373872,-1.549169
RWI,358.6387,-0.8447669,1.373221,-1.549263
RWI,358.6472,-0.8445511,1.372404,-1.549314
RWI,358.6555,-0.8444136,1.371369,-1.549521
RWI,358.6642,-0.8440359,1.370057,-1.549735
RWI,358.672,-0.843221,1.368583,-1.549838
RWI,358.6805,-0.8425108,1.367134,-1.550182
RWI,358.6886,-0.8418131,1.365786,-1.550582
RWI,358.697,-0.8409094,1.364659,-1.551543
RWI,358.7056,-0.8403124,1.363449,-1.552231
RWI,358.7141,-0.8395159,1.363217,-1.553239
RWI,358.7248,-0.8387552,1.362517,-1.55379
RWI,358.7335,-0.8369377,1.362718,-1.554396
RWI,358.7391,-0.8354576,1.362381,-1.554803
RWI,358.7468,-0.8345262,1.361937,-1.555534
RWI,358.7548,-0.8334088,1.361624,-1.556371
RWI,358.7635,-0.8321114,1.361227,-1.557055
RWI,358.7718,-0.8302286,1.360479,-1.557137
RWI,358.7797,-0.8287306,1.360099,-1.557773
RWI,358.7886,-0.8269222,1.359863,-1.558558
RWI,358.7966,-0.825716,1.359315,-1.559483
RWI,358.805,-0.8242475,1.358968,-1.560266
RWI,358.8131,-0.822642,1.358405,-1.561012
RWI,358.8227,-0.8209931,1.358101,-1.561837
RWI,358.8299,-0.8190116,1.357769,-1.562781
RWI,358.8382,-0.8173789,1.357443,-1.563846
RWI,358.8463,-0.8156072,1.357264,-1.564705
RWI,358.8555,-0.8136833,1.356954,-1.565723
RWI,358.8645,-0.8117332,1.356656,-1.566949
RWI,358.8716,-0.8097587,1.356108,-1.568179
RWI,358.88,-0.8079568,1.355326,-1.569226
RWI,358.888,-0.8054689,1.354917,-1.570493
RWI,358.8969,-0.8029785,1.354422,-1.571763
RWI,358.905,-0.8003588,1.353881,-1.573109
RWI,358.9131,-0.7976024,1.353225,-1.574477
RWI,358.9219,-0.7944993,1.352518,-1.575853
RWI,358.9302,-0.7913316,1.351728,-1.577343
RWI,358.938,-0.7878568,1.350906,-1.578868
RWI,358.9467,-0.7846203,1.349826,-1.580454
RWI,358.9547,-0.7811131,1.34866,-1.581964
RWI,358.9632,-0.7775672,1.347223,-1.583546
RWI,358.9714,-0.7738341,1.345449,-1.585415
RWI,358.9799,-0.7700101,1.34418,-1.586949
RWI,359.0035,-0.7660425,1.342384,-1.588577
RWI,359.0127,-0.7540205,1.336877,-1.593199
RWI,359.0218,-0.7490679,1.334321,-1.595234
RWI,359.0294,-0.744534,1.331655,-1.597105
RWI,359.0374,-0.7403428,1.328872,-1.599031
RWI,359.0458,-0.73602,1.325871,-1.601047
RWI,359.0544,-0.7315266,1.322693,-1.60319
RWI,359.0634,-0.7269319,1.319319,-1.605253
RWI,359.0709,-0.7223264,1.315703,-1.607352
RWI,359.0791,-0.7178408,1.31224,-1.609532
RWI,359.0878,-0.713281,1.308306,-1.611749
RWI,359.097,-0.7086026,1.304238,-1.614161
RWI,359.104,-0.7033432,1.299576,-1.616865
RWI,359.1125,-0.6990635,1.295653,-1.619112
RWI,359.1213,-0.6946412,1.291131,-1.621717
RWI,359.1291,-0.6901941,1.285966,-1.624637
RWI,359.1377,-0.6855401,1.28117,-1.627352
RWI,359.1461,-0.6814672,1.27521,-1.630494
RWI,359.1541,-0.6772311,1.269696,-1.633469
RWI,359.1624,-0.673673,1.26376,-1.636514
RWI,359.1709,-0.6697593,1.25727,-1.639717
RWI,359.1792,-0.665848,1.250797,-1.642805
RWI,359.188,-0.6617421,1.244255,-1.645901
RWI,359.1959,-0.6576604,1.237549,-1.649089
RWI,359.2044,-0.6535659,1.230712,-1.652219
RWI,359.2126,-0.6498153,1.22364,-1.655124
RWI,359.2214,-0.6459844,1.216403,-1.65822
RWI,359.2294,-0.6425628,1.208597,-1.661448
RWI,359.2377,-0.639332,1.200919,-1.664427
RWI,359.2456,-0.6361628,1.192934,-1.667496
RWI,359.2546,-0.6332374,1.184943,-1.670414
RWI,359.2635,-0.6303042,1.176685,-1.67318
RWI,359.2708,-0.6275089,1.168195,-1.675704
RWI,359.2791,-0.6246222,1.159827,-1.678143
RWI,359.2876,-0.6216124,1.151678,-1.680491
RWI,359.2956,-0.618726,1.142566,-1.682688
RWI,359.304,-0.6159487,1.134135,-1.684838
RWI,359.3122,-0.6130291,1.125227,-1.687163
RWI,359.3216,-0.6107258,1.116055,-1.689337
RWI,359.3296,-0.6084307,1.106676,-1.691311
RWI,359.3372,-0.606372,1.09729,-1.693372
RWI,359.3462,-0.6047314,1.087747,-1.695225
RWI,359.3541,-0.6033108,1.0779,-1.697256
RWI,359.3626,-0.6024983,1.068364,-1.698861
RWI,359.3708,-0.6012409,1.058849,-1.700742
RWI,359.3791,-0.6004184,1.04945,-1.702389
RWI,359.3878,-0.599803,1.040153,-1.704185
RWI,359.3959,-0.5989218,1.030677,-1.705929
RWI,359.4044,-0.5988281,1.02125,-1.707686
RWI,359.4123,-0.5983746,1.011954,-1.709449
RWI,359.4211,-0.5988142,1.002578,-1.711358
RWI,359.429,-0.5993978,0.9934214,-1.713009
RWI,359.4373,-0.6000686,0.9840996,-1.714562
RWI,359.4457,-0.6009665,0.9750065,-1.716051
RWI,359.455,-0.6019723,0.9656076,-1.717433
RWI,359.4631,-0.6027892,0.9561337,-1.718683
RWI,359.4718,-0.6036793,0.9469399,-1.719783
RWI,359.4811,-0.604571,0.9372743,-1.720872
RWI,359.4889,-0.6055422,0.9276718,-1.721827
RWI,359.4987,-0.6065129,0.9183311,-1.722696
RWI,359.5063,-0.6075189,0.9081739,-1.723463
RWI,359.5147,-0.6084429,0.9006511,-1.724118
RWI,359.5238,-0.6096475,0.8923124,-1.724659
RWI,359.5315,-0.6109432,0.8843648,-1.725061
RWI,359.5401,-0.612351,0.8759758,-1.725554
RWI,359.5484,-0.6136494,0.8683524,-1.725934
RWI,359.5561,-0.6151053,0.8607621,-1.726279
RWI,359.5649,-0.6167644,0.854101,-1.726641
RWI,359.5732,-0.6183667,0.8466408,-1.727089
RWI,359.5815,-0.6200157,0.8399737,-1.727413
RWI,359.5895,-0.6215654,0.8338064,-1.72784
RWI,359.5979,-0.623037,0.8270556,-1.728195
RWI,359.6066,-0.6244283,0.8209162,-1.728603
RWI,359.615,-0.6256683,0.8153496,-1.729111
RWI,359.6235,-0.6270254,0.8094565,-1.729689
RWI,359.6314,-0.6285353,0.8036794,-1.73042
RWI,359.6395,-0.6302591,0.7982265,-1.731278
RWI,359.6479,-0.6319606,0.7933477,-1.732141
RWI,359.6572,-0.6337103,0.7880202,-1.732942
RWI,359.6653,-0.6352201,0.783189,-1.73378
RWI,359.6728,-0.6366422,0.7785758,-1.734684
RWI,359.6818,-0.6377586,0.7742978,-1.735457
RWI,359.6894,-0.6388562,0.7701086,-1.736366
RWI,359.6981,-0.6399324,0.7656466,-1.737179
RWI,359.7065,-0.6407487,0.761808,-1.738128
RWI,359.7146,-0.641782,0.7575462,-1.738964
RWI,359.7232,-0.6427437,0.7535654,-1.739867
RWI,359.7319,-0.6435391,0.7501011,-1.740923
RWI,359.7398,-0.6445492,0.7465248,-1.741872
RWI,359.7479,-0.6453942,0.7434024,-1.742933
RWI,359.7562,-0.6460698,0.7403967,-1.743937
RWI,359.7648,-0.646958,0.7375037,-1.744951
RWI,359.7734,-0.6475528,0.7347919,-1.745972
RWI,359.7823,-0.648055,0.732214,-1.747017
RWI,359.7895,-0.6484455,0.7298486,-1.748091
RWI,359.7979,-0.6486658,0.7276897,-1.749079
RWI,359.8063,-0.648935,0.7259042,-1.750247
RWI,359.8151,-0.64926,0.7238675,-1.751322
RWI,359.8235,-0.6495417,0.7221205,-1.752375
RWI,359.8312,-0.649808,0.7208343,-1.753444
RWI,359.8397,-0.6501015,0.7191953,-1.754471
RWI,359.8481,-0.6503038,0.7179855,-1.755457
RWI,359.8566,-0.6504729,0.7165664,-1.756511
RWI,359.8651,-0.6507065,0.715407,-1.757445
RWI,359.8728,-0.6511253,0.7140999,-1.758386
RWI,359.8815,-0.6513441,0.7126849,-1.759221
RWI,359.8894,-0.6515563,0.7114524,-1.760005
RWI,359.8982,-0.6518745,0.7101756,-1.760741
RWI,359.9063,-0.6521696,0.7089068,-1.761393
RWI,359.9145,-0.6526834,0.7076876,-1.761891
RWI,359.9238,-0.6531631,0.7064323,-1.762281
RWI,359.9311,-0.653856,0.7050663,-1.762522
RWI,359.9406,-0.6547973,0.7034899,-1.762916
RWI,359.9479,-0.6558098,0.7018832,-1.763074
RWI,359.9564,-0.6569556,0.7001042,-1.763196
RWI,359.9647,-0.6581986,0.6983176,-1.763237
RWI,359.973,-0.6596498,0.6966592,-1.763219
RWI,359.982,-0.6614213,0.6946985,-1.762956
RWI,359.9901,-0.6629215,0.6929567,-1.762768
RWI,359.9981,-0.6646607,0.6911762,-1.762287
RWI,360.0062,-0.6662902,0.6893892,-1.761924
RWI,360.0145,-0.6683814,0.6878365,-1.761255
RWI,360.0237,-0.6709806,0.6858882,-1.760753
RWI,360.0313,-0.6732022,0.6843717,-1.760136
RWI,360.0396,-0.6752343,0.683028,-1.759374
RWI,360.048,-0.6772486,0.6817753,-1.758348
RWI,360.0571,-0.6794716,0.6807507,-1.757597
RWI,360.065,-0.68133,0.6799879,-1.756464
RWI,360.0728,-0.6833934,0.6795446,-1.755428
RWI,360.0816,-0.6858965,0.6794028,-1.75471
RWI,360.0916,-0.6881813,0.679827,-1.753945
RWI,360.1009,-0.6898203,0.6812281,-1.75198
RWI,360.1067,-0.6909904,0.6824188,-1.749916
RWI,360.1151,-0.6902884,0.6840091,-1.747417
RWI,360.1231,-0.6898116,0.6852567,-1.744395
RWI,360.1316,-0.6899028,0.6864055,-1.741874
RWI,360.1393,-0.6889062,0.6874447,-1.739094
RWI,360.1483,-0.6872001,0.6889781,-1.737066
RWI,360.1561,-0.6854815,0.6907018,-1.735307
RWI,360.1644,-0.6837881,0.6918337,-1.734062
RWI,360.1733,-0.6819094,0.6936938,-1.732673
RWI,360.1813,-0.6799508,0.6953132,-1.733036
RWI,360.1896,-0.6781613,0.697742,-1.732283
RWI,360.1982,-0.6760802,0.6998713,-1.73281
RWI,360.2063,-0.6740967,0.7020936,-1.73359
RWI,360.2144,-0.6715735,0.7042875,-1.735164
RWI,360.2236,-0.6695305,0.7061951,-1.736193
RWI,360.2313,-0.6676651,0.7086165,-1.738025
RWI,360.2397,-0.6650705,0.7106878,-1.740316
RWI,360.248,-0.6628953,0.7123683,-1.741464
RWI,360.2585,-0.6602135,0.7144253,-1.743109
RWI,360.2683,-0.6569286,0.716324,-1.744137
RWI,360.2732,-0.653357,0.7194086,-1.745685
RWI,360.2787,-0.6515981,0.7211694,-1.745993
RWI,360.2872,-0.6500499,0.7225395,-1.746681
RWI,360.2955,-0.6476068,0.7256222,-1.7477
RWI,360.3041,-0.6451027,0.7286016,-1.748388
RWI,360.312,-0.6431649,0.7312639,-1.74927
RWI,360.3218,-0.6412541,0.7342734,-1.750227
RWI,360.3293,-0.6394456,0.7373878,-1.751348
RWI,360.3374,-0.6382226,0.7404796,-1.752535
RWI,360.3459,-0.6366754,0.7436132,-1.753684
RWI,360.3542,-0.6352985,0.7468432,-1.754979
RWI,360.3621,-0.6337038,0.7500256,-1.756001
RWI,360.3707,-0.6325507,0.7535406,-1.75699
RWI,360.3792,-0.6312335,0.7573822,-1.758256
RWI,360.3875,-0.6303146,0.7609552,-1.759276
RWI,360.3958,-0.629427,0.764698,-1.760524
RWI,360.4046,-0.6287136,0.7684913,-1.761453
RWI,360.412,-0.6280229,0.7725993,-1.762159
RWI,360.4208,-0.6271156,0.776281,-1.76301
RWI,360.4291,-0.6263187,0.7800242,-1.763418
RWI,360.4374,-0.6254752,0.7838363,-1.76411
RWI,360.4453,-0.6248394,0.7873589,-1.764523
RWI,360.4543,-0.6244525,0.7907172,-1.764948
RWI,360.4629,-0.6238527,0.7942365,-1.765538
RWI,360.4708,-0.6237288,0.7977034,-1.766097
RWI,360.4798,-0.6240765,0.8011057,-1.766702
RWI,360.4876,-0.6242236,0.8048955,-1.767449
RWI,360.4955,-0.6244938,0.8081691,-1.768004
RWI,360.5042,-0.6248269,0.811375,-1.768558
RWI,360.512,-0.6253451,0.8147467,-1.769112
RWI,360.5211,-0.6256899,0.817922,-1.769752
RWI,360.5292,-0.6261835,0.8211561,-1.770467
RWI,360.5373,-0.6266156,0.8246263,-1.771191
RWI,360.5461,-0.6271095,0.8278616,-1.77193
RWI,360.5543,-0.6276994,0.8311542,-1.772557
RWI,360.5635,-0.6280462,0.8344674,-1.773177
RWI,360.5738,-0.6286088,0.8378224,-1.773695
RWI,360.5824,-0.6292872,0.8421608,-1.774509
RWI,360.5883,-0.6300476,0.8455545,-1.774967
RWI,360.5965,-0.6305563,0.8478187,-1.775336
RWI,360.6047,-0.63151,0.8511538,-1.776149
RWI,360.6136,-0.6324859,0.8544143,-1.776979
RWI,360.6225,-0.633617,0.8575947,-1.777802
RWI,360.6298,-0.6345931,0.8608705,-1.778675
RWI,360.6381,-0.6355455,0.8641381,-1.779453
RWI,360.6466,-0.6364644,0.867633,-1.780251
RWI,360.6552,-0.6372563,0.8710628,-1.780859
RWI,360.6639,-0.6380296,0.8746889,-1.781362
RWI,360.6713,-0.6388844,0.8782991,-1.781854
RWI,360.6796,-0.639875,0.8818803,-1.782383
RWI,360.6885,-0.6407972,0.8855537,-1.782864
RWI,360.6966,-0.641762,0.8894885,-1.783217
RWI,360.7051,-0.6427414,0.8933815,-1.783535
RWI,360.7132,-0.6434134,0.8976103,-1.78364
RWI,360.7223,-0.644093,0.9025336,-1.78332
RWI,360.7297,-0.6448813,0.9073623,-1.783027
RWI,360.738,-0.6457375,0.9122751,-1.782679
RWI,360.7467,-0.6465346,0.9175417,-1.782103
RWI,360.7547,-0.6474314,0.9226596,-1.781643
RWI,360.763,-0.6483278,0.9282684,-1.781028
RWI,360.7721,-0.6492908,0.9341839,-1.780196
RWI,360.7798,-0.6506728,0.9405644,-1.779454
RWI,360.7886,-0.6519077,0.9469621,-1.778511
RWI,360.7966,-0.6536082,0.9543672,-1.777341
RWI,360.8048,-0.6551324,0.9609854,-1.776536
RWI,360.8132,-0.6570288,0.968727,-1.775422
RWI,360.8227,-0.6589206,0.9761468,-1.77432
RWI,360.8298,-0.6607374,0.9840868,-1.773083
RWI,360.8382,-0.6624728,0.991638,-1.771953
RWI,360.8466,-0.6641631,0.9992831,-1.770632
RWI,360.8553,-0.6658664,1.007867,-1.769195
RWI,360.8643,-0.6675342,1.016338,-1.767825
RWI,360.8719,-0.6693234,1.025037,-1.766251
RWI,360.8805,-0.6712005,1.033072,-1.764858
RWI,360.8888,-0.6734199,1.042074,-1.763281
RWI,360.8975,-0.6755123,1.050524,-1.761763
RWI,360.9058,-0.6779153,1.059093,-1.760177
RWI,360.9139,-0.6802702,1.067586,-1.758512
RWI,360.9238,-0.6829716,1.076121,-1.757074
RWI,360.9307,-0.6853438,1.084683,-1.755249
RWI,360.9434,-0.687663,1.092887,-1.753696
RWI,360.9536,-0.6907824,1.104318,-1.751222
RWI,360.962,-0.6942084,1.115094,-1.74881
RWI,360.9728,-0.6972683,1.123363,-1.747216
RWI,360.9814,-0.7005891,1.133667,-1.744902
RWI,360.9896,-0.7035504,1.14181,-1.743274
RWI,360.9976,-0.7066911,1.149393,-1.741965
RWI,361.0058,-0.7099406,1.157251,-1.740548
RWI,361.0143,-0.7130762,1.164837,-1.73905
RWI,361.0235,-0.7158339,1.172697,-1.737411
RWI,361.0312,-0.7188788,1.179992,-1.735893
RWI,361.0393,-0.7216455,1.187172,-1.73425
RWI,361.0475,-0.7242789,1.194238,-1.732731
RWI,361.0572,-0.7269797,1.201147,-1.730962
RWI,361.0651,-0.7295519,1.20795,-1.729342
RWI,361.0725,-0.7324401,1.214866,-1.727634
RWI,361.0817,-0.735309,1.221264,-1.725951
RWI,361.0892,-0.7383528,1.227647,-1.724301
RWI,361.0986,-0.741397,1.23367,-1.7226
RWI,361.106,-0.7450246,1.240423,-1.720569
RWI,361.1143,-0.7478763,1.245511,-1.719058
RWI,361.1227,-0.7508625,1.250628,-1.717015
RWI,361.1312,-0.7537583,1.256184,-1.715092
RWI,361.1392,-0.7561821,1.26149,-1.712954
RWI,361.148,-0.7580366,1.266575,-1.710963
RWI,361.1562,-0.7602399,1.271844,-1.708869
RWI,361.1643,-0.7621273,1.276829,-1.706871
RWI,361.1727,-0.7647644,1.281232,-1.704991
RWI,361.1813,-0.7673906,1.286169,-1.702873
RWI,361.1901,-0.7708502,1.290345,-1.700664
RWI,361.1974,-0.773864,1.294416,-1.698448
RWI,361.206,-0.776769,1.298452,-1.696255
RWI,361.2141,-0.7793804,1.302551,-1.693829
RWI,361.2236,-0.7816896,1.306566,-1.691411
RWI,361.2309,-0.7838409,1.310731,-1.688977
RWI,361.2395,-0.7855694,1.314747,-1.686242
RWI,361.2474,-0.7873901,1.318294,-1.683509
RWI,361.2565,-0.7895254,1.321322,-1.680912
RWI,361.2648,-0.7915968,1.324382,-1.678112
RWI,361.2726,-0.7937743,1.327161,-1.675552
RWI,361.281,-0.7963469,1.329621,-1.673281
RWI,361.2891,-0.7985834,1.332518,-1.671181
RWI,361.2982,-0.8006725,1.335548,-1.668828
RWI,361.3062,-0.8027574,1.338411,-1.666846
RWI,361.3141,-0.8048682,1.34156,-1.664682
RWI,361.323,-0.8068206,1.344367,-1.662585
RWI,361.3334,-0.8087301,1.347145,-1.660286
RWI,361.3434,-0.8111224,1.349681,-1.657397
RWI,361.3489,-0.813007,1.351386,-1.655033
RWI,361.3536,-0.8144755,1.352682,-1.653358
RWI,361.3621,-0.8156304,1.353678,-1.652099
RWI,361.3705,-0.8174735,1.355267,-1.650296
RWI,361.3789,-0.8193315,1.356741,-1.648781
RWI,361.3874,-0.8210527,1.358593,-1.647222
RWI,361.3958,-0.8224919,1.360473,-1.645526
RWI,361.4038,-0.824042,1.362158,-1.643992
RWI,361.4125,-0.8253736,1.36378,-1.642233
RWI,361.421,-0.8266019,1.364968,-1.640677
RWI,361.4291,-0.8276947,1.365804,-1.63912
RWI,361.4372,-0.8289516,1.366814,-1.637604
RWI,361.4455,-0.8301232,1.36711,-1.636459
RWI,361.4541,-0.8312944,1.367688,-1.635321
RWI,361.4628,-0.8325654,1.368061,-1.634281
RWI,361.4707,-0.8338065,1.368423,-1.633199
RWI,361.4788,-0.8348816,1.368998,-1.632268
RWI,361.4874,-0.8358219,1.369393,-1.631233
RWI,361.4959,-0.8365844,1.36987,-1.630298
RWI,361.5037,-0.8372203,1.370016,-1.62916
RWI,361.5119,-0.8379303,1.370271,-1.628154
RWI,361.521,-0.8386401,1.370458,-1.627073
RWI,361.5289,-0.8387436,1.370367,-1.626044
RWI,361.5395,-0.8393085,1.370073,-1.624972
RWI,361.5487,-0.839695,1.369937,-1.624109
RWI,361.5539,-0.8401756,1.369806,-1.62307
RWI,361.5623,-0.8403753,1.369651,-1.622468
RWI,361.5708,-0.8406267,1.369525,-1.621922
RWI,361.5791,-0.8409218,1.369293,-1.621244
RWI,361.5874,-0.8409966,1.369219,-1.620744
RWI,361.5956,-0.8409243,1.369159,-1.620201
RWI,361.604,-0.8408016,1.36902,-1.619721
RWI,361.6126,-0.84053,1.368849,-1.619268
RWI,361.6214,-0.8402076,1.368473,-1.619048
RWI,361.6295,-0.839906,1.368229,-1.618703
RWI,361.6405,-0.8394192,1.368,-1.618632
RWI,361.6515,-0.8389184,1.367518,-1.618557
RWI,361.6573,-0.8383754,1.366708,-1.618544
RWI,361.664,-0.838184,1.366172,-1.618509
RWI,361.67,-0.8378059,1.365849,-1.618348
RWI,361.6788,-0.8376723,1.365019,-1.618251
RWI,361.6867,-0.8374018,1.36411,-1.618004
RWI,361.6951,-0.8372049,1.362536,-1.617653
RWI,361.7039,-0.837038,1.361104,-1.617334
RWI,361.7118,-0.8365005,1.35991,-1.617012
RWI,361.7212,-0.8360103,1.358988,-1.616631
RWI,361.7285,-0.8356178,1.358208,-1.616288
RWI,361.7371,-0.8352711,1.357614,-1.615791
RWI,361.7455,-0.8347949,1.357065,-1.615193
RWI,361.7539,-0.8344413,1.356762,-1.6146
RWI,361.7618,-0.8342753,1.356409,-1.613974
RWI,361.7704,-0.8340625,1.356205,-1.613237
RWI,361.7787,-0.8343251,1.356227,-1.612196
RWI,361.7869,-0.8343287,1.355997,-1.611373
RWI,361.7955,-0.8348664,1.355908,-1.610143
RWI,361.8036,-0.8354436,1.355704,-1.609034
RWI,361.8119,-0.8358635,1.355508,-1.607568
RWI,361.8204,-0.8361568,1.355444,-1.606079
RWI,361.8288,-0.8364512,1.355338,-1.604618
RWI,361.8369,-0.8373932,1.355331,-1.602772
RWI,361.8454,-0.8382557,1.355594,-1.601409
RWI,361.8538,-0.8388218,1.35588,-1.599377
RWI,361.863,-0.8396803,1.355922,-1.597467
RWI,361.8701,-0.8408801,1.356159,-1.595722
RWI,361.879,-0.841752,1.356095,-1.593915
RWI,361.8868,-0.8429473,1.356012,-1.592188
RWI,361.8951,-0.843636,1.356262,-1.589944
RWI,361.9035,-0.8443906,1.356261,-1.587884
RWI,361.912,-0.8452574,1.356131,-1.585074
RWI,361.9205,-0.8456262,1.356035,-1.583087
RWI,361.9286,-0.845952,1.355657,-1.580785
RWI,361.937,-0.8465647,1.35517,-1.57881
RWI,361.9457,-0.8469003,1.354804,-1.57671
RWI,361.9536,-0.8474591,1.354676,-1.574576
RWI,361.962,-0.8477582,1.354694,-1.572631
RWI,361.9703,-0.8482025,1.355015,-1.571118
RWI,361.9786,-0.8485547,1.355564,-1.569119
RWI,361.9879,-0.8491104,1.35615,-1.567515
RWI,361.9958,-0.8496863,1.3563,-1.565063
RWI,362.0042,-0.8504634,1.356511,-1.563595
RWI,362.0129,-0.851226,1.356935,-1.562129
RWI,362.022,-0.8523538,1.357205,-1.5604
RWI,362.0298,-0.8534375,1.357206,-1.558941
RWI,362.0387,-0.8544444,1.357728,-1.557316
RWI,362.047,-0.8553382,1.358147,-1.555756
RWI,362.0561,-0.8558996,1.358665,-1.554091
RWI,362.0647,-0.8564094,1.359161,-1.552619
RWI,362.0725,-0.8569726,1.359709,-1.551336
RWI,362.0807,-0.8576617,1.359981,-1.55028
RWI,362.0889,-0.85832,1.360266,-1.54911
RWI,362.0984,-0.8590509,1.360317,-1.548324
RWI,362.1055,-0.8598689,1.360466,-1.547382
RWI,362.1145,-0.8604484,1.360853,-1.54656
RWI,362.1228,-0.8609447,1.361827,-1.545877
RWI,362.1307,-0.8613548,1.362486,-1.544957
RWI,362.1389,-0.8617334,1.363028,-1.54439
RWI,362.1481,-0.8619317,1.363503,-1.543753
RWI,362.1555,-0.8622752,1.3638,-1.543167
RWI,362.1642,-0.862475,1.363891,-1.542633
RWI,362.1724,-0.8626193,1.363955,-1.541996
RWI,362.1806,-0.8626922,1.363688,-1.541456
RWI,362.1897,-0.8624692,1.363315,-1.541061
RWI,362.1978,-0.8624464,1.363084,-1.540585
RWI,362.206,-0.8622226,1.362726,-1.540603
RWI,362.2139,-0.8620923,1.362367,-1.540391
RWI,362.2229,-0.8618485,1.362046,-1.540424
RWI,362.2313,-0.8614357,1.361625,-1.540482
RWI,362.239,-0.8607675,1.361026,-1.540649
RWI,362.2475,-0.8602526,1.360595,-1.540627
RWI,362.2563,-0.8594207,1.359577,-1.540938
RWI,362.2646,-0.8588675,1.358488,-1.541286
RWI,362.2726,-0.8582331,1.357241,-1.541592
RWI,362.2807,-0.857524,1.356069,-1.541498
RWI,362.2891,-0.8566139,1.354939,-1.541727
RWI,362.2975,-0.8558589,1.353988,-1.542186
RWI,362.3056,-0.8549477,1.353107,-1.542811
RWI,362.3141,-0.8538038,1.35217,-1.542993
RWI,362.3234,-0.8526865,1.351447,-1.543356
RWI,362.3308,-0.851735,1.350872,-1.544156
RWI,362.3388,-0.8506114,1.3496,-1.54445
RWI,362.3478,-0.8493252,1.348895,-1.545018
RWI,362.3561,-0.8479559,1.34827,-1.54565
RWI,362.3641,-0.8466519,1.347295,-1.546184
RWI,362.3722,-0.8456571,1.346974,-1.546824
RWI,362.3814,-0.8445024,1.346902,-1.547462
RWI,362.3899,-0.8436531,1.34663,-1.548176
RWI,362.4012,-0.8419825,1.346406,-1.548654
RWI,362.4106,-0.8402924,1.346284,-1.549603
RWI,362.4207,-0.8387536,1.346299,-1.550244
RWI,362.4287,-0.8370789,1.346221,-1.551022
RWI,362.4369,-0.8357591,1.34605,-1.551744
RWI,362.4449,-0.8344494,1.34604,-1.552258
RWI,362.4547,-0.8331464,1.345931,-1.552928
RWI,362.4629,-0.8317486,1.345873,-1.553684
RWI,362.4706,-0.8304007,1.345736,-1.554434
RWI,362.4784,-0.8290313,1.345567,-1.555201
RWI,362.488,-0.8278788,1.345194,-1.556322
RWI,362.4962,-0.8262681,1.344979,-1.557342
RWI,362.5036,-0.8246995,1.344627,-1.558393
RWI,362.5117,-0.8231961,1.34444,-1.559329
RWI,362.5207,-0.8214253,1.344214,-1.560387
RWI,362.5285,-0.8194814,1.344178,-1.561752
RWI,362.5367,-0.817453,1.343863,-1.562969
RWI,362.5456,-0.8151009,1.343907,-1.564075
RWI,362.5537,-0.8123599,1.34383,-1.56535
RWI,362.562,-0.8100965,1.343516,-1.566558
RWI,362.57,-0.8074059,1.343105,-1.567859
RWI,362.5789,-0.8045393,1.342437,-1.56945
RWI,362.5873,-0.8017555,1.341857,-1.570661
RWI,362.5954,-0.798802,1.341039,-1.572211
RWI,362.6034,-0.7955328,1.340351,-1.573812
RWI,362.6124,-0.7925099,1.339747,-1.575148
RWI,362.6205,-0.7891181,1.338857,-1.576648
RWI,362.6287,-0.7856698,1.338141,-1.578045
RWI,362.6368,-0.7819518,1.337058,-1.579472
RWI,362.645,-0.7784434,1.335898,-1.580879
RWI,362.6543,-0.7746264,1.334645,-1.582327
RWI,362.6632,-0.7708293,1.333368,-1.58384
RWI,362.6701,-0.7665126,1.331734,-1.585397
RWI,362.6783,-0.7628236,1.330432,-1.586866
RWI,362.6867,-0.7586918,1.328751,-1.588383
RWI,362.6951,-0.7544136,1.326991,-1.5901
RWI,362.7037,-0.7500063,1.325053,-1.591752
RWI,362.712,-0.7455519,1.322995,-1.593445
RWI,362.7206,-0.7411307,1.321069,-1.595116
RWI,362.7287,-0.7364259,1.318542,-1.596871
RWI,362.7372,-0.73174,1.315974,-1.598572
RWI,362.746,-0.7267963,1.313218,-1.600562
RWI,362.7541,-0.7223078,1.310133,-1.602305
RWI,362.7629,-0.7174506,1.306406,-1.604302
RWI,362.7713,-0.7127491,1.303016,-1.606333
RWI,362.7796,-0.707998,1.298871,-1.608472
RWI,362.7887,-0.7033194,1.294527,-1.610866
RWI,362.7971,-0.6984919,1.290344,-1.612964
RWI,362.805,-0.6937601,1.285949,-1.615186
RWI,362.8139,-0.6891979,1.281307,-1.61751
RWI,362.8231,-0.6843907,1.276351,-1.619859
RWI,362.8311,-0.679697,1.271146,-1.622304
RWI,362.8389,-0.6752326,1.265694,-1.62468
RWI,362.8473,-0.6708649,1.259973,-1.627001
RWI,362.8564,-0.6666304,1.254091,-1.629483
RWI,362.8649,-0.6623648,1.248144,-1.6317
RWI,362.8726,-0.6577365,1.242279,-1.633626
RWI,362.8807,-0.6538297,1.235573,-1.635487
RWI,362.8887,-0.6495931,1.229439,-1.637608
RWI,362.8975,-0.6456711,1.222451,-1.639864
RWI,362.9058,-0.6417704,1.215585,-1.642336
RWI,362.9139,-0.6377987,1.208683,-1.644666
RWI,362.9232,-0.6341302,1.201501,-1.647065
RWI,362.9305,-0.6305917,1.194011,-1.649437
RWI,362.9394,-0.6271181,1.186769,-1.65178
RWI,362.9482,-0.6237266,1.179156,-1.654181
RWI,362.9555,-0.6204609,1.171479,-1.656545
RWI,362.9641,-0.6173859,1.163694,-1.658659
RWI,362.9722,-0.6147937,1.155939,-1.661116
RWI,362.981,-0.6117821,1.148237,-1.663433
RWI,362.9894,-0.609268,1.140464,-1.665731
RWI,362.9975,-0.6068785,1.132497,-1.667979
RWI,363.0057,-0.6045245,1.124436,-1.670163
RWI,363.0139,-0.602178,1.116551,-1.672324
RWI,363.0237,-0.5999002,1.108652,-1.674259
RWI,363.0307,-0.5975416,1.100283,-1.676434
RWI,363.0388,-0.5956089,1.092245,-1.678282
RWI,363.0474,-0.5934051,1.084082,-1.680333
RWI,363.0562,-0.5914392,1.075926,-1.682241
RWI,363.0647,-0.5894265,1.067568,-1.684343
RWI,363.0724,-0.5875118,1.059241,-1.686205
RWI,363.0811,-0.5858797,1.050991,-1.688025
RWI,363.0919,-0.5842228,1.042601,-1.689794
RWI,363.1022,-0.5823054,1.031538,-1.691833
RWI,363.1119,-0.5805039,1.021435,-1.69375
RWI,363.1229,-0.5787723,1.011944,-1.695316
RWI,363.1305,-0.5770953,1.001467,-1.69717
RWI,363.1389,-0.5758071,0.9935585,-1.698464
RWI,363.1476,-0.5749459,0.9853791,-1.699511
RWI,363.1557,-0.5740029,0.9769022,-1.700444
RWI,363.1642,-0.5730845,0.9685914,-1.701341
RWI,363.1721,-0.5722682,0.960397,-1.702204
RWI,363.1805,-0.5717489,0.9519985,-1.702984
RWI,363.1893,-0.5712655,0.943701,-1.703723
RWI,363.1972,-0.5710754,0.9351253,-1.704376
RWI,363.2057,-0.5709372,0.9266182,-1.705106
RWI,363.2139,-0.5710125,0.9181756,-1.705642
RWI,363.2231,-0.5711771,0.9098179,-1.70639
RWI,363.2306,-0.5714863,0.9010978,-1.70696
RWI,363.239,-0.5719119,0.8926352,-1.707471
RWI,363.2473,-0.5726458,0.884141,-1.708011
RWI,363.2557,-0.5732212,0.8755805,-1.708374
RWI,363.2643,-0.5738676,0.8670561,-1.70883
RWI,363.2727,-0.5747225,0.8585596,-1.709172
RWI,363.2805,-0.5758603,0.8502703,-1.709539
RWI,363.2892,-0.5770199,0.8419755,-1.709956
RWI,363.2972,-0.5783474,0.8337622,-1.710379
RWI,363.3055,-0.5797541,0.8255631,-1.71089
RWI,363.3141,-0.5813257,0.8172789,-1.711354
RWI,363.3226,-0.5827633,0.8094433,-1.71211
RWI,363.3311,-0.5842783,0.8017,-1.712965
RWI,363.3388,-0.5861118,0.7940598,-1.713758
RWI,363.3478,-0.5879703,0.7866203,-1.714626
RWI,363.3554,-0.5901603,0.7791555,-1.715494
RWI,363.3643,-0.5926363,0.771927,-1.71653
RWI,363.3724,-0.5958168,0.7643176,-1.717947
RWI,363.3809,-0.5992314,0.757443,-1.719558
RWI,363.389,-0.6019092,0.7505085,-1.721076
RWI,363.4129,-0.6052114,0.7434703,-1.722719
RWI,363.4232,-0.6149793,0.7238966,-1.727953
RWI,363.4286,-0.6185978,0.71641,-1.730626
RWI,363.4367,-0.6210351,0.7114757,-1.732247
RWI,363.445,-0.6236442,0.7058139,-1.734428
RWI,363.4543,-0.6260478,0.6998163,-1.736532
RWI,363.4628,-0.6274784,0.6951154,-1.738706
RWI,363.4706,-0.6290801,0.6902018,-1.740545
RWI,363.4784,-0.6306467,0.6856112,-1.742019
RWI,363.487,-0.6326534,0.6818495,-1.74325
RWI,363.4952,-0.6341476,0.6774589,-1.744589
RWI,363.5034,-0.6356035,0.6754702,-1.745377
RWI,363.5115,-0.6385767,0.6728575,-1.745775
RWI,363.5208,-0.6409202,0.6706913,-1.746087
RWI,363.5283,-0.6437389,0.6689873,-1.74586
RWI,363.5365,-0.6464196,0.6677688,-1.745294
RWI,363.5455,-0.6483395,0.666553,-1.744748
RWI,363.5534,-0.6520213,0.6633016,-1.744636
RWI,363.5616,-0.6541966,0.6615874,-1.74359
RWI,363.5701,-0.6572328,0.6602508,-1.742185
RWI,363.5784,-0.6596802,0.6584396,-1.741008
RWI,363.5873,-0.6622719,0.6575104,-1.740236
RWI,363.5952,-0.6650153,0.6556447,-1.739403
RWI,363.6035,-0.6680325,0.6550221,-1.739515
RWI,363.6116,-0.6712587,0.6538193,-1.739234
RWI,363.6208,-0.6741256,0.6529332,-1.738837
RWI,363.6283,-0.6765155,0.651694,-1.738864
RWI,363.637,-0.6781536,0.6510232,-1.738054
RWI,363.6447,-0.6806017,0.6498073,-1.737747
RWI,363.6544,-0.6811688,0.6483841,-1.736577
RWI,363.663,-0.6828327,0.6471211,-1.73527
RWI,363.6698,-0.6839322,0.6457561,-1.733775
RWI,363.6783,-0.6854334,0.6453124,-1.732424
RWI,363.6865,-0.6871754,0.6443233,-1.731371
RWI,363.695,-0.6888959,0.6444691,-1.730701
RWI,363.7037,-0.6906965,0.643921,-1.729887
RWI,363.7114,-0.692202,0.6440311,-1.729475
RWI,363.7204,-0.6937318,0.6435951,-1.728569
RWI,363.7283,-0.6949472,0.6435665,-1.728126
RWI,363.7368,-0.6962787,0.6434514,-1.727391
RWI,363.7457,-0.6977605,0.6433949,-1.726664
RWI,363.7532,-0.6989214,0.6439472,-1.726151
RWI,363.7618,-0.7002916,0.6445875,-1.725363
RWI,363.7702,-0.7014972,0.6452124,-1.724573
RWI,363.7784,-0.7030976,0.6454715,-1.723789
RWI,363.7875,-0.7040669,0.6463088,-1.722295
RWI,363.795,-0.7049214,0.6473349,-1.720056
RWI,363.8033,-0.7061211,0.6480443,-1.718112
RWI,363.8117,-0.7073411,0.6476452,-1.716187
RWI,363.8203,-0.7074943,0.6468512,-1.713425
RWI,363.8286,-0.7074249,0.645814,-1.711012
RWI,363.8366,-0.7079114,0.6459923,-1.709798
RWI,363.845,-0.7076684,0.6471523,-1.70837
RWI,363.8536,-0.707202,0.648382,-1.706887
RWI,363.8635,-0.7065737,0.6497616,-1.705395
RWI,363.8701,-0.7056975,0.6511517,-1.703665
RWI,363.8788,-0.7047588,0.652458,-1.702349
RWI,363.8875,-0.7033681,0.6539642,-1.700996
RWI,363.8969,-0.7019502,0.6555105,-1.699533
RWI,363.9049,-0.7001346,0.6569651,-1.698245
RWI,363.9141,-0.6978301,0.6585303,-1.69729
RWI,363.9223,-0.6958524,0.6599001,-1.696782
RWI,363.9305,-0.6932226,0.6614513,-1.696084
RWI,363.939,-0.6907786,0.663238,-1.694998
RWI,363.9505,-0.6873747,0.664955,-1.694599
RWI,363.9603,-0.6827888,0.6702733,-1.694725
RWI,363.9692,-0.6789694,0.6746382,-1.69532
RWI,363.9781,-0.6756008,0.678261,-1.695843
RWI,363.9877,-0.6718134,0.6808873,-1.695467
RWI,363.9948,-0.6675482,0.6843208,-1.695683
RWI,364.0034,-0.6636233,0.6871197,-1.695576
RWI,364.0115,-0.6597366,0.6893958,-1.695567
RWI,364.0208,-0.6563041,0.6925395,-1.696087
RWI,364.0282,-0.6524255,0.6955075,-1.696318
RWI,364.0369,-0.6490054,0.698819,-1.697472
RWI,364.0446,-0.6454462,0.7022679,-1.698594
RWI,364.054,-0.6420116,0.7050683,-1.699576
RWI,364.0626,-0.6389356,0.7088318,-1.70087
RWI,364.0701,-0.6356347,0.7122251,-1.701955
RWI,364.0783,-0.6328225,0.7155312,-1.703483
RWI,364.0879,-0.6295567,0.7188056,-1.704484
RWI,364.0964,-0.6257246,0.7222422,-1.705818
RWI,364.1062,-0.6232654,0.7257754,-1.707243
RWI,364.1152,-0.6197224,0.7302033,-1.709131
RWI,364.1209,-0.6175503,0.734584,-1.711299
RWI,364.1281,-0.6162541,0.7369645,-1.712373
RWI,364.1364,-0.6145585,0.7403138,-1.713901
RWI,364.1455,-0.612493,0.744005,-1.715372
RWI,364.153,-0.6109966,0.7481834,-1.717025
RWI,364.1614,-0.6093999,0.7520267,-1.718395
RWI,364.17,-0.6078256,0.755978,-1.719762
RWI,364.1781,-0.6065155,0.7601433,-1.72121
RWI,364.1878,-0.6055034,0.7641401,-1.722723
RWI,364.1954,-0.6046939,0.7683111,-1.724292
RWI,364.2031,-0.6040149,0.7724759,-1.72586
RWI,364.2117,-0.603642,0.7767156,-1.727591
RWI,364.22,-0.6036199,0.7806244,-1.729399
RWI,364.2284,-0.6037741,0.7848728,-1.731395
RWI,364.2365,-0.60412,0.7888319,-1.733461
RWI,364.2449,-0.6045336,0.7927871,-1.735539
RWI,364.2555,-0.6049476,0.7971163,-1.737771
RWI,364.2646,-0.6056992,0.801159,-1.739958
RWI,364.2701,-0.6066138,0.8064345,-1.742625
RWI,364.2781,-0.6074139,0.8092788,-1.743953
RWI,364.2867,-0.6084459,0.8132879,-1.745911
RWI,364.2949,-0.609892,0.8171712,-1.747928
RWI,364.3033,-0.6112328,0.8212114,-1.749874
RWI,364.3112,-0.6126664,0.8253599,-1.75178
RWI,364.3203,-0.6142959,0.8293206,-1.753651
RWI,364.3281,-0.615791,0.8330187,-1.755745
RWI,364.3368,-0.6171529,0.8368014,-1.757565
RWI,364.3454,-0.6185058,0.8404268,-1.759433
RWI,364.3533,-0.6197217,0.8441649,-1.761038
RWI,364.3618,-0.6209223,0.8478179,-1.762784
RWI,364.3704,-0.6222926,0.8515142,-1.764408
RWI,364.3796,-0.6238807,0.855159,-1.766058
RWI,364.3871,-0.625496,0.8591268,-1.767476
RWI,364.3951,-0.6273602,0.8628982,-1.768925
RWI,364.4042,-0.6291307,0.8669783,-1.770152
RWI,364.4127,-0.6309469,0.8710299,-1.771451
RWI,364.423,-0.6330252,0.8748911,-1.772448
RWI,364.4317,-0.6357017,0.8800378,-1.773656
RWI,364.4372,-0.6379476,0.8847441,-1.774663
RWI,364.4456,-0.6393183,0.8874648,-1.775174
RWI,364.4544,-0.6415067,0.8917467,-1.775889
RWI,364.4633,-0.6437234,0.8962432,-1.776196
RWI,364.4708,-0.64571,0.9007168,-1.776819
RWI,364.4791,-0.6479374,0.9049035,-1.777145
RWI,364.4874,-0.6499778,0.9095079,-1.777375
RWI,364.4962,-0.6521528,0.914188,-1.777423
RWI,364.5041,-0.6547632,0.9191984,-1.777073
RWI,364.5126,-0.6569246,0.9235337,-1.77702
RWI,364.5213,-0.6593696,0.9283003,-1.776692
RWI,364.5288,-0.6616111,0.933462,-1.776505
RWI,364.5374,-0.6638791,0.9381886,-1.77625
RWI,364.5459,-0.6662744,0.9434884,-1.775901
RWI,364.5541,-0.6688371,0.9485532,-1.775397
RWI,364.5625,-0.6713837,0.9536602,-1.77483
RWI,364.571,-0.6739705,0.9590603,-1.774222
RWI,364.5791,-0.6764253,0.9644253,-1.773522
RWI,364.5877,-0.6788713,0.9699956,-1.772826
RWI,364.5959,-0.6813792,0.975419,-1.77212
RWI,364.604,-0.6836634,0.9807165,-1.771143
RWI,364.6126,-0.6860667,0.9861646,-1.77033
RWI,364.6213,-0.6883412,0.9915405,-1.769277
RWI,364.6289,-0.6907135,0.9968137,-1.768366
RWI,364.6377,-0.6930631,1.002311,-1.767396
RWI,364.6458,-0.6956027,1.007858,-1.766573
RWI,364.6544,-0.698069,1.01334,-1.76558
RWI,364.6635,-0.7004748,1.018916,-1.76456
RWI,364.671,-0.7027417,1.024704,-1.763543
RWI,364.679,-0.7049307,1.030161,-1.762554
RWI,364.6872,-0.7072771,1.035795,-1.761285
RWI,364.6956,-0.7095645,1.04144,-1.760212
RWI,364.7043,-0.7119021,1.047113,-1.759147
RWI,364.7128,-0.714334,1.052698,-1.757952
RWI,364.7217,-0.7170502,1.058317,-1.756799
RWI,364.7296,-0.7198827,1.063807,-1.755635
RWI,364.7382,-0.7227911,1.069219,-1.75468
RWI,364.7466,-0.7254924,1.074715,-1.753626
RWI,364.7546,-0.7280405,1.080247,-1.752821
RWI,364.7634,-0.7303942,1.085709,-1.751824
RWI,364.7718,-0.7326753,1.091234,-1.751031
RWI,364.7799,-0.7348396,1.096777,-1.75015
RWI,364.7892,-0.736904,1.101946,-1.749037
RWI,364.7967,-0.7389908,1.107408,-1.74806
RWI,364.8054,-0.7413514,1.112927,-1.747083
RWI,364.8136,-0.7436603,1.118299,-1.746157
RWI,364.8232,-0.7460313,1.123633,-1.745234
RWI,364.8303,-0.7488194,1.129424,-1.744552
RWI,364.8383,-0.7511599,1.134821,-1.743672
RWI,364.847,-0.7535877,1.140817,-1.74309
RWI,364.8555,-0.7561561,1.146747,-1.742693
RWI,364.8644,-0.7585387,1.15273,-1.742217
RWI,364.872,-0.7606774,1.15884,-1.741815
RWI,364.8802,-0.762794,1.164691,-1.741491
RWI,364.8885,-0.7645222,1.170756,-1.741372
RWI,364.8971,-0.7661984,1.176658,-1.740926
RWI,364.9052,-0.768002,1.182476,-1.740522
RWI,364.9138,-0.769673,1.188175,-1.739796
RWI,364.9225,-0.7715842,1.193689,-1.739292
RWI,364.9303,-0.7734776,1.198834,-1.738402
RWI,364.9384,-0.7754868,1.203867,-1.736986
RWI,364.9475,-0.7775738,1.208709,-1.735302
RWI,364.955,-0.7799977,1.213006,-1.733281
RWI,364.9636,-0.7817576,1.217929,-1.731787
RWI,364.9718,-0.7836365,1.222242,-1.729598
RWI,364.9797,-0.7852436,1.226977,-1.7276
RWI,364.9888,-0.7868437,1.231634,-1.725512
RWI,364.9972,-0.7881797,1.236119,-1.723008
RWI,365.0052,-0.7895433,1.240935,-1.720571
RWI,365.0136,-0.7907999,1.245634,-1.718178
RWI,365.023,-0.7922027,1.250305,-1.7157
RWI,365.0303,-0.793485,1.255187,-1.713253
RWI,365.0383,-0.7948207,1.259701,-1.710771
RWI,365.0469,-0.7961787,1.264347,-1.708342
RWI,365.0557,-0.7977279,1.268954,-1.705766
RWI,365.0639,-0.7991339,1.27343,-1.703085
RWI,365.0716,-0.8006717,1.277774,-1.700366
RWI,365.0805,-0.8020548,1.282433,-1.697576
RWI,365.0885,-0.8034232,1.286823,-1.694709
RWI,365.0976,-0.804631,1.290911,-1.691494
RWI,365.1053,-0.80602,1.295711,-1.687993
RWI,365.1133,-0.8071927,1.299486,-1.685248
RWI,365.1227,-0.8081861,1.303628,-1.68179
RWI,365.13,-0.8093837,1.307601,-1.678263
RWI,365.1387,-0.810526,1.311682,-1.674772
RWI,365.1474,-0.8119054,1.315399,-1.670633
RWI,365.1558,-0.8133211,1.319024,-1.666619
RWI,365.1637,-0.8147934,1.322445,-1.662719
RWI,365.1717,-0.8163217,1.325836,-1.658728
RWI,365.1803,-0.8180996,1.329205,-1.654858
RWI,365.1888,-0.8191093,1.332785,-1.650744
RWI,365.197,-0.8202356,1.336336,-1.646953
RWI,365.2056,-0.8213453,1.339856,-1.643005
RWI,365.2135,-0.8223628,1.343393,-1.638837
RWI,365.2229,-0.8235785,1.346648,-1.634835
RWI,365.23,-0.8249101,1.349689,-1.630541
RWI,365.2386,-0.826328,1.352648,-1.626402
RWI,365.2467,-0.828124,1.355335,-1.62239
RWI,365.2558,-0.8297434,1.357639,-1.61822
RWI,365.2643,-0.8314487,1.36008,-1.614136
RWI,365.2718,-0.8330196,1.362408,-1.610092
RWI,365.28,-0.8346177,1.364681,-1.606064
RWI,365.2883,-0.8362578,1.366934,-1.602036
RWI,365.297,-0.8379444,1.368925,-1.598255
RWI,365.3051,-0.8394818,1.370874,-1.594445
RWI,365.3137,-0.8409801,1.372895,-1.590903
RWI,365.3224,-0.8423783,1.37463,-1.587401
RWI,365.3308,-0.8435044,1.376724,-1.583721
RWI,365.341,-0.8446267,1.378627,-1.58008
RWI,365.3507,-0.8460748,1.380412,-1.575715
RWI,365.356,-0.8476605,1.381425,-1.571236
RWI,365.3613,-0.8485645,1.381601,-1.568986
RWI,365.3694,-0.8494753,1.380827,-1.567341
RWI,365.3781,-0.8506991,1.380294,-1.564084
RWI,365.3875,-0.8515145,1.380021,-1.561389
RWI,365.3944,-0.8521116,1.379833,-1.558571
RWI,365.4033,-0.8524629,1.379224,-1.556341
RWI,365.4114,-0.8526222,1.379392,-1.55376
RWI,365.4193,-0.8527275,1.379807,-1.551391
RWI,365.4282,-0.852856,1.380178,-1.548627
RWI,365.4361,-0.8529303,1.379845,-1.546526
RWI,365.4668,-0.8537469,1.37891,-1.545484
RWI,365.4739,-0.854672,1.376783,-1.544551
RWI,365.4788,-0.857181,1.373241,-1.54294
RWI,365.488,-0.8576741,1.3727,-1.542668
RWI,365.4988,-0.8578755,1.371419,-1.542411
RWI,365.5075,-0.8578666,1.369707,-1.542363
RWI,365.5122,-0.8579944,1.368202,-1.542241
RWI,365.5201,-0.8580938,1.367245,-1.54229
RWI,365.5279,-0.8581022,1.365912,-1.54225
RWI,365.5362,-0.8578503,1.364585,-1.542234
RWI,365.545,-0.8575732,1.363252,-1.542175
RWI,365.5527,-0.8573247,1.361817,-1.54186
RWI,365.5614,-0.8568188,1.36077,-1.542033
RWI,365.5697,-0.8563218,1.359673,-1.542186
RWI,365.5778,-0.8549454,1.359539,-1.542202
RWI,365.5866,-0.8543804,1.358886,-1.542466
RWI,365.5945,-0.8536952,1.358325,-1.54277
RWI,365.6029,-0.852834,1.357314,-1.542859
RWI,365.6113,-0.8518021,1.355619,-1.543474
RWI,365.6198,-0.8511677,1.35385,-1.543933
RWI,365.628,-0.850021,1.35175,-1.54447
RWI,365.636,-0.8489719,1.349814,-1.545395
RWI,365.645,-0.8482063,1.348258,-1.546111
RWI,365.6556,-0.8476067,1.347023,-1.546831
RWI,365.6669,-0.8464561,1.346331,-1.547747
RWI,365.6725,-0.8451564,1.346324,-1.54906
RWI,365.6777,-0.8444244,1.346166,-1.549573
RWI,365.6861,-0.8437761,1.346147,-1.550098
RWI,365.6945,-0.8425457,1.345791,-1.550774
RWI,365.7032,-0.8410594,1.345618,-1.5517
RWI,365.7112,-0.8397429,1.345328,-1.552641
RWI,365.72,-0.8385581,1.345067,-1.553428
RWI,365.7277,-0.8373494,1.344507,-1.554025
RWI,365.7363,-0.8359996,1.344007,-1.554888
RWI,365.745,-0.8345706,1.343449,-1.555773
RWI,365.7529,-0.832925,1.342655,-1.556742
RWI,365.7614,-0.8314512,1.342211,-1.55772
RWI,365.7695,-0.8295419,1.3417,-1.559218
RWI,365.7779,-0.8278189,1.341375,-1.560226
RWI,365.7865,-0.8259354,1.34089,-1.56123
RWI,365.7951,-0.8238276,1.340494,-1.562447
RWI,365.8029,-0.8218259,1.340174,-1.563529
RWI,365.8111,-0.8198198,1.339998,-1.565209
RWI,365.8194,-0.8176132,1.339562,-1.566407
RWI,365.8283,-0.8152672,1.339213,-1.56752
RWI,365.8365,-0.81262,1.338541,-1.569106
RWI,365.8445,-0.8099741,1.337939,-1.570331
RWI,365.853,-0.8074988,1.337363,-1.57166
RWI,365.862,-0.8044107,1.336641,-1.573197
RWI,365.8694,-0.8013317,1.336133,-1.574411
RWI,365.8783,-0.7983506,1.335357,-1.575848
RWI,365.886,-0.7953581,1.334513,-1.577601
RWI,365.8947,-0.7923287,1.333892,-1.579022
RWI,365.903,-0.7890589,1.333002,-1.58046
RWI,365.9113,-0.7855182,1.332054,-1.581557
RWI,365.9201,-0.7819693,1.330979,-1.58287
RWI,365.9277,-0.7784858,1.329697,-1.584184
RWI,365.9362,-0.774977,1.328473,-1.585524
RWI,365.9452,-0.7714577,1.326753,-1.586879
RWI,365.9532,-0.7677317,1.325147,-1.588287
RWI,365.9613,-0.7643814,1.32331,-1.589705
RWI,365.9697,-0.760796,1.32168,-1.591084
RWI,365.9778,-0.7570261,1.319807,-1.592545
RWI,365.9865,-0.7530837,1.317903,-1.593912
RWI,365.9946,-0.7492557,1.316013,-1.59532
RWI,366.003,-0.7454159,1.313913,-1.59679
RWI,366.0112,-0.7417105,1.31134,-1.59822
RWI,366.0202,-0.7376938,1.309021,-1.599649
RWI,366.0287,-0.7336767,1.30644,-1.601289
RWI,366.0371,-0.7296244,1.303493,-1.602958
RWI,366.0457,-0.7255926,1.300535,-1.604723
RWI,366.0546,-0.7216443,1.297294,-1.606393
RWI,366.0634,-0.7173826,1.293984,-1.60826
RWI,366.0709,-0.7135361,1.290718,-1.609892
RWI,366.0801,-0.7095658,1.28679,-1.611954
RWI,366.0886,-0.7055143,1.283086,-1.61393
RWI,366.098,-0.7013444,1.278767,-1.61596
RWI,366.1048,-0.6970831,1.27434,-1.61831
RWI,366.1133,-0.6937236,1.270362,-1.620176
RWI,366.123,-0.689865,1.265831,-1.622356
RWI,366.1298,-0.6861852,1.260957,-1.624446
RWI,366.1385,-0.6824754,1.256125,-1.626641
RWI,366.1471,-0.6789312,1.250447,-1.628964
RWI,366.1551,-0.675392,1.244918,-1.631273
RWI,366.1635,-0.671765,1.239679,-1.633491
RWI,366.1718,-0.6684691,1.233441,-1.635874
RWI,366.1796,-0.6651257,1.227756,-1.638231
RWI,366.1887,-0.66195,1.221642,-1.640589
RWI,366.1967,-0.6589192,1.21524,-1.643044
RWI,366.2052,-0.6559396,1.208723,-1.645396
RWI,366.2306,-0.6530387,1.202285,-1.648026
RWI,366.2385,-0.6448635,1.181964,-1.655109
RWI,366.2445,-0.6424788,1.175351,-1.657666
RWI,366.2535,-0.6408859,1.17014,-1.659431
RWI,366.2616,-0.6384521,1.163248,-1.661758
RWI,366.2695,-0.6362863,1.156326,-1.663998
RWI,366.2775,-0.6342152,1.14929,-1.666215
RWI,366.2863,-0.6323358,1.14204,-1.668488
RWI,366.2946,-0.630452,1.134696,-1.670756
RWI,366.3029,-0.6285162,1.127467,-1.673012
RWI,366.3111,-0.626658,1.120182,-1.675195
RWI,366.3202,-0.6247817,1.113234,-1.677221
RWI,366.3281,-0.622869,1.10589,-1.679169
RWI,366.3361,-0.6211264,1.098886,-1.681065
RWI,366.3448,-0.6196207,1.091683,-1.682926
RWI,366.3527,-0.6178828,1.084359,-1.684737
RWI,366.3609,-0.616531,1.077168,-1.686437
RWI,366.3693,-0.6156142,1.069743,-1.688265
RWI,366.3778,-0.6144329,1.062479,-1.690241
RWI,366.3864,-0.6137211,1.055201,-1.69209
RWI,366.3947,-0.613043,1.047749,-1.693824
RWI,366.4026,-0.6123651,1.040465,-1.695581
RWI,366.4113,-0.6115652,1.033152,-1.697302
RWI,366.4197,-0.6110049,1.026084,-1.698943
RWI,366.4281,-0.6104726,1.018747,-1.700568
RWI,366.4362,-0.6098462,1.011627,-1.702124
RWI,366.4442,-0.6094653,1.004477,-1.703633
RWI,366.4549,-0.6092531,0.9971961,-1.70507
RWI,366.4621,-0.6089864,0.9898301,-1.706532
RWI,366.4693,-0.6088648,0.9827319,-1.708009
RWI,366.4782,-0.6086279,0.9758192,-1.709499
RWI,366.4862,-0.6084514,0.9686141,-1.710973
RWI,366.4946,-0.6082531,0.9620776,-1.712087
RWI,366.503,-0.6080891,0.9554111,-1.713281
RWI,366.5111,-0.6080482,0.9485363,-1.714474
RWI,366.5197,-0.6081645,0.9416439,-1.71567
RWI,366.528,-0.6085864,0.9345772,-1.716831
RWI,366.5361,-0.6089463,0.9278232,-1.718018
RWI,366.5448,-0.6094176,0.9212136,-1.719224
RWI,366.553,-0.6100527,0.9144515,-1.720308
RWI,366.5613,-0.610586,0.9080585,-1.721376
RWI,366.5694,-0.6111352,0.9016941,-1.722504
RWI,366.5776,-0.6116805,0.8953366,-1.723548
RWI,366.5865,-0.6122574,0.8889869,-1.724581
RWI,366.5947,-0.6128203,0.8825648,-1.725649
RWI,366.6029,-0.6134852,0.8763554,-1.72673
RWI,366.6108,-0.6140952,0.8703356,-1.727667
RWI,366.6195,-0.6148632,0.8644488,-1.728655
RWI,366.628,-0.6155258,0.8584498,-1.729595
RWI,366.636,-0.6163092,0.852302,-1.730389
RWI,366.6446,-0.6169901,0.8468798,-1.731075
RWI,366.6536,-0.617663,0.8411161,-1.731781
RWI,366.6622,-0.6182992,0.835701,-1.732392
RWI,366.6695,-0.6192064,0.8301991,-1.733099
RWI,366.6776,-0.6199855,0.8248403,-1.73368
RWI,366.6863,-0.6206716,0.8195552,-1.734294
RWI,366.6944,-0.6213408,0.8144627,-1.734811
RWI,366.7036,-0.6220104,0.8094813,-1.735347
RWI,366.7125,-0.6227952,0.8044729,-1.73587
RWI,366.722,-0.6235749,0.7994964,-1.736305
RWI,366.7297,-0.6244301,0.7947988,-1.736681
RWI,366.7385,-0.6250459,0.7906695,-1.736895
RWI,366.7471,-0.625854,0.7861601,-1.737108
RWI,366.7555,-0.6269805,0.7815815,-1.737278
RWI,366.7636,-0.6278166,0.7775601,-1.737481
RWI,366.7717,-0.6287878,0.7736227,-1.73764
RWI,366.78,-0.6296966,0.7699108,-1.737788
RWI,366.789,-0.6305733,0.7664254,-1.737913
RWI,366.7969,-0.6314914,0.7627293,-1.737897
RWI,366.8051,-0.6321694,0.7594326,-1.737804
RWI,366.8132,-0.6327725,0.7562305,-1.737601
RWI,366.8227,-0.6333747,0.7529669,-1.737639
RWI,366.8304,-0.6339872,0.7499943,-1.737631
RWI,366.8382,-0.6346347,0.7469623,-1.737578
RWI,366.8468,-0.6353012,0.7439169,-1.737546
RWI,366.855,-0.6358239,0.7415231,-1.737588
RWI,366.8642,-0.6362371,0.7386971,-1.737569
RWI,366.8716,-0.636861,0.7361197,-1.737487
RWI,366.8799,-0.6372148,0.7336164,-1.737349
RWI,366.8879,-0.6378432,0.7309461,-1.737148
RWI,366.8965,-0.6381733,0.7286257,-1.736977
RWI,366.905,-0.6386322,0.7264257,-1.736664
RWI,366.9129,-0.6390114,0.7241054,-1.736474
RWI,366.9221,-0.639316,0.7221107,-1.736168
RWI,366.9297,-0.6395813,0.7202156,-1.735932
RWI,366.9383,-0.6399521,0.7182639,-1.735715
RWI,366.9468,-0.6403753,0.7163438,-1.735505
RWI,366.9552,-0.6407954,0.7144017,-1.735272
RWI,366.9636,-0.641399,0.7125591,-1.735212
RWI,366.9716,-0.6418528,0.7108182,-1.734975
RWI,366.9796,-0.6423588,0.7091859,-1.734758
RWI,366.9887,-0.6429659,0.7074662,-1.734516
RWI,366.9968,-0.6434733,0.7057451,-1.734369
RWI,367.0048,-0.6440405,0.7040268,-1.734196
RWI,367.0134,-0.6445666,0.7023252,-1.734103
RWI,367.0227,-0.6451162,0.7005959,-1.733956
RWI,367.0297,-0.6456308,0.6988953,-1.733765
RWI,367.0382,-0.6462314,0.697199,-1.733666
RWI,367.0465,-0.6469458,0.6953481,-1.733623
RWI,367.0553,-0.6475363,0.6936077,-1.733556
RWI,367.0639,-0.6483746,0.6918921,-1.733548
RWI,367.0715,-0.6492529,0.6901292,-1.733545
RWI,367.08,-0.6499726,0.6884099,-1.73364
RWI,367.0883,-0.6509155,0.6867214,-1.733682
RWI,367.0979,-0.6521232,0.6850005,-1.733949
RWI,367.1052,-0.6536115,0.6829916,-1.734057
RWI,367.1131,-0.65468,0.6819432,-1.73418
RWI,367.1225,-0.6560942,0.6805384,-1.734234
RWI,367.1299,-0.6576438,0.6791081,-1.734416
RWI,367.1382,-0.6590011,0.6779626,-1.734419
RWI,367.1468,-0.6604711,0.676667,-1.734432
RWI,367.1548,-0.6624176,0.6753065,-1.734547
RWI,367.1631,-0.6639749,0.6740639,-1.734726
RWI,367.1718,-0.6658372,0.6727718,-1.734717
RWI,367.1798,-0.6678309,0.6716851,-1.735145
RWI,367.1888,-0.6699958,0.6706524,-1.735172
RWI,367.1964,-0.6722562,0.6696426,-1.735322
RWI,367.2053,-0.6749682,0.6694161,-1.735482
RWI,367.213,-0.6774644,0.6687074,-1.735598
RWI,367.2228,-0.680203,0.668979,-1.735635
RWI,367.2297,-0.6827393,0.6687313,-1.735439
RWI,367.238,-0.6850042,0.6689062,-1.735231
RWI,367.2462,-0.6871572,0.6688061,-1.734806
RWI,367.2556,-0.6891092,0.6689976,-1.734224
RWI,367.2639,-0.6908244,0.6694718,-1.733665
RWI,367.2715,-0.6926407,0.6701055,-1.733002
RWI,367.2796,-0.694239,0.6715295,-1.732321
RWI,367.288,-0.6960703,0.6736494,-1.731777
RWI,367.2964,-0.6978207,0.6764749,-1.731179
RWI,367.305,-0.698799,0.6790983,-1.730796
RWI,367.3132,-0.6972569,0.6805791,-1.727752
RWI,367.3221,-0.6970102,0.6820592,-1.725817
RWI,367.3305,-0.6948828,0.6825361,-1.721968
RWI,367.3381,-0.6926572,0.6827043,-1.718032
RWI,367.3469,-0.6898168,0.6835044,-1.715294
RWI,367.355,-0.6876476,0.6854447,-1.714076
RWI,367.363,-0.6847475,0.6886689,-1.714145
RWI,367.3715,-0.6823335,0.6907552,-1.713762
RWI,367.3804,-0.6798965,0.6931647,-1.713664
RWI,367.3883,-0.6767433,0.6954333,-1.713756
RWI,367.3964,-0.6739978,0.6979061,-1.714333
RWI,367.4048,-0.6706905,0.7004738,-1.715723
RWI,367.4131,-0.6674432,0.7034659,-1.717302
RWI,367.4225,-0.6639502,0.7059659,-1.718979
RWI,367.4302,-0.6604565,0.708881,-1.720616
RWI,367.4381,-0.6568016,0.7112153,-1.722447
RWI,367.4463,-0.6531192,0.714061,-1.723728
RWI,367.4564,-0.6493779,0.7165797,-1.724474
RWI,367.4645,-0.6453525,0.7199246,-1.725913
RWI,367.4719,-0.6419744,0.7223569,-1.726975
RWI,367.4802,-0.638761,0.7254137,-1.728139
RWI,367.4886,-0.6354331,0.728299,-1.729175
RWI,367.4987,-0.632368,0.7315474,-1.730734
RWI,367.5081,-0.6286455,0.7356587,-1.73198
RWI,367.513,-0.6254071,0.7395632,-1.733472
RWI,367.5202,-0.6243121,0.7419425,-1.734611
RWI,367.5278,-0.6226085,0.7445827,-1.735626
RWI,367.5364,-0.6209955,0.7480819,-1.737001
RWI,367.5451,-0.6198139,0.7519592,-1.738973
RWI,367.5531,-0.6185997,0.7554718,-1.740452
RWI,367.5614,-0.6171253,0.7590914,-1.741488
RWI,367.5696,-0.6157819,0.7628047,-1.742413
RWI,367.5778,-0.6150521,0.7667916,-1.743306
RWI,367.5879,-0.6140825,0.7710977,-1.743776
RWI,367.5947,-0.613353,0.7752544,-1.744757
RWI,367.6029,-0.6127809,0.7793366,-1.745256
RWI,367.6112,-0.6124623,0.7835675,-1.745709
RWI,367.6198,-0.6120557,0.7876329,-1.746371
RWI,367.6279,-0.6123278,0.7916449,-1.746943
RWI,367.6364,-0.6124395,0.7960727,-1.747208
RWI,367.6448,-0.6126908,0.8006168,-1.747443
RWI,367.6549,-0.6131492,0.8049957,-1.747774
RWI,367.662,-0.613817,0.8096141,-1.748025
RWI,367.67,-0.6143752,0.8139976,-1.748336
RWI,367.6777,-0.6154967,0.8184975,-1.748551
RWI,367.6862,-0.6166064,0.8228716,-1.748831
RWI,367.6947,-0.6176762,0.8273618,-1.749133
RWI,367.703,-0.6194123,0.8315648,-1.749549
RWI,367.7112,-0.6206326,0.8357956,-1.74978
RWI,367.7202,-0.6222733,0.839837,-1.750305
RWI,367.7282,-0.6239593,0.8436419,-1.750704
RWI,367.7361,-0.6255691,0.8473641,-1.750982
RWI,367.745,-0.6273845,0.8510212,-1.751262
RWI,367.753,-0.6291153,0.854893,-1.75171
RWI,367.7611,-0.6314218,0.8587506,-1.751949
RWI,367.7698,-0.6332438,0.8624976,-1.752187
RWI,367.7777,-0.6357002,0.8664337,-1.752347
RWI,367.7868,-0.6377854,0.8704326,-1.752463
RWI,367.7955,-0.6400287,0.8744528,-1.752568
RWI,367.8033,-0.6422742,0.8783705,-1.752697
RWI,367.8119,-0.644353,0.8821966,-1.752729
RWI,367.8208,-0.646576,0.886055,-1.752697
RWI,367.8293,-0.6488589,0.8898925,-1.752585
RWI,367.8371,-0.6510631,0.8939837,-1.752396
RWI,367.8456,-0.6532544,0.8981257,-1.752146
RWI,367.8548,-0.6554676,0.9027092,-1.751901
RWI,367.8636,-0.6576219,0.9072922,-1.75139
RWI,367.8713,-0.6596386,0.9122887,-1.750563
RWI,367.8802,-0.6612095,0.9171357,-1.749843
RWI,367.8878,-0.662854,0.9220594,-1.748862
RWI,367.8962,-0.6642933,0.9269232,-1.747987
RWI,367.9045,-0.6656785,0.932386,-1.746603
RWI,367.9129,-0.6671295,0.9377564,-1.745668
RWI,367.9214,-0.6690069,0.9434468,-1.744448
RWI,367.9295,-0.6709769,0.9495095,-1.743503
RWI,367.9379,-0.6732336,0.9559746,-1.742494
RWI,367.9467,-0.6756541,0.9626689,-1.741503
RWI,367.9549,-0.6781195,0.9700837,-1.740587
RWI,367.9629,-0.6803454,0.9767037,-1.739645
RWI,367.9712,-0.6824108,0.9836246,-1.738661
RWI,367.9793,-0.6845635,0.9904926,-1.737671
RWI,367.9882,-0.6862969,0.9973454,-1.73672
RWI,367.9963,-0.6876283,1.003709,-1.735667
RWI,368.0048,-0.689046,1.010192,-1.734788
RWI,368.0128,-0.6899936,1.016443,-1.733592
RWI,368.0224,-0.6911433,1.022508,-1.732552
RWI,368.0297,-0.6928228,1.028751,-1.731724
RWI,368.038,-0.6946521,1.034941,-1.730814
RWI,368.046,-0.6967694,1.04113,-1.729939
RWI,368.0552,-0.6989002,1.047355,-1.729282
RWI,368.0636,-0.7014226,1.053853,-1.728656
RWI,368.0711,-0.7038234,1.06034,-1.728006
RWI,368.08,-0.7063127,1.066846,-1.727619
RWI,368.0881,-0.7090063,1.073204,-1.727154
RWI,368.0981,-0.7116987,1.079822,-1.726753
RWI,368.1046,-0.714738,1.087031,-1.726332
RWI,368.1127,-0.7172028,1.09248,-1.726254
RWI,368.1221,-0.7197332,1.098732,-1.725953
RWI,368.1295,-0.7222193,1.105068,-1.725595
RWI,368.138,-0.7249492,1.111173,-1.725468
RWI,368.1464,-0.7272096,1.117476,-1.725163
RWI,368.1544,-0.7295262,1.12377,-1.724836
RWI,368.1631,-0.7320169,1.130008,-1.72449
RWI,368.1712,-0.734335,1.136219,-1.724013
RWI,368.1794,-0.7368659,1.142445,-1.723613
RWI,368.1883,-0.7388462,1.148475,-1.7227
RWI,368.1962,-0.7409078,1.154399,-1.721768
RWI,368.2047,-0.7428379,1.16021,-1.72071
RWI,368.2134,-0.7447863,1.166136,-1.719783
RWI,368.2222,-0.7467692,1.172155,-1.718613
RWI,368.2298,-0.7488531,1.178057,-1.71735
RWI,368.2378,-0.7509698,1.183226,-1.716294
RWI,368.2461,-0.7527863,1.189306,-1.714189
RWI,368.2581,-0.754846,1.195253,-1.712614
RWI,368.2661,-0.7569779,1.201054,-1.710245
RWI,368.2716,-0.7597921,1.209215,-1.706997
RWI,368.2775,-0.7612493,1.212729,-1.705276
RWI,368.2861,-0.7628751,1.216916,-1.703383
RWI,368.2947,-0.7651509,1.22213,-1.700805
RWI,368.303,-0.7671546,1.227665,-1.698155
RWI,368.3109,-0.7693192,1.232779,-1.695536
RWI,368.32,-0.7713952,1.238,-1.693044
RWI,368.3279,-0.7736304,1.243321,-1.69039
RWI,368.3362,-0.7758971,1.248584,-1.687918
RWI,368.345,-0.778087,1.253764,-1.685444
RWI,368.3537,-0.7803366,1.258765,-1.682872
RWI,368.361,-0.7822287,1.263717,-1.680206
RWI,368.3695,-0.7842189,1.26831,-1.677501
RWI,368.3777,-0.7860012,1.272988,-1.674743
RWI,368.3867,-0.7880955,1.277238,-1.672053
RWI,368.3948,-0.7901077,1.281542,-1.669307
RWI,368.4028,-0.7920827,1.285685,-1.666767
RWI,368.4113,-0.7943525,1.289753,-1.66419
RWI,368.4221,-0.7962141,1.293807,-1.661602
RWI,368.4323,-0.798933,1.297987,-1.658414
RWI,368.4375,-0.8013111,1.302242,-1.654876
RWI,368.4436,-0.8027661,1.304563,-1.652914
RWI,368.4529,-0.8045117,1.306922,-1.650896
RWI,368.4614,-0.8068678,1.310201,-1.647797
RWI,368.4694,-0.8088214,1.312803,-1.645067
RWI,368.4778,-0.810759,1.31561,-1.6424
RWI,368.487,-0.8127408,1.318672,-1.639746
RWI,368.4941,-0.8150882,1.322128,-1.637061
RWI,368.5027,-0.8167571,1.324986,-1.634925
RWI,368.5105,-0.8188776,1.328178,-1.632398
RWI,368.5198,-0.8208945,1.331527,-1.629847
RWI,368.5274,-0.822938,1.334938,-1.627035
RWI,368.5357,-0.8250889,1.338219,-1.623955
RWI,368.5446,-0.8269988,1.341235,-1.621043
RWI,368.5522,-0.8289268,1.344018,-1.617797
RWI,368.5604,-0.8311797,1.346161,-1.614746
RWI,368.5692,-0.8331705,1.348497,-1.61163
RWI,368.5792,-0.8351561,1.350678,-1.60851
RWI,368.5888,-0.8373437,1.353212,-1.604622
RWI,368.5945,-0.8392849,1.355674,-1.600861
RWI,368.6021,-0.8406425,1.357322,-1.598196
RWI,368.6106,-0.8420631,1.359005,-1.594947
RWI,368.6189,-0.8434798,1.360246,-1.591322
RWI,368.6279,-0.8449852,1.361834,-1.587817
RWI,368.6356,-0.846145,1.362679,-1.584354
RWI,368.644,-0.8475984,1.363626,-1.581213
RWI,368.6527,-0.8489472,1.364542,-1.578151
RWI,368.6614,-0.8503259,1.365712,-1.574951
RWI,368.6688,-0.8515011,1.366903,-1.572021
RWI,368.6774,-0.852452,1.367883,-1.569005
RWI,368.6857,-0.8532661,1.368857,-1.56593
RWI,368.6938,-0.8537222,1.369529,-1.562906
RWI,368.7023,-0.8540069,1.369922,-1.559874
RWI,368.7106,-0.8538789,1.370522,-1.556821
RWI,368.7199,-0.8542511,1.371276,-1.55378
RWI,368.7273,-0.8545169,1.371479,-1.551021
RWI,368.7356,-0.855069,1.371751,-1.548152
RWI,368.7448,-0.8554364,1.371376,-1.545649
RWI,368.7527,-0.8565238,1.370577,-1.543919
RWI,368.7611,-0.857357,1.36997,-1.542504
RWI,368.7699,-0.8579411,1.368709,-1.541606
RWI,368.7778,-0.8587081,1.367357,-1.540893
RWI,368.7869,-0.8593222,1.366797,-1.539741
RWI,368.7948,-0.8595158,1.365324,-1.538784
RWI,368.8032,-0.8591647,1.363068,-1.537984
RWI,368.8114,-0.859445,1.361618,-1.537106
RWI,368.82,-0.8591402,1.359492,-1.536872
RWI,368.8282,-0.858652,1.357443,-1.536614
RWI,368.8366,-0.8581949,1.355338,-1.536601
RWI,368.8447,-0.8576533,1.353289,-1.536946
RWI,368.8536,-0.8571037,1.351174,-1.537267
RWI,368.8631,-0.8565487,1.349283,-1.537514
RWI,368.8697,-0.8557941,1.347404,-1.538195
RWI,368.8785,-0.8553193,1.345846,-1.538429
RWI,368.887,-0.8553253,1.343927,-1.539065
RWI,368.8957,-0.8547187,1.341637,-1.539177
RWI,368.9037,-0.8545191,1.339731,-1.539718
RWI,368.9122,-0.8539134,1.337782,-1.540129
RWI,368.9213,-0.8530484,1.336674,-1.540665
RWI,368.9293,-0.8520504,1.335956,-1.54074
RWI,368.9374,-0.8515138,1.335216,-1.541193
RWI,368.9464,-0.8508621,1.334389,-1.541534
RWI,368.9544,-0.8501208,1.334466,-1.54162
RWI,368.9632,-0.8492851,1.333784,-1.542282
RWI,368.9713,-0.848224,1.333351,-1.542499
RWI,368.9795,-0.8480422,1.33279,-1.543603
RWI,368.9876,-0.8470268,1.332249,-1.543679
RWI,368.9962,-0.846464,1.331742,-1.544395
RWI,369.0043,-0.8458869,1.331354,-1.545155
RWI,369.0128,-0.8453481,1.331099,-1.545958
RWI,369.0218,-0.8451321,1.330527,-1.547623
RWI,369.0298,-0.8442836,1.330068,-1.54839
RWI,369.0378,-0.843473,1.329788,-1.549243
RWI,369.0464,-0.8426522,1.329319,-1.550494
RWI,369.0546,-0.841538,1.329034,-1.551477
RWI,369.0638,-0.8409072,1.328816,-1.552506
RWI,369.0711,-0.839819,1.328653,-1.55352
RWI,369.0793,-0.8386586,1.328516,-1.554733
RWI,369.088,-0.8373405,1.328503,-1.55601
RWI,369.0968,-0.8360158,1.328441,-1.557154
RWI,369.1043,-0.8345602,1.32849,-1.558206
RWI,369.1127,-0.833097,1.328416,-1.559318
RWI,369.1218,-0.8314962,1.328325,-1.560416
RWI,369.1295,-0.8295712,1.328361,-1.561696
RWI,369.1377,-0.8278649,1.328281,-1.563032
RWI,369.1468,-0.8259838,1.328209,-1.564289
RWI,369.1543,-0.8241263,1.328045,-1.565626
RWI,369.1628,-0.8220805,1.327994,-1.566951
RWI,369.1714,-0.8197953,1.327815,-1.568208
RWI,369.18,-0.8177519,1.327619,-1.569596
RWI,369.1932,-0.8155684,1.327371,-1.571043
RWI,369.2021,-0.811618,1.327034,-1.573281
RWI,369.2104,-0.8091601,1.326822,-1.57485
RWI,369.2192,-0.806614,1.326424,-1.576509
RWI,369.2275,-0.804296,1.326263,-1.578141
RWI,369.2356,-0.8017712,1.325855,-1.57991
RWI,369.2438,-0.7992806,1.325345,-1.581702
RWI,369.2534,-0.796513,1.324999,-1.583497
RWI,369.2607,-0.7936764,1.324531,-1.585313
RWI,369.2688,-0.7907115,1.323796,-1.587183
RWI,369.2769,-0.7877896,1.323022,-1.589058
RWI,369.2855,-0.7847911,1.322261,-1.590895
RWI,369.2938,-0.7816755,1.321381,-1.592807
RWI,369.3024,-0.7787046,1.32033,-1.594742
RWI,369.3103,-0.7756335,1.319234,-1.596688
RWI,369.3196,-0.7723579,1.3181,-1.598745
RWI,369.327,-0.7690569,1.316862,-1.60076
RWI,369.3355,-0.7656527,1.315472,-1.602865
RWI,369.3444,-0.7621475,1.314044,-1.60479
RWI,369.3522,-0.7586418,1.312523,-1.606954
RWI,369.3604,-0.7553419,1.310864,-1.60914
RWI,369.3691,-0.7516704,1.309181,-1.611316
RWI,369.3771,-0.748099,1.307501,-1.613467
RWI,369.3857,-0.744609,1.305262,-1.615512
RWI,369.394,-0.7408162,1.303242,-1.617816
RWI,369.4021,-0.7372369,1.301201,-1.619923
RWI,369.4104,-0.7334646,1.29893,-1.62224
RWI,369.4186,-0.72992,1.296566,-1.62441
RWI,369.4274,-0.7260211,1.294072,-1.626741
RWI,369.4357,-0.7223608,1.291333,-1.629046
RWI,369.4438,-0.7185698,1.288668,-1.631316
RWI,369.4525,-0.7148928,1.285714,-1.63359
RWI,369.4613,-0.7111839,1.282393,-1.635865
RWI,369.4688,-0.707535,1.279167,-1.638232
RWI,369.477,-0.7041411,1.275813,-1.640589
RWI,369.4863,-0.7006854,1.272301,-1.642886
RWI,369.4953,-0.6969993,1.268731,-1.645239
RWI,369.5023,-0.6931199,1.264396,-1.647802
RWI,369.5105,-0.690029,1.261492,-1.649791
RWI,369.5191,-0.6865439,1.257501,-1.652128
RWI,369.5275,-0.6830786,1.253428,-1.65447
RWI,369.5353,-0.6795659,1.249263,-1.656787
RWI,369.5444,-0.6763269,1.244972,-1.658881
RWI,369.5522,-0.6728263,1.240431,-1.661237
RWI,369.5607,-0.6695439,1.235904,-1.66333
RWI,369.5692,-0.6662204,1.231033,-1.66557
RWI,369.5776,-0.6629933,1.226128,-1.667852
RWI,369.5876,-0.6598514,1.221115,-1.670051
RWI,369.5953,-0.6567347,1.215898,-1.672237
RWI,369.6033,-0.6539385,1.210633,-1.674291
RWI,369.6122,-0.6509535,1.205427,-1.676441
RWI,369.6209,-0.6482821,1.19971,-1.678445
RWI,369.6289,-0.6457278,1.194085,-1.680539
RWI,369.6378,-0.6430528,1.188223,-1.682582
RWI,369.6461,-0.6404647,1.18225,-1.684592
RWI,369.6548,-0.6380777,1.176126,-1.686517
RWI,369.6635,-0.6357123,1.170198,-1.688331
RWI,369.671,-0.6333231,1.16412,-1.690173
RWI,369.6794,-0.6310166,1.158007,-1.691973
RWI,369.6876,-0.6287891,1.15191,-1.693674
RWI,369.696,-0.6266476,1.145679,-1.695566
RWI,369.7045,-0.6247165,1.139323,-1.69707
RWI,369.7125,-0.6226516,1.132892,-1.698607
RWI,369.7223,-0.6207374,1.12646,-1.700046
RWI,369.7291,-0.6189748,1.119569,-1.701552
RWI,369.7376,-0.6175393,1.113378,-1.702864
RWI,369.7467,-0.6160165,1.106842,-1.704033
RWI,369.7541,-0.6144918,1.10048,-1.705453
RWI,369.7626,-0.6132433,1.094049,-1.706701
RWI,369.7711,-0.6113551,1.088017,-1.707455
RWI,369.7791,-0.6098597,1.081451,-1.708351
RWI,369.7881,-0.6084586,1.074936,-1.709244
RWI,369.796,-0.6071402,1.068413,-1.710129
RWI,369.8042,-0.6059274,1.061831,-1.711043
RWI,369.8127,-0.6048056,1.055339,-1.711841
RWI,369.8218,-0.6037496,1.048774,-1.712587
RWI,369.8295,-0.6030596,1.042139,-1.713394
RWI,369.8375,-0.6022052,1.035466,-1.71416
RWI,369.846,-0.6014111,1.02876,-1.714924
RWI,369.8544,-0.6009269,1.022089,-1.715535
RWI,369.8636,-0.600179,1.015398,-1.716221
RWI,369.8712,-0.5996674,1.008951,-1.716892
RWI,369.8795,-0.59907,1.002803,-1.717482
RWI,369.8875,-0.5984397,0.9964162,-1.718179
RWI,369.896,-0.5977992,0.9902846,-1.718753
RWI,369.9043,-0.5973314,0.9840412,-1.719452
RWI,369.9123,-0.5969537,0.9778311,-1.720055
RWI,369.9213,-0.5968188,0.9716197,-1.720677
RWI,369.9296,-0.5967135,0.9654818,-1.721241
RWI,369.9375,-0.5966557,0.9595256,-1.721781
RWI,369.9467,-0.5969151,0.9537748,-1.72225
RWI,369.9545,-0.5968401,0.9478131,-1.722712
RWI,369.9626,-0.5969372,0.9423718,-1.723117
RWI,369.9713,-0.5969432,0.9368266,-1.723517
RWI,369.9791,-0.5969148,0.9313509,-1.723922
RWI,369.9882,-0.5968307,0.9261871,-1.724278
RWI,369.9961,-0.5967735,0.9208057,-1.724699
RWI,370.0045,-0.596764,0.9155968,-1.725006
RWI,370.0126,-0.5967574,0.9103681,-1.725359
RWI,370.0216,-0.5969514,0.904982,-1.725672
RWI,370.0296,-0.5971196,0.899743,-1.725924
RWI,370.0377,-0.5974029,0.8946646,-1.7261
RWI,370.0458,-0.5976313,0.8894964,-1.726234
RWI,370.0553,-0.5980076,0.8844782,-1.726328
RWI,370.0633,-0.5983016,0.879336,-1.726412
RWI,370.0714,-0.5986876,0.8744007,-1.726379
RWI,370.0794,-0.5989347,0.8695436,-1.726434
RWI,370.0877,-0.5992298,0.8646178,-1.726494
RWI,370.0969,-0.5994762,0.8595691,-1.726563
RWI,370.104,-0.5998649,0.854534,-1.72666
RWI,370.1126,-0.6003917,0.8499822,-1.726752
RWI,370.1219,-0.6010348,0.8450943,-1.726871
RWI,370.1294,-0.6017348,0.8400728,-1.726943
RWI,370.1376,-0.6024355,0.8354115,-1.727001
RWI,370.1465,-0.6030468,0.8307872,-1.727034
RWI,370.1541,-0.6036538,0.8258798,-1.727009
RWI,370.1624,-0.6043175,0.8210724,-1.727067
RWI,370.1707,-0.6048812,0.8162948,-1.727124
RWI,370.1794,-0.6054816,0.811509,-1.727152
RWI,370.1876,-0.6059645,0.8066981,-1.727123
RWI,370.1957,-0.6066455,0.8018442,-1.727164
RWI,370.2044,-0.6075128,0.7969245,-1.727249
RWI,370.2128,-0.6081598,0.7919552,-1.727356
RWI,370.2216,-0.6093464,0.7869359,-1.72759
RWI,370.2294,-0.6103361,0.7818726,-1.727666
RWI,370.2374,-0.6116182,0.7771713,-1.727841
RWI,370.2461,-0.612904,0.772586,-1.728097
RWI,370.2547,-0.6142551,0.7680309,-1.728271
RWI,370.2634,-0.6157587,0.7635237,-1.728426
RWI,370.2708,-0.6171187,0.7591513,-1.728564
RWI,370.2791,-0.6183589,0.7549938,-1.728687
RWI,370.2873,-0.6195363,0.750845,-1.728753
RWI,370.2958,-0.6207198,0.7467655,-1.729008
RWI,370.304,-0.622115,0.7425567,-1.729205
RWI,370.3123,-0.6234146,0.7385719,-1.729537
RWI,370.3214,-0.6246132,0.7346752,-1.729924
RWI,370.3294,-0.6258941,0.7311258,-1.73031
RWI,370.3376,-0.6273264,0.7276145,-1.730679
RWI,370.3461,-0.6287405,0.7245223,-1.730943
RWI,370.3542,-0.6301723,0.7215117,-1.731227
RWI,370.3625,-0.6315506,0.7182283,-1.731479
RWI,370.3708,-0.6329906,0.715558,-1.731766
RWI,370.3792,-0.6343879,0.7126179,-1.732066
RWI,370.3879,-0.6357843,0.7098133,-1.732308
RWI,370.3962,-0.6370547,0.7070551,-1.732717
RWI,370.4043,-0.6385368,0.7043442,-1.73301
RWI,370.4129,-0.6398865,0.701989,-1.733324
RWI,370.4217,-0.6410756,0.6996652,-1.733632
RWI,370.4291,-0.642424,0.6974653,-1.733919
RWI,370.4373,-0.6436099,0.6954329,-1.734125
RWI,370.4456,-0.6448954,0.6934918,-1.734262
RWI,370.4548,-0.6462898,0.6916051,-1.734396
RWI,370.4635,-0.6479287,0.6897417,-1.734554
RWI,370.4711,-0.6496125,0.6881699,-1.734808
RWI,370.4794,-0.6513833,0.6864967,-1.735023
RWI,370.4877,-0.6531919,0.6847869,-1.735252
RWI,370.4962,-0.6553522,0.6832771,-1.735616
RWI,370.5049,-0.6572195,0.6817801,-1.735993
RWI,370.5127,-0.6590855,0.6803064,-1.736241
RWI,370.521,-0.6606159,0.6787563,-1.736315
RWI,370.5292,-0.6621467,0.6773292,-1.736228
RWI,370.5376,-0.6636322,0.6758398,-1.735955
RWI,370.5465,-0.6651562,0.6744999,-1.735676
RWI,370.5542,-0.6669196,0.673034,-1.735173
RWI,370.5626,-0.6689312,0.6716623,-1.734858
RWI,370.5711,-0.6712745,0.670875,-1.734252
RWI,370.579,-0.6735025,0.670379,-1.733705
RWI,370.5877,-0.6765037,0.6707227,-1.733246
RWI,370.5961,-0.6787875,0.6706217,-1.732424
RWI,370.6042,-0.6813353,0.6713505,-1.731513
RWI,370.6123,-0.6836563,0.6728319,-1.730271
RWI,370.6214,-0.6856616,0.6734231,-1.7291
RWI,370.6293,-0.6868845,0.6753659,-1.727608
RWI,370.6373,-0.6871052,0.6766194,-1.725344
RWI,370.6458,-0.6871186,0.6773335,-1.72315
RWI,370.6544,-0.6856772,0.6771936,-1.720175
RWI,370.6635,-0.6837779,0.6771974,-1.716374
RWI,370.6711,-0.682051,0.6770518,-1.713296
RWI,370.6792,-0.6800438,0.6775216,-1.71085
RWI,370.6876,-0.6779844,0.6779424,-1.708532
RWI,370.6956,-0.6755282,0.678404,-1.706965
RWI,370.7044,-0.6730812,0.6799948,-1.705964
RWI,370.7127,-0.6709255,0.6817542,-1.706001
RWI,370.7219,-0.6689535,0.6843988,-1.706495
RWI,370.7334,-0.6661907,0.6875237,-1.708277
RWI,370.7435,-0.6629321,0.6912478,-1.709383
RWI,370.7522,-0.6593721,0.6940668,-1.711119
RWI,370.7601,-0.6563764,0.6961356,-1.711978
RWI,370.7688,-0.6530644,0.698079,-1.7134
RWI,370.777,-0.6497468,0.7000576,-1.714074
RWI,370.7857,-0.6462569,0.7026154,-1.714651
RWI,370.7941,-0.6430314,0.7048977,-1.715012
RWI,370.8023,-0.6398127,0.7072151,-1.715085
RWI,370.8103,-0.6367612,0.7103864,-1.71531
RWI,370.8186,-0.6340038,0.7128909,-1.715798
RWI,370.8272,-0.631106,0.7158522,-1.716457
RWI,370.8357,-0.6289089,0.7191118,-1.717395
RWI,370.8435,-0.6269391,0.7225261,-1.718463
RWI,370.8524,-0.6249468,0.7258958,-1.719288
RWI,370.8608,-0.6229057,0.7295454,-1.720036
RWI,370.8687,-0.6210375,0.7331415,-1.720913
RWI,370.8769,-0.6193353,0.7366566,-1.721729
RWI,370.8869,-0.6177542,0.7404098,-1.722442
RWI,370.8957,-0.6160863,0.745022,-1.723629
RWI,370.9019,-0.6147386,0.7490553,-1.724606
RWI,370.9102,-0.6137432,0.7518948,-1.725433
RWI,370.9189,-0.612664,0.7561087,-1.72633
RWI,370.9269,-0.6117666,0.7605319,-1.727069
RWI,370.9352,-0.6110923,0.7651534,-1.728096
RWI,370.9439,-0.6104618,0.7699088,-1.72894
RWI,370.9518,-0.6095926,0.7743847,-1.729683
RWI,370.96,-0.6090513,0.7787448,-1.730367
RWI,370.9685,-0.608597,0.783578,-1.73104
RWI,370.9765,-0.6081687,0.7880615,-1.731814
RWI,370.986,-0.6080153,0.792771,-1.732587
RWI,370.9934,-0.6082125,0.7976464,-1.733466
RWI,371.0021,-0.6082916,0.80257,-1.734368
RWI,371.0105,-0.6084647,0.8072459,-1.735081
RWI,371.0185,-0.6085851,0.8120377,-1.735771
RWI,371.0274,-0.6086561,0.8170497,-1.736371
RWI,371.0352,-0.6089181,0.8221257,-1.736844
RWI,371.0438,-0.609223,0.8272209,-1.737263
RWI,371.0535,-0.609861,0.8326074,-1.737554
RWI,371.0604,-0.6103441,0.8376702,-1.737981
RWI,371.0685,-0.6111673,0.8429601,-1.738353
RWI,371.0767,-0.6120114,0.8484707,-1.738658
RWI,371.086,-0.6127903,0.854232,-1.738776
RWI,371.0941,-0.6134958,0.860191,-1.738977
RWI,371.102,-0.613925,0.8662776,-1.738814
RWI,371.1104,-0.6144121,0.8723183,-1.738632
RWI,371.1199,-0.6151394,0.8788015,-1.738262
RWI,371.1279,-0.6156982,0.8854649,-1.737955
RWI,371.1361,-0.6164732,0.8919538,-1.737705
RWI,371.1456,-0.617151,0.8986319,-1.737308
RWI,371.1534,-0.6181068,0.9056253,-1.736969
RWI,371.1617,-0.6188638,0.9122169,-1.736544
RWI,371.1706,-0.6198002,0.9192529,-1.736085
RWI,371.179,-0.6208956,0.9260491,-1.735644
RWI,371.1873,-0.6219745,0.9326071,-1.735218
RWI,371.2133,-0.6233385,0.9399158,-1.73496
RWI,371.2212,-0.6278261,0.9624186,-1.734545
RWI,371.2271,-0.6290895,0.9685712,-1.733639
RWI,371.2354,-0.6303356,0.9743978,-1.733505
RWI,371.2434,-0.6315297,0.9813445,-1.733144
RWI,371.2523,-0.6329349,0.9886523,-1.733015
RWI,371.2598,-0.6344005,0.9962909,-1.732822
RWI,371.2689,-0.6358649,1.00339,-1.732601
RWI,371.2766,-0.6375688,1.010727,-1.732429
RWI,371.2851,-0.6394275,1.017954,-1.732288
RWI,371.2935,-0.6416902,1.025039,-1.732166
RWI,371.302,-0.6437732,1.032299,-1.731981
RWI,371.3099,-0.6462895,1.039503,-1.731996
RWI,371.3187,-0.6487733,1.046578,-1.731848
RWI,371.3265,-0.6509683,1.054078,-1.731771
RWI,371.3353,-0.6532075,1.061222,-1.731641
RWI,371.3443,-0.6552963,1.068416,-1.731343
RWI,371.352,-0.6574715,1.075763,-1.730945
RWI,371.36,-0.659789,1.082456,-1.730552
RWI,371.3685,-0.6621403,1.089373,-1.730073
RWI,371.3768,-0.6648748,1.096554,-1.729634
RWI,371.3858,-0.6674167,1.10355,-1.729087
RWI,371.3937,-0.6707397,1.110636,-1.728604
RWI,371.4035,-0.6737764,1.117309,-1.727826
RWI,371.4108,-0.6768313,1.123843,-1.726986
RWI,371.4182,-0.6804807,1.130488,-1.725734
RWI,371.4274,-0.683498,1.136401,-1.724795
RWI,371.435,-0.686752,1.142521,-1.723453
RWI,371.4433,-0.6896412,1.148519,-1.722089
RWI,371.4522,-0.6927981,1.154591,-1.720817
RWI,371.4605,-0.6959515,1.160764,-1.719414
RWI,371.4687,-0.6993952,1.166904,-1.718246
RWI,371.4769,-0.7028856,1.173116,-1.716858
RWI,371.485,-0.7066748,1.179097,-1.715329
RWI,371.4939,-0.7103314,1.184975,-1.713897
RWI,371.5043,-0.7139499,1.190735,-1.712405
RWI,371.5137,-0.7183112,1.198188,-1.710197
RWI,371.5197,-0.7217847,1.204503,-1.708234
RWI,371.5283,-0.7238835,1.208352,-1.707043
RWI,371.5348,-0.7262552,1.21375,-1.705467
RWI,371.5439,-0.7291614,1.219034,-1.703856
RWI,371.5518,-0.7320976,1.224847,-1.702343
RWI,371.5603,-0.7352043,1.230183,-1.70065
RWI,371.5683,-0.7383223,1.235639,-1.698912
RWI,371.5764,-0.7419007,1.240598,-1.696808
RWI,371.5855,-0.7450947,1.245661,-1.694794
RWI,371.5932,-0.7483605,1.250285,-1.692288
RWI,371.6017,-0.7513626,1.255134,-1.690116
RWI,371.6101,-0.7538318,1.259606,-1.687507
RWI,371.6182,-0.7562776,1.26424,-1.685109
RWI,371.6272,-0.7592452,1.268629,-1.68283
RWI,371.6353,-0.7616777,1.273068,-1.680269
RWI,371.6432,-0.7644378,1.277449,-1.677914
RWI,371.6524,-0.7670971,1.281752,-1.67543
RWI,371.6604,-0.7700672,1.285814,-1.67287
RWI,371.6682,-0.772761,1.29014,-1.670004
RWI,371.6768,-0.7754719,1.294245,-1.666997
RWI,371.6855,-0.7780026,1.298384,-1.663848
RWI,371.6935,-0.7805764,1.30286,-1.660794
RWI,371.702,-0.7831118,1.307414,-1.657758
RWI,371.7101,-0.7857041,1.311623,-1.65464
RWI,371.7195,-0.7883151,1.315517,-1.651477
RWI,371.7273,-0.7912868,1.319186,-1.648138
RWI,371.7355,-0.7942007,1.32234,-1.644717
RWI,371.7443,-0.796871,1.325024,-1.641269
RWI,371.7518,-0.799921,1.328192,-1.637907
RWI,371.7604,-0.8025694,1.331344,-1.63465
RWI,371.769,-0.8054177,1.334515,-1.63167
RWI,371.777,-0.8083841,1.337895,-1.628363
RWI,371.7867,-0.810835,1.340728,-1.625003
RWI,371.794,-0.8134789,1.343736,-1.621366
RWI,371.8029,-0.8154049,1.34656,-1.617799
RWI,371.8125,-0.8182344,1.348867,-1.61434
RWI,371.8225,-0.8210409,1.350991,-1.609981
RWI,371.8282,-0.8237492,1.352882,-1.606107
RWI,371.836,-0.8257331,1.354429,-1.603142
RWI,371.8443,-0.8278654,1.355212,-1.599695
RWI,371.8531,-0.830079,1.356614,-1.596003
RWI,371.8621,-0.8320181,1.356916,-1.5919
RWI,371.8694,-0.8334618,1.35735,-1.587977
RWI,371.8776,-0.8350157,1.357434,-1.584141
RWI,371.886,-0.8363003,1.357433,-1.580209
RWI,371.8945,-0.8375003,1.357371,-1.57665
RWI,371.9028,-0.8386079,1.35705,-1.573157
RWI,371.911,-0.8392625,1.356859,-1.569868
RWI,371.9197,-0.8398929,1.356879,-1.566946
RWI,371.9276,-0.8404194,1.357108,-1.564287
RWI,371.9359,-0.8407565,1.357597,-1.561747
RWI,371.945,-0.8412794,1.358142,-1.559776
RWI,371.9524,-0.8417002,1.359264,-1.558018
RWI,371.9613,-0.8421899,1.359704,-1.556461
RWI,371.9693,-0.8427023,1.360034,-1.554335
RWI,371.9775,-0.8433671,1.36083,-1.553516
RWI,371.9868,-0.8441795,1.361338,-1.551856
RWI,371.9944,-0.8450387,1.361745,-1.551044
RWI,372.0031,-0.8457552,1.361552,-1.550525
RWI,372.0108,-0.8463774,1.361486,-1.549486
RWI,372.0195,-0.8474152,1.359655,-1.549073
RWI,372.0277,-0.8481141,1.358302,-1.548573
RWI,372.036,-0.8486324,1.356657,-1.547959
RWI,372.0441,-0.8492021,1.355035,-1.547698
RWI,372.0537,-0.8496469,1.353452,-1.547204
RWI,372.0623,-0.8499928,1.351987,-1.546925
RWI,372.0693,-0.8505166,1.351022,-1.546772
RWI,372.0776,-0.8509148,1.350065,-1.546265
RWI,372.0862,-0.8511381,1.348593,-1.54574
RWI,372.0947,-0.8513877,1.346563,-1.545441
RWI,372.103,-0.8517977,1.344894,-1.545013
RWI,372.1111,-0.8516259,1.343358,-1.544726
RWI,372.1207,-0.8517092,1.342006,-1.544577
RWI,372.1319,-0.8517281,1.341048,-1.544527
RWI,372.1429,-0.8510172,1.340756,-1.544552
RWI,372.1524,-0.8508093,1.340781,-1.544899
RWI,372.1599,-0.8505279,1.340254,-1.545084
RWI,372.1681,-0.8504021,1.339617,-1.545331
RWI,372.1768,-0.8501453,1.338693,-1.545488
RWI,372.1855,-0.8499073,1.338321,-1.545873
RWI,372.1935,-0.8494914,1.338093,-1.546313
RWI,372.2018,-0.8488303,1.337881,-1.546492
RWI,372.2101,-0.8481779,1.337883,-1.54694
RWI,372.2183,-0.8476319,1.33769,-1.547567
RWI,372.2274,-0.84688,1.33775,-1.548064
RWI,372.2351,-0.8457907,1.337726,-1.548237
RWI,372.2432,-0.8450129,1.338174,-1.549205
RWI,372.252,-0.8442079,1.338393,-1.549756
RWI,372.2607,-0.843305,1.338545,-1.550312
RWI,372.2682,-0.8422647,1.338748,-1.550702
RWI,372.2768,-0.8409421,1.33878,-1.551032
RWI,372.2863,-0.8398318,1.338875,-1.551481
RWI,372.2949,-0.8386444,1.338365,-1.551733
RWI,372.3018,-0.8373476,1.338324,-1.552248
RWI,372.31,-0.8360366,1.338258,-1.552748
RWI,372.3186,-0.8346543,1.338272,-1.553378
RWI,372.3268,-0.833162,1.338138,-1.554005
RWI,372.3349,-0.8315079,1.337919,-1.55477
RWI,372.3441,-0.8298215,1.337819,-1.555459
RWI,372.3514,-0.8278977,1.337712,-1.556124
RWI,372.3597,-0.8259063,1.337473,-1.556754
RWI,372.3686,-0.8238941,1.337202,-1.557426
RWI,372.3768,-0.8217537,1.336864,-1.558132
RWI,372.3853,-0.819591,1.336584,-1.558853
RWI,372.3935,-0.8174908,1.336038,-1.559883
RWI,372.4015,-0.8147954,1.335678,-1.560372
RWI,372.4098,-0.8123224,1.335063,-1.561344
RWI,372.4181,-0.8098097,1.334633,-1.562196
RWI,372.4271,-0.8070096,1.334139,-1.563134
RWI,372.4354,-0.8037083,1.333679,-1.564115
RWI,372.4433,-0.800451,1.332769,-1.564833
RWI,372.4532,-0.7976046,1.332123,-1.565878
RWI,372.4601,-0.7939764,1.331271,-1.5671
RWI,372.4686,-0.7907784,1.330245,-1.568244
RWI,372.4764,-0.7874275,1.329201,-1.569353
RWI,372.4851,-0.7840593,1.328071,-1.570486
RWI,372.4932,-0.7803128,1.326968,-1.571427
RWI,372.5024,-0.776659,1.325695,-1.572696
RWI,372.5107,-0.7728955,1.324137,-1.574282
RWI,372.5196,-0.7689323,1.32247,-1.575695
RWI,372.5277,-0.7647805,1.320592,-1.577191
RWI,372.5362,-0.7608293,1.319101,-1.57868
RWI,372.5452,-0.7567214,1.317114,-1.580174
RWI,372.5529,-0.752338,1.315107,-1.581811
RWI,372.5615,-0.7483222,1.313116,-1.583141
RWI,372.5701,-0.7439543,1.311055,-1.584982
RWI,372.5789,-0.7395607,1.308547,-1.586819
RWI,372.5874,-0.7351648,1.306246,-1.588925
RWI,372.5956,-0.7305809,1.303474,-1.590844
RWI,372.6039,-0.7262299,1.30061,-1.592899
RWI,372.6125,-0.7220303,1.297898,-1.594823
RWI,372.6211,-0.7178732,1.294452,-1.596784
RWI,372.6288,-0.7136016,1.291206,-1.598964
RWI,372.6374,-0.7094458,1.287373,-1.601194
RWI,372.6457,-0.7053707,1.283449,-1.603549
RWI,372.6542,-0.7014823,1.279336,-1.605885
RWI,372.6628,-0.6975823,1.275288,-1.608577
RWI,372.6706,-0.6934185,1.270987,-1.611073
RWI,372.6789,-0.6895218,1.266774,-1.613794
RWI,372.687,-0.6855518,1.262198,-1.616315
RWI,372.6955,-0.6817366,1.257587,-1.619091
RWI,372.7037,-0.6778675,1.252554,-1.621698
RWI,372.7118,-0.6735591,1.24777,-1.623838
RWI,372.7208,-0.6696128,1.24252,-1.626227
RWI,372.7291,-0.6658773,1.236771,-1.628695
RWI,372.7368,-0.6621661,1.23091,-1.63107
RWI,372.7461,-0.6584147,1.225282,-1.633445
RWI,372.7538,-0.654675,1.219279,-1.635766
RWI,372.7621,-0.650954,1.213488,-1.637934
RWI,372.7704,-0.6474553,1.207422,-1.640084
RWI,372.7784,-0.6440041,1.201207,-1.64215
RWI,372.7874,-0.6405587,1.195021,-1.644227
RWI,372.7957,-0.6374722,1.188168,-1.646144
RWI,372.8039,-0.6344914,1.18158,-1.647877
RWI,372.8121,-0.6316182,1.174493,-1.649598
RWI,372.8207,-0.6286402,1.167852,-1.6513
RWI,372.8287,-0.6259477,1.160836,-1.652825
RWI,372.837,-0.6230481,1.153849,-1.65447
RWI,372.8451,-0.6201795,1.146915,-1.656029
RWI,372.8543,-0.6175756,1.139746,-1.657501
RWI,372.8633,-0.6149449,1.132541,-1.659011
RWI,372.8702,-0.6123524,1.125079,-1.660461
RWI,372.8792,-0.609955,1.117764,-1.661835
RWI,372.8871,-0.6079771,1.109996,-1.66319
RWI,372.8955,-0.60562,1.102406,-1.664527
RWI,372.9038,-0.6040906,1.094673,-1.665972
RWI,372.9119,-0.6022375,1.087106,-1.667199
RWI,372.9206,-0.6003407,1.07977,-1.668418
RWI,372.9292,-0.598579,1.072119,-1.669592
RWI,372.937,-0.5969397,1.064394,-1.670661
RWI,372.9459,-0.5952532,1.057076,-1.671668
RWI,372.9537,-0.5937241,1.049168,-1.672683
RWI,372.9622,-0.5924432,1.041581,-1.673629
RWI,372.9704,-0.5913079,1.033798,-1.674608
RWI,372.9787,-0.5902191,1.02602,-1.675554
RWI,372.9875,-0.5896474,1.018413,-1.676572
RWI,372.9952,-0.5886873,1.010736,-1.677447
RWI,373.0038,-0.5879309,1.003287,-1.678277
RWI,373.0122,-0.5871323,0.9959124,-1.679187
RWI,373.021,-0.5862762,0.9883029,-1.680006
RWI,373.0289,-0.5860251,0.9810115,-1.680779
RWI,373.0371,-0.5853462,0.9734963,-1.681548
RWI,373.0452,-0.5853807,0.966362,-1.682101
RWI,373.0545,-0.5853581,0.9589814,-1.682701
RWI,373.0634,-0.5855244,0.951407,-1.683215
RWI,373.0706,-0.5858237,0.9438422,-1.683547
RWI,373.0785,-0.5861372,0.9370552,-1.684013
RWI,373.0887,-0.5862752,0.9302474,-1.684492
RWI,373.1004,-0.586539,0.9217184,-1.684965
RWI,373.1097,-0.5872241,0.9120634,-1.685834
RWI,373.1215,-0.5879316,0.9040285,-1.686171
RWI,373.1284,-0.5890144,0.8954748,-1.686977
RWI,373.137,-0.5898836,0.8887557,-1.687387
RWI,373.146,-0.5909482,0.8819292,-1.687893
RWI,373.1535,-0.5920985,0.8751959,-1.688457
RWI,373.162,-0.5934517,0.8687145,-1.688916
RWI,373.1704,-0.5948642,0.8623066,-1.68931
RWI,373.1783,-0.5962287,0.8558979,-1.689656
RWI,373.188,-0.5978094,0.8494871,-1.69012
RWI,373.1953,-0.5991499,0.8432645,-1.690604
RWI,373.2038,-0.6006033,0.8371711,-1.691209
RWI,373.2119,-0.6020392,0.8311834,-1.691793
RWI,373.2214,-0.6036505,0.8253376,-1.692467
RWI,373.2286,-0.6054235,0.8195211,-1.693163
RWI,373.237,-0.6073549,0.8142572,-1.693986
RWI,373.2452,-0.6094479,0.8088386,-1.694823
RWI,373.2542,-0.6114571,0.8035183,-1.695549
RWI,373.2629,-0.6136881,0.7981287,-1.696528
RWI,373.2705,-0.6158336,0.7926714,-1.697338
RWI,373.2783,-0.6179155,0.787671,-1.698252
RWI,373.2868,-0.6198586,0.7828004,-1.699446
RWI,373.2954,-0.6217969,0.777997,-1.700472
RWI,373.3039,-0.6237626,0.7731838,-1.701512
RWI,373.3117,-0.6257014,0.7685683,-1.702581
RWI,373.3209,-0.6277457,0.7641451,-1.703733
RWI,373.3286,-0.6298209,0.759798,-1.704857
RWI,373.3371,-0.6320069,0.7557518,-1.70603
RWI,373.3464,-0.634214,0.7522184,-1.707147
RWI,373.3538,-0.6364969,0.7484472,-1.708173
RWI,373.3621,-0.6386068,0.7448345,-1.709124
RWI,373.3703,-0.6404545,0.7418168,-1.710005
RWI,373.3783,-0.6426079,0.7382863,-1.711005
RWI,373.3876,-0.64434,0.7352183,-1.711946
RWI,373.3958,-0.6461598,0.7319903,-1.712909
RWI,373.4035,-0.6475016,0.7294123,-1.71374
RWI,373.4118,-0.6489422,0.7269655,-1.714533
RWI,373.4212,-0.650611,0.724624,-1.715405
RWI,373.4287,-0.6524528,0.7222859,-1.716292
RWI,373.4367,-0.6542623,0.7208062,-1.716894
RWI,373.4456,-0.6562487,0.7190328,-1.717611
RWI,373.4539,-0.6579305,0.7174439,-1.718169
RWI,373.463,-0.6595358,0.7155584,-1.718919
RWI,373.4705,-0.6611727,0.713997,-1.719719
RWI,373.4785,-0.6624821,0.7124412,-1.720593
RWI,373.4868,-0.6638317,0.7109972,-1.72146
RWI,373.495,-0.6652266,0.7094781,-1.722138
RWI,373.5041,-0.6662804,0.7082646,-1.72276
RWI,373.5119,-0.6674798,0.7069457,-1.723329
RWI,373.522,-0.6685529,0.7055914,-1.724034
RWI,373.5297,-0.66966,0.7043535,-1.724432
RWI,373.537,-0.6706245,0.7029668,-1.725159
RWI,373.5457,-0.6715341,0.7019308,-1.72563
RWI,373.5537,-0.6723912,0.7006452,-1.726241
RWI,373.562,-0.6734407,0.6995414,-1.726694
RWI,373.5704,-0.6746536,0.6983692,-1.727146
RWI,373.5784,-0.675797,0.6972577,-1.727723
RWI,373.5875,-0.6771739,0.6960343,-1.728372
RWI,373.5953,-0.678462,0.6948206,-1.728923
RWI,373.6039,-0.6799092,0.6935446,-1.729515
RWI,373.6119,-0.6813194,0.6922246,-1.730121
RWI,373.6205,-0.6829023,0.6911316,-1.730637
RWI,373.6288,-0.6846668,0.6902773,-1.731058
RWI,373.637,-0.6863683,0.6893905,-1.731477
RWI,373.6451,-0.6889119,0.689193,-1.731791
RWI,373.6542,-0.6909381,0.689545,-1.731622
RWI,373.6629,-0.6920573,0.6900199,-1.73051
RWI,373.6704,-0.6930242,0.6896214,-1.728835
RWI,373.6784,-0.6932527,0.6892028,-1.72654
RWI,373.6869,-0.6923297,0.6879171,-1.72295
RWI,373.695,-0.6920886,0.6866836,-1.72009
RWI,373.7037,-0.6919943,0.6858458,-1.71889
RWI,373.7118,-0.6921285,0.6866887,-1.718211
RWI,373.7208,-0.6921985,0.6875195,-1.717353
RWI,373.7285,-0.6923931,0.6879712,-1.716778
RWI,373.7368,-0.6921819,0.6888683,-1.716329
RWI,373.7455,-0.6909167,0.6904753,-1.715919
RWI,373.7534,-0.6899967,0.6915082,-1.715633
RWI,373.7628,-0.689086,0.6925243,-1.715297
RWI,373.7703,-0.6870523,0.6944544,-1.715561
RWI,373.7782,-0.685164,0.6961573,-1.715812
RWI,373.7873,-0.683377,0.6976367,-1.716028
RWI,373.7953,-0.6807803,0.6996979,-1.716908
RWI,373.8038,-0.6782376,0.701662,-1.717483
RWI,373.8125,-0.6755581,0.7036322,-1.718106
RWI,373.8234,-0.6727131,0.705806,-1.718785
RWI,373.8324,-0.6689724,0.7087393,-1.719831
RWI,373.8376,-0.6651778,0.7114544,-1.720827
RWI,373.843,-0.6631134,0.7130086,-1.721232
RWI,373.8517,-0.6609099,0.7147723,-1.721688
RWI,373.8601,-0.6578063,0.7173673,-1.722463
RWI,373.8681,-0.6545446,0.7205048,-1.723827
RWI,373.8764,-0.6514314,0.7237366,-1.724913
RWI,373.8847,-0.6486789,0.7269857,-1.726046
RWI,373.8932,-0.6459351,0.7309719,-1.727355
RWI,373.9014,-0.6431614,0.7341587,-1.728441
RWI,373.9095,-0.6412236,0.7386858,-1.730653
RWI,373.9184,-0.6391205,0.7427136,-1.731875
RWI,373.9267,-0.6370493,0.7472529,-1.733739
RWI,373.9348,-0.6352139,0.7521018,-1.735115
RWI,373.9437,-0.6332036,0.7563733,-1.736573
RWI,373.9512,-0.6309239,0.7614266,-1.737615
RWI,373.9595,-0.6288401,0.7658091,-1.73876
RWI,373.9683,-0.627175,0.7701085,-1.740456
RWI,373.978,-0.6251581,0.7751786,-1.741547
RWI,373.9876,-0.6233072,0.78188,-1.743448
RWI,373.9939,-0.6213149,0.7873864,-1.744602
RWI,374.0013,-0.6199093,0.7914152,-1.745467
RWI,374.0094,-0.6182615,0.7964329,-1.746338
RWI,374.0182,-0.6167637,0.8017676,-1.747551
RWI,374.0267,-0.6155397,0.8074513,-1.748867
RWI,374.0347,-0.6144764,0.8133377,-1.750052
RWI,374.0429,-0.6133696,0.8190081,-1.751302
RWI,374.0533,-0.6123397,0.8248664,-1.752259
RWI,374.0605,-0.6109097,0.8311913,-1.753287
RWI,374.0679,-0.6098727,0.8374397,-1.754164
RWI,374.0763,-0.609094,0.8427501,-1.755073
RWI,374.0851,-0.6086363,0.8489149,-1.756121
RWI,374.0932,-0.6080695,0.8550022,-1.757022
RWI,374.1016,-0.6078184,0.861683,-1.757967
RWI,374.1097,-0.6075164,0.8679576,-1.758614
RWI,374.1188,-0.6071615,0.874297,-1.759335
RWI,374.1269,-0.6069536,0.8815828,-1.759914
RWI,374.1353,-0.6068594,0.8879856,-1.760486
RWI,374.1445,-0.606999,0.8945507,-1.761218
RWI,374.152,-0.6070967,0.9014426,-1.76179
RWI,374.1603,-0.6074766,0.9076911,-1.762131
RWI,374.1688,-0.6077104,0.9145232,-1.762525
RWI,374.177,-0.6081051,0.9215378,-1.762894
RWI,374.1857,-0.6087041,0.9284975,-1.76339
RWI,374.1936,-0.6092134,0.9351448,-1.763719
RWI,374.2025,-0.6100767,0.9419037,-1.764001
RWI,374.2102,-0.6110194,0.9489847,-1.764301
RWI,374.2191,-0.6122749,0.955951,-1.764691
RWI,374.2276,-0.6136181,0.9631955,-1.76503
RWI,374.2355,-0.6147463,0.9702462,-1.765288
RWI,374.244,-0.616088,0.9775229,-1.765697
RWI,374.2526,-0.6173773,0.9848074,-1.766129
RWI,374.2616,-0.6186624,0.9921039,-1.766392
RWI,374.2691,-0.6201568,0.9995046,-1.766615
RWI,374.2774,-0.6216156,1.006459,-1.766829
RWI,374.2859,-0.6232579,1.013825,-1.767022
RWI,374.2945,-0.62525,1.021166,-1.767294
RWI,374.3029,-0.6271186,1.028339,-1.767469
RWI,374.3112,-0.6290357,1.035677,-1.767505
RWI,374.3203,-0.6310486,1.042861,-1.767624
RWI,374.3287,-0.632962,1.050025,-1.767632
RWI,374.3368,-0.6352525,1.057363,-1.767828
RWI,374.3453,-0.6378847,1.064596,-1.767641
RWI,374.3533,-0.6400152,1.071637,-1.767374
RWI,374.3617,-0.6426637,1.078605,-1.767136
RWI,374.3698,-0.6452255,1.085667,-1.767054
RWI,374.3784,-0.647893,1.092625,-1.766794
RWI,374.3876,-0.6508155,1.099723,-1.766443
RWI,374.3951,-0.6537007,1.10687,-1.766182
RWI,374.4035,-0.6568637,1.113748,-1.76562
RWI,374.4118,-0.6598536,1.120732,-1.765192
RWI,374.4207,-0.6628971,1.127513,-1.764454
RWI,374.4285,-0.6658326,1.13436,-1.763724
RWI,374.437,-0.6686581,1.14117,-1.762739
RWI,374.4449,-0.6716474,1.147978,-1.761787
RWI,374.454,-0.6745666,1.154493,-1.760718
RWI,374.4623,-0.6777078,1.161088,-1.759634
RWI,374.4702,-0.6810436,1.167916,-1.758679
RWI,374.4786,-0.6843699,1.174358,-1.757488
RWI,374.4866,-0.6878088,1.18083,-1.756146
RWI,374.4947,-0.6910616,1.187341,-1.754853
RWI,374.5034,-0.6944429,1.193878,-1.753509
RWI,374.5121,-0.6975326,1.200339,-1.752092
RWI,374.5207,-0.7006633,1.206691,-1.750509
RWI,374.5286,-0.7036662,1.213274,-1.749087
RWI,374.5369,-0.7067102,1.219763,-1.747536
RWI,374.5452,-0.709916,1.226462,-1.7457
RWI,374.5536,-0.7129951,1.232663,-1.744043
RWI,374.5616,-0.7161404,1.238883,-1.742171
RWI,374.5722,-0.7192996,1.244872,-1.740356
RWI,374.5786,-0.7224535,1.251121,-1.73839
RWI,374.5873,-0.7255104,1.257349,-1.735855
RWI,374.5956,-0.7281856,1.262887,-1.733418
RWI,374.6034,-0.7311678,1.26882,-1.730959
RWI,374.6116,-0.7340376,1.274779,-1.728458
RWI,374.6203,-0.7369168,1.280229,-1.725786
RWI,374.6285,-0.7399015,1.285658,-1.722992
RWI,374.6367,-0.7430752,1.290886,-1.720074
RWI,374.6451,-0.7462749,1.296036,-1.717161
RWI,374.6537,-0.7497348,1.301088,-1.71376
RWI,374.6624,-0.7530337,1.305718,-1.710662
RWI,374.6702,-0.7561918,1.310222,-1.707224
RWI,374.6792,-0.7590625,1.31437,-1.70392
RWI,374.6863,-0.7620088,1.318695,-1.700544
RWI,374.695,-0.7648356,1.322972,-1.697013
RWI,374.7035,-0.767629,1.327472,-1.693704
RWI,374.7114,-0.7702132,1.331611,-1.690356
RWI,374.7206,-0.7733182,1.335442,-1.686817
RWI,374.7283,-0.7759284,1.339136,-1.683288
RWI,374.7377,-0.7788551,1.342611,-1.67964
RWI,374.7472,-0.7819948,1.346185,-1.675313
RWI,374.7533,-0.7847376,1.349542,-1.671469
RWI,374.7608,-0.787095,1.351835,-1.668987
RWI,374.7697,-0.7896678,1.35443,-1.665808
RWI,374.7778,-0.7925203,1.357271,-1.662332
RWI,374.7864,-0.7954397,1.359857,-1.658931
RWI,374.7943,-0.7983857,1.362592,-1.655399
RWI,374.8031,-0.8013432,1.364947,-1.652171
RWI,374.8109,-0.8042248,1.367052,-1.648691
RWI,374.8193,-0.8069921,1.369028,-1.645291
RWI,374.8278,-0.8095735,1.37089,-1.641751
RWI,374.8361,-0.8123968,1.372764,-1.63838
RWI,374.8442,-0.814893,1.374579,-1.634921
RWI,374.8534,-0.8175455,1.376231,-1.631541
RWI,374.8621,-0.8200198,1.377892,-1.627997
RWI,374.8695,-0.8225939,1.379372,-1.624502
RWI,374.8776,-0.825091,1.380581,-1.620983
RWI,374.8861,-0.8274025,1.38175,-1.617419
RWI,374.8958,-0.8295986,1.382695,-1.61385
RWI,374.905,-0.8322974,1.383666,-1.609615
RWI,374.9106,-0.8347269,1.384508,-1.605703
RWI,374.9195,-0.8362043,1.384896,-1.603276
RWI,374.9278,-0.8383967,1.385469,-1.60005
RWI,374.9361,-0.8407148,1.38598,-1.59664
RWI,374.9445,-0.8427347,1.386627,-1.59328
RWI,374.9524,-0.8447115,1.386927,-1.589953
RWI,374.9606,-0.8463407,1.387113,-1.586659
RWI,374.9693,-0.8479456,1.386904,-1.583225
RWI,374.9774,-0.8491182,1.385805,-1.57987
RWI,374.9862,-0.8507617,1.38516,-1.576709
RWI,374.9942,-0.8521724,1.384393,-1.573477
RWI,375.0025,-0.8537052,1.383422,-1.570917
RWI,375.0112,-0.8552734,1.382812,-1.568231
RWI,375.0191,-0.856947,1.382342,-1.56567
RWI,375.028,-0.8586972,1.382003,-1.563355
RWI,375.0357,-0.8603087,1.381626,-1.561025
RWI,375.0445,-0.8618568,1.381306,-1.558728
RWI,375.053,-0.8632708,1.380665,-1.556782
RWI,375.0621,-0.8643793,1.38003,-1.55469
RWI,375.0691,-0.8652345,1.379357,-1.552569
RWI,375.0774,-0.8662814,1.37861,-1.550997
RWI,375.086,-0.8672788,1.3779,-1.54908
RWI,375.0947,-0.8679348,1.377353,-1.54731
RWI,375.1024,-0.8685874,1.376694,-1.54558
RWI,375.1108,-0.869217,1.376203,-1.544323
RWI,375.1194,-0.8693377,1.375262,-1.542947
RWI,375.1274,-0.8688498,1.374267,-1.541874
RWI,375.1357,-0.8681592,1.373157,-1.540782
RWI,375.1449,-0.8678514,1.37199,-1.539839
RWI,375.1523,-0.8668398,1.370051,-1.538627
RWI,375.1606,-0.8659493,1.36795,-1.53792
RWI,375.1691,-0.8647386,1.365282,-1.536714
RWI,375.1775,-0.8631926,1.362132,-1.535503
RWI,375.1872,-0.8624763,1.359,-1.53432
RWI,375.1946,-0.8612462,1.356516,-1.533609
RWI,375.2043,-0.8605857,1.354919,-1.533171
RWI,375.2128,-0.8601917,1.354535,-1.533238
RWI,375.2203,-0.8589144,1.355916,-1.533496
RWI,375.2286,-0.8581827,1.355981,-1.532901
RWI,375.2363,-0.8576066,1.356861,-1.533233
RWI,375.2446,-0.8553542,1.356992,-1.533144
RWI,375.2538,-0.853321,1.356081,-1.53288
RWI,375.2623,-0.8512775,1.354844,-1.532957
RWI,375.2703,-0.8494639,1.353065,-1.53341
RWI,375.278,-0.8479877,1.351485,-1.533844
RWI,375.2866,-0.8465936,1.35043,-1.534784
RWI,375.2947,-0.845211,1.349699,-1.535789
RWI,375.3036,-0.8437558,1.34981,-1.536536
RWI,375.3116,-0.8423584,1.350559,-1.538011
RWI,375.3204,-0.8406751,1.351384,-1.538863
RWI,375.3285,-0.8395439,1.352111,-1.540262
RWI,375.3366,-0.837681,1.352845,-1.541207
RWI,375.3463,-0.8360474,1.353219,-1.542151
RWI,375.3559,-0.8344007,1.353617,-1.543287
RWI,375.3656,-0.8314743,1.353664,-1.544225
RWI,375.3709,-0.8291785,1.353719,-1.54541
RWI,375.3756,-0.8280697,1.353817,-1.546077
RWI,375.3856,-0.826961,1.353869,-1.546678
RWI,375.3929,-0.8251913,1.353706,-1.547677
RWI,375.4012,-0.8234095,1.353749,-1.548697
RWI,375.4095,-0.821997,1.353623,-1.549866
RWI,375.4177,-0.82014,1.353501,-1.551244
RWI,375.4263,-0.8189587,1.353557,-1.552891
RWI,375.4343,-0.817064,1.353929,-1.554216
RWI,375.443,-0.8147784,1.354283,-1.555525
RWI,375.4514,-0.8128008,1.354545,-1.556988
RWI,375.4597,-0.8107665,1.355065,-1.558426
RWI,375.468,-0.8091004,1.354801,-1.560106
RWI,375.476,-0.8068193,1.354752,-1.561497
RWI,375.4843,-0.8044701,1.354773,-1.562943
RWI,375.4925,-0.8021283,1.354771,-1.564439
RWI,375.5011,-0.7996596,1.354735,-1.566015
RWI,375.5094,-0.7972804,1.35471,-1.567901
RWI,375.5186,-0.7946673,1.354593,-1.569605
RWI,375.5269,-0.7914702,1.354698,-1.570946
RWI,375.5348,-0.7885092,1.354448,-1.572733
RWI,375.5435,-0.7851377,1.354164,-1.57456
RWI,375.5512,-0.7822552,1.353833,-1.576182
RWI,375.5595,-0.779026,1.353561,-1.577881
RWI,375.5678,-0.7757192,1.352984,-1.579955
RWI,375.5759,-0.7726125,1.352525,-1.581809
RWI,375.5849,-0.7692395,1.351714,-1.583906
RWI,375.5927,-0.7657986,1.350963,-1.585951
RWI,375.6008,-0.7624784,1.350072,-1.587935
RWI,375.6095,-0.7586552,1.34895,-1.589998
RWI,375.6175,-0.754853,1.347909,-1.592278
RWI,375.6265,-0.7511294,1.346523,-1.594545
RWI,375.6344,-0.7472292,1.345024,-1.596908
RWI,375.6425,-0.7433134,1.343282,-1.599309
RWI,375.6521,-0.7393414,1.341177,-1.601604
RWI,375.6602,-0.735287,1.338843,-1.604215
RWI,375.6682,-0.7311824,1.336018,-1.606741
RWI,375.6765,-0.7271121,1.333135,-1.609099
RWI,375.6853,-0.7231431,1.33038,-1.611708
RWI,375.6937,-0.7188069,1.326858,-1.614442
RWI,375.7023,-0.71446,1.323434,-1.617056
RWI,375.7108,-0.7103226,1.319805,-1.619774
RWI,375.7199,-0.7060022,1.315826,-1.622588
RWI,375.7276,-0.7016832,1.311593,-1.625201
RWI,375.7361,-0.697359,1.307024,-1.627867
RWI,375.7453,-0.6929148,1.302101,-1.630533
RWI,375.7528,-0.6886534,1.296241,-1.633076
RWI,375.7613,-0.6844797,1.290811,-1.635638
RWI,375.7701,-0.6800355,1.285833,-1.637903
RWI,375.778,-0.676461,1.279465,-1.640767
RWI,375.7873,-0.6724709,1.273732,-1.643312
RWI,375.7947,-0.6690222,1.266868,-1.646105
RWI,375.8036,-0.6653937,1.260414,-1.648719
RWI,375.8117,-0.6615652,1.253428,-1.651462
RWI,375.8198,-0.657949,1.246371,-1.654092
RWI,375.8282,-0.6546156,1.238794,-1.656536
RWI,375.8366,-0.651439,1.23086,-1.659259
RWI,375.8448,-0.6482186,1.222509,-1.661997
RWI,375.8536,-0.6451284,1.21395,-1.664626
RWI,375.8628,-0.6421748,1.204656,-1.667158
RWI,375.8698,-0.6390748,1.196053,-1.669657
RWI,375.8779,-0.6363634,1.187126,-1.672014
RWI,375.8864,-0.6334735,1.178235,-1.674321
RWI,375.895,-0.6308581,1.168892,-1.676543
RWI,375.9031,-0.6283383,1.159336,-1.678812
RWI,375.9112,-0.6257089,1.149798,-1.680979
RWI,375.9198,-0.623163,1.140121,-1.683029
RWI,375.9282,-0.6208671,1.130223,-1.684938
RWI,375.9364,-0.6186104,1.120053,-1.686929
RWI,375.9453,-0.6166496,1.110001,-1.688737
RWI,375.9532,-0.614795,1.099849,-1.690705
RWI,375.9615,-0.6131364,1.089752,-1.692381
RWI,375.9702,-0.6116052,1.079596,-1.694038
RWI,375.9781,-0.6103221,1.069474,-1.695729
RWI,375.987,-0.6090949,1.059399,-1.697165
RWI,375.9947,-0.608061,1.049274,-1.698841
RWI,376.0031,-0.606728,1.039278,-1.70027
RWI,376.0114,-0.6059574,1.029307,-1.701827
RWI,376.0209,-0.6050439,1.019264,-1.703317
RWI,376.0283,-0.6047837,1.009206,-1.70471
RWI,376.0364,-0.6041013,0.99925,-1.706127
RWI,376.0445,-0.6041083,0.9896881,-1.707406
RWI,376.054,-0.6040404,0.9800129,-1.708774
RWI,376.0628,-0.6042565,0.9701599,-1.710142
RWI,376.0702,-0.6045228,0.9610167,-1.71138
RWI,376.0781,-0.6049193,0.9522016,-1.712613
RWI,376.0866,-0.6055698,0.943318,-1.713825
RWI,376.0959,-0.6064969,0.9344627,-1.715061
RWI,376.1032,-0.607442,0.9254549,-1.716267
RWI,376.1113,-0.6081397,0.9175972,-1.717269
RWI,376.1206,-0.6093357,0.9092422,-1.7184
RWI,376.1278,-0.6105577,0.9010143,-1.719529
RWI,376.1367,-0.6117931,0.893098,-1.720523
RWI,376.1452,-0.61332,0.8850489,-1.721542
RWI,376.1531,-0.6148098,0.8777351,-1.722429
RWI,376.1614,-0.6160589,0.87023,-1.723078
RWI,376.1699,-0.6174147,0.8634298,-1.723719
RWI,376.178,-0.618686,0.8566574,-1.724266
RWI,376.1871,-0.6199403,0.849735,-1.724798
RWI,376.2154,-0.6214149,0.8430788,-1.725356
RWI,376.2219,-0.6266034,0.821427,-1.725805
RWI,376.2281,-0.6275885,0.8178089,-1.726457
RWI,376.2345,-0.6289032,0.8132715,-1.726521
RWI,376.2429,-0.6299682,0.8090861,-1.726643
RWI,376.2507,-0.6316591,0.8039153,-1.726525
RWI,376.259,-0.6332761,0.798649,-1.72651
RWI,376.2677,-0.6348974,0.7935922,-1.726359
RWI,376.2762,-0.6364305,0.7886688,-1.72617
RWI,376.2843,-0.6381135,0.7836796,-1.725986
RWI,376.2925,-0.6394839,0.7791097,-1.725722
RWI,376.3013,-0.641045,0.7745166,-1.725403
RWI,376.3094,-0.6423192,0.7699071,-1.725037
RWI,376.3174,-0.6437256,0.765701,-1.724687
RWI,376.326,-0.6450224,0.7611322,-1.724406
RWI,376.3341,-0.6463072,0.7570959,-1.724053
RWI,376.3433,-0.6476157,0.7527813,-1.723605
RWI,376.3508,-0.6489552,0.74848,-1.723199
RWI,376.3593,-0.6499939,0.744558,-1.722777
RWI,376.3676,-0.6511339,0.7405947,-1.722394
RWI,376.3757,-0.6522524,0.7365034,-1.722037
RWI,376.3849,-0.6531622,0.7326893,-1.721649
RWI,376.3926,-0.6540768,0.7287158,-1.721259
RWI,376.4009,-0.6547291,0.7250114,-1.720905
RWI,376.4092,-0.6552676,0.7213482,-1.7205
RWI,376.4176,-0.6556891,0.7175906,-1.720063
RWI,376.4256,-0.655671,0.7135378,-1.719777
RWI,376.4352,-0.6560453,0.7098496,-1.719181
RWI,376.4425,-0.6561488,0.7058081,-1.718874
RWI,376.4509,-0.656411,0.7019438,-1.718625
RWI,376.4593,-0.6568941,0.6982085,-1.718692
RWI,376.4676,-0.6574786,0.6945192,-1.718659
RWI,376.4757,-0.6579906,0.6907039,-1.718587
RWI,376.4842,-0.6587645,0.6872386,-1.718756
RWI,376.4925,-0.6596152,0.6838437,-1.718941
RWI,376.5012,-0.6604764,0.6805118,-1.71908
RWI,376.5092,-0.6615929,0.6777015,-1.719404
RWI,376.5178,-0.6626809,0.6747938,-1.71958
RWI,376.5258,-0.6637642,0.6719533,-1.719785
RWI,376.5344,-0.6648353,0.6695931,-1.719966
RWI,376.5434,-0.6666335,0.6662582,-1.720421
RWI,376.5522,-0.6677942,0.6637619,-1.720866
RWI,376.559,-0.6692858,0.6609051,-1.721205
RWI,376.569,-0.6705248,0.6589128,-1.721624
RWI,376.576,-0.6720142,0.6567107,-1.721983
RWI,376.5847,-0.6734951,0.6551121,-1.722403
RWI,376.5927,-0.6748577,0.6530085,-1.722556
RWI,376.6006,-0.6762526,0.6509458,-1.722785
RWI,376.6091,-0.6777153,0.6490468,-1.723148
RWI,376.6178,-0.6791443,0.6469784,-1.723616
RWI,376.6255,-0.680721,0.6451126,-1.723998
RWI,376.635,-0.6824596,0.6435233,-1.724348
RWI,376.6431,-0.6844221,0.6422448,-1.724678
RWI,376.6506,-0.6865215,0.6411206,-1.725074
RWI,376.659,-0.6883661,0.6402467,-1.725472
RWI,376.6675,-0.690382,0.6391426,-1.72574
RWI,376.6758,-0.6921231,0.6377698,-1.725717
RWI,376.6841,-0.6939682,0.6367834,-1.725671
RWI,376.6933,-0.695765,0.6357682,-1.725589
RWI,376.7025,-0.6979027,0.6352155,-1.725448
RWI,376.7103,-0.7002846,0.6355184,-1.725261
RWI,376.7196,-0.7026809,0.635844,-1.725287
RWI,376.7279,-0.7048559,0.6362187,-1.725242
RWI,376.7361,-0.7065508,0.6366583,-1.725123
RWI,376.7452,-0.7078549,0.6370789,-1.724827
RWI,376.7532,-0.7088807,0.6376649,-1.724313
RWI,376.7616,-0.7097422,0.6388696,-1.723662
RWI,376.7704,-0.710393,0.6402007,-1.722811
RWI,376.7778,-0.7102739,0.6410903,-1.722251
RWI,376.7866,-0.7095121,0.6419528,-1.721359
RWI,376.7948,-0.7076156,0.6428916,-1.718952
RWI,376.8032,-0.70704,0.6437435,-1.717632
RWI,376.8111,-0.7059197,0.6448871,-1.716383
RWI,376.8212,-0.7031211,0.6460291,-1.714511
RWI,376.8278,-0.700538,0.6466273,-1.712979
RWI,376.8367,-0.6975143,0.6475218,-1.711601
RWI,376.8449,-0.6946839,0.6485152,-1.710258
RWI,376.8535,-0.6915134,0.649291,-1.708838
RWI,376.8631,-0.6879717,0.6505573,-1.707586
RWI,376.8697,-0.6846003,0.6519455,-1.70673
RWI,376.8777,-0.6809359,0.654042,-1.705979
RWI,376.8871,-0.6773773,0.6560352,-1.705543
RWI,376.8947,-0.6736472,0.6583588,-1.705276
RWI,376.904,-0.6702305,0.661311,-1.704572
RWI,376.9146,-0.6672845,0.6661162,-1.705458
RWI,376.9232,-0.6619077,0.6700565,-1.705155
RWI,376.9281,-0.658233,0.6742823,-1.705538
RWI,376.9344,-0.6557197,0.6760564,-1.705262
RWI,376.9422,-0.6533794,0.6789472,-1.705277
RWI,376.9511,-0.6493499,0.6824633,-1.704922
RWI,376.959,-0.645445,0.6860409,-1.704321
RWI,376.9676,-0.6419463,0.6897289,-1.70433
RWI,376.9756,-0.6379139,0.6934761,-1.70384
RWI,376.9845,-0.6345966,0.6973246,-1.703821
RWI,376.9922,-0.6306268,0.7016779,-1.703557
RWI,377.0006,-0.6270913,0.7053111,-1.703297
RWI,377.0092,-0.623872,0.7101645,-1.703492
RWI,377.0182,-0.6203735,0.7147064,-1.703553
RWI,377.0257,-0.6174231,0.7198058,-1.703879
RWI,377.0343,-0.614369,0.724625,-1.704115
RWI,377.0424,-0.6115983,0.7298014,-1.704607
RWI,377.0508,-0.6087648,0.7351964,-1.704994
RWI,377.0597,-0.6056825,0.7401818,-1.705297
RWI,377.0675,-0.6031891,0.7456826,-1.70584
RWI,377.0757,-0.6005772,0.7512585,-1.706272
RWI,377.0845,-0.5981717,0.7569136,-1.706909
RWI,377.0922,-0.5957655,0.7628816,-1.707467
RWI,377.1012,-0.5933199,0.7687698,-1.707867
RWI,377.1091,-0.5915387,0.7747183,-1.708621
RWI,377.1175,-0.5894635,0.7810542,-1.709281
RWI,377.1256,-0.5877205,0.7873644,-1.710151
RWI,377.134,-0.5858874,0.7933336,-1.710864
RWI,377.1431,-0.5847345,0.7999433,-1.712027
RWI,377.1509,-0.5835471,0.8065317,-1.713258
RWI,377.1594,-0.5823281,0.8123158,-1.714157
RWI,377.1672,-0.581091,0.8183931,-1.71528
RWI,377.1757,-0.5798332,0.824674,-1.716249
RWI,377.1845,-0.5788716,0.8305612,-1.717117
RWI,377.1925,-0.5776509,0.8371028,-1.718059
RWI,377.2012,-0.5767251,0.8433766,-1.719038
RWI,377.2097,-0.5759087,0.8500022,-1.719771
RWI,377.2184,-0.575192,0.8566196,-1.720757
RWI,377.2264,-0.5747724,0.8632018,-1.721469
RWI,377.2351,-0.5743615,0.8695705,-1.722312
RWI,377.2435,-0.5741257,0.8762636,-1.723099
RWI,377.2522,-0.5738991,0.8831592,-1.723801
RWI,377.2608,-0.5740263,0.8897355,-1.724433
RWI,377.2691,-0.574175,0.8966312,-1.725111
RWI,377.2774,-0.5744116,0.9038187,-1.72575
RWI,377.286,-0.5748937,0.9104301,-1.726309
RWI,377.2943,-0.5754831,0.9176017,-1.726837
RWI,377.3034,-0.5764613,0.9246024,-1.72741
RWI,377.3112,-0.5780905,0.9319809,-1.72808
RWI,377.3196,-0.579595,0.939063,-1.728666
RWI,377.3282,-0.5808926,0.9459543,-1.729095
RWI,377.3361,-0.5824313,0.9529669,-1.729735
RWI,377.3443,-0.5837935,0.960005,-1.730079
RWI,377.3531,-0.5848364,0.966895,-1.730572
RWI,377.3614,-0.5856834,0.9742005,-1.731072
RWI,377.3694,-0.5868896,0.981343,-1.731513
RWI,377.3778,-0.588311,0.9883472,-1.731853
RWI,377.3864,-0.5898588,0.995573,-1.732191
RWI,377.395,-0.5916736,1.003069,-1.732494
RWI,377.4032,-0.5936382,1.010386,-1.732721
RWI,377.4109,-0.5957942,1.017767,-1.73286
RWI,377.4199,-0.5978965,1.024987,-1.733049
RWI,377.4275,-0.6000795,1.031848,-1.733009
RWI,377.4363,-0.6022303,1.03883,-1.733121
RWI,377.4446,-0.6045043,1.046039,-1.733227
RWI,377.453,-0.6066264,1.053395,-1.733198
RWI,377.4618,-0.6088877,1.060523,-1.733177
RWI,377.4697,-0.6111137,1.067959,-1.733176
RWI,377.4778,-0.6135675,1.075332,-1.733025
RWI,377.4864,-0.6160779,1.082601,-1.732798
RWI,377.494,-0.6186877,1.089872,-1.732727
RWI,377.5038,-0.62146,1.096907,-1.732096
RWI,377.5115,-0.6242561,1.10408,-1.731647
RWI,377.5193,-0.6269091,1.111132,-1.731264
RWI,377.5276,-0.6297892,1.118185,-1.73053
RWI,377.536,-0.6326019,1.125346,-1.730167
RWI,377.5442,-0.6355706,1.132242,-1.729313
RWI,377.5533,-0.6385301,1.139266,-1.728745
RWI,377.563,-0.6418408,1.146192,-1.727657
RWI,377.5704,-0.6454078,1.152729,-1.726604
RWI,377.5779,-0.6490297,1.159981,-1.725341
RWI,377.5863,-0.652216,1.165924,-1.724194
RWI,377.5942,-0.6553898,1.17267,-1.723123
RWI,377.6033,-0.6586454,1.178857,-1.721979
RWI,377.6111,-0.6615907,1.185437,-1.720773
RWI,377.6198,-0.6644479,1.192132,-1.719638
RWI,377.6277,-0.6673089,1.198647,-1.718346
RWI,377.6358,-0.670259,1.204948,-1.716961
RWI,377.6446,-0.673475,1.211127,-1.71517
RWI,377.653,-0.6765515,1.21748,-1.713835
RWI,377.6638,-0.679987,1.223446,-1.712086
RWI,377.675,-0.6836003,1.22929,-1.710418
RWI,377.6848,-0.6896193,1.238613,-1.707582
RWI,377.693,-0.6935664,1.244506,-1.705431
RWI,377.7007,-0.6968653,1.249826,-1.703624
RWI,377.7088,-0.7000706,1.254899,-1.701833
RWI,377.717,-0.7033784,1.260157,-1.700038
RWI,377.7254,-0.7066994,1.26546,-1.698319
RWI,377.7342,-0.710001,1.270678,-1.696608
RWI,377.7422,-0.7135363,1.275621,-1.694788
RWI,377.7508,-0.7170432,1.280398,-1.692906
RWI,377.7591,-0.7205245,1.284938,-1.69086
RWI,377.7672,-0.7238806,1.288991,-1.688759
RWI,377.7753,-0.7272754,1.293473,-1.686638
RWI,377.7847,-0.7304795,1.297202,-1.684578
RWI,377.7922,-0.7339711,1.301369,-1.682573
RWI,377.8008,-0.7371914,1.304672,-1.680258
RWI,377.8091,-0.7405933,1.308549,-1.67794
RWI,377.8179,-0.7440544,1.312211,-1.675591
RWI,377.8257,-0.7474379,1.315842,-1.673259
RWI,377.8338,-0.7508392,1.319301,-1.670765
RWI,377.8423,-0.7539608,1.322635,-1.668225
RWI,377.8503,-0.7571248,1.326062,-1.665744
RWI,377.8589,-0.7600377,1.329476,-1.663169
RWI,377.8675,-0.7629597,1.332849,-1.660787
RWI,377.8757,-0.7662077,1.33621,-1.658143
RWI,377.8842,-0.7692851,1.339142,-1.655479
RWI,377.8925,-0.7723587,1.342064,-1.652604
RWI,377.901,-0.7753674,1.344775,-1.649809
RWI,377.9089,-0.7782842,1.347039,-1.646928
RWI,377.9171,-0.7814925,1.349508,-1.644016
RWI,377.9256,-0.7844099,1.35138,-1.641099
RWI,377.9337,-0.7873997,1.353623,-1.638192
RWI,377.9424,-0.7902277,1.355426,-1.635227
RWI,377.9506,-0.7933834,1.357554,-1.632262
RWI,377.9591,-0.7960985,1.359519,-1.629182
RWI,377.9672,-0.7990432,1.361482,-1.626075
RWI,377.9759,-0.8017296,1.363182,-1.62301
RWI,377.9875,-0.8043879,1.364732,-1.619819
RWI,377.9972,-0.8082787,1.366772,-1.61536
RWI,378.0028,-0.8112049,1.36799,-1.611602
RWI,378.0083,-0.8132191,1.368744,-1.609061
RWI,378.0177,-0.8149802,1.369449,-1.60673
RWI,378.0258,-0.817444,1.370308,-1.603228
RWI,378.0341,-0.8195152,1.371137,-1.59983
RWI,378.0421,-0.8219258,1.371747,-1.596535
RWI,378.0506,-0.8244759,1.372523,-1.593327
RWI,378.0584,-0.8266065,1.373321,-1.590084
RWI,378.0677,-0.8291142,1.374083,-1.586799
RWI,378.0752,-0.8313832,1.374652,-1.583151
RWI,378.0842,-0.8333741,1.375198,-1.579753
RWI,378.0934,-0.8351949,1.374936,-1.576169
RWI,378.101,-0.83715,1.374497,-1.572208
RWI,378.1086,-0.8384233,1.373832,-1.569075
RWI,378.1174,-0.8401591,1.373125,-1.565818
RWI,378.1252,-0.8417452,1.372417,-1.562631
RWI,378.1341,-0.8432145,1.371474,-1.559594
RWI,378.1421,-0.8448735,1.370941,-1.556687
RWI,378.1508,-0.8462063,1.370486,-1.554188
RWI,378.159,-0.8478185,1.370555,-1.551857
RWI,378.1678,-0.8492436,1.370476,-1.549709
RWI,378.1753,-0.8507312,1.37078,-1.547674
RWI,378.1841,-0.8520533,1.370986,-1.545556
RWI,378.192,-0.8535736,1.371748,-1.544022
RWI,378.2005,-0.8544915,1.371802,-1.542557
RWI,378.2086,-0.8556381,1.372326,-1.540588
RWI,378.2176,-0.856891,1.372977,-1.539689
RWI,378.2257,-0.8574711,1.373387,-1.538158
RWI,378.2336,-0.8581221,1.373841,-1.53673
RWI,378.2421,-0.8587703,1.373776,-1.535313
RWI,378.2503,-0.8591846,1.373524,-1.5342
RWI,378.2585,-0.8600124,1.372868,-1.533323
RWI,378.2675,-0.8602238,1.372024,-1.532385
RWI,378.2756,-0.8608867,1.370739,-1.531581
RWI,378.2844,-0.8616754,1.36895,-1.531506
RWI,378.2923,-0.862754,1.366673,-1.531582
RWI,378.3011,-0.8634627,1.364774,-1.53152
RWI,378.3088,-0.8637335,1.36245,-1.531798
RWI,378.3172,-0.8641436,1.36066,-1.531723
RWI,378.3258,-0.8635404,1.359839,-1.531851
RWI,378.3343,-0.8631854,1.358663,-1.531829
RWI,378.3431,-0.8630424,1.357334,-1.531883
RWI,378.3529,-0.8622478,1.355445,-1.532418
RWI,378.3596,-0.8616202,1.353694,-1.532769
RWI,378.3686,-0.8604841,1.351647,-1.533
RWI,378.3771,-0.8594303,1.349955,-1.533467
RWI,378.3858,-0.8585102,1.348926,-1.533832
RWI,378.3939,-0.8575419,1.347708,-1.534444
RWI,378.4028,-0.8562728,1.347428,-1.535031
RWI,378.4107,-0.8547103,1.347595,-1.535571
RWI,378.4196,-0.853214,1.347715,-1.536126
RWI,378.4276,-0.8519257,1.347417,-1.536848
RWI,378.4368,-0.8502878,1.346917,-1.537364
RWI,378.4465,-0.8484681,1.346598,-1.537759
RWI,378.4553,-0.8463582,1.346167,-1.538634
RWI,378.4613,-0.8440428,1.345666,-1.538756
RWI,378.4684,-0.842918,1.345797,-1.539099
RWI,378.4769,-0.8414485,1.345464,-1.539598
RWI,378.4863,-0.8398108,1.345101,-1.540145
RWI,378.4936,-0.8378128,1.344646,-1.540416
RWI,378.5023,-0.8360825,1.34418,-1.541028
RWI,378.5098,-0.8343598,1.344011,-1.541804
RWI,378.5183,-0.8330077,1.343578,-1.542625
RWI,378.5265,-0.8314323,1.343411,-1.543307
RWI,378.535,-0.8294251,1.343112,-1.543989
RWI,378.5432,-0.8276681,1.342927,-1.544664
RWI,378.5523,-0.8259212,1.34263,-1.54537
RWI,378.5601,-0.824299,1.342314,-1.546246
RWI,378.5694,-0.8223522,1.342109,-1.546934
RWI,378.6191,-0.8208484,1.34181,-1.547736
RWI,378.6341,-0.8102365,1.341811,-1.552547
RWI,378.6458,-0.8061895,1.341827,-1.554635
RWI,378.6538,-0.8033299,1.341821,-1.556073
RWI,378.6602,-0.8010098,1.341694,-1.557129
RWI,378.668,-0.7993053,1.341679,-1.557901
RWI,378.6762,-0.7971416,1.341613,-1.55891
RWI,378.6838,-0.7950108,1.341561,-1.559859
RWI,378.6938,-0.7925305,1.34155,-1.560778
RWI,378.7006,-0.7899396,1.341549,-1.56197
RWI,378.7148,-0.7877508,1.34147,-1.563191
RWI,378.7227,-0.7843574,1.341236,-1.564852
RWI,378.7287,-0.781006,1.341112,-1.56659
RWI,378.7343,-0.7791263,1.341027,-1.567559
RWI,378.7428,-0.7769498,1.340878,-1.569034
RWI,378.7509,-0.774112,1.340668,-1.570476
RWI,378.7596,-0.7710849,1.340387,-1.572058
RWI,378.767,-0.767906,1.340003,-1.573752
RWI,378.7758,-0.7649069,1.339579,-1.575282
RWI,378.7841,-0.761653,1.339095,-1.577064
RWI,378.7922,-0.7581625,1.338767,-1.578912
RWI,378.8004,-0.7548594,1.33823,-1.580978
RWI,378.8084,-0.7512963,1.337581,-1.583018
RWI,378.8179,-0.747561,1.336769,-1.585157
RWI,378.8254,-0.7440587,1.336131,-1.587283
RWI,378.8336,-0.740252,1.33518,-1.589485
RWI,378.842,-0.7362394,1.333962,-1.591859
RWI,378.8505,-0.7322466,1.332685,-1.594233
RWI,378.8584,-0.7283901,1.331532,-1.59657
RWI,378.8674,-0.7242541,1.329759,-1.599076
RWI,378.8755,-0.7197903,1.328304,-1.601555
RWI,378.8839,-0.7157364,1.326423,-1.60411
RWI,378.8923,-0.7113868,1.324573,-1.606649
RWI,378.9012,-0.7071497,1.322392,-1.609449
RWI,378.9089,-0.7030941,1.319794,-1.61219
RWI,378.917,-0.6988121,1.316948,-1.615194
RWI,378.9254,-0.6946607,1.314007,-1.61798
RWI,378.9338,-0.6905338,1.310763,-1.621294
RWI,378.9421,-0.6863339,1.307397,-1.624395
RWI,378.9511,-0.6819248,1.303741,-1.627308
RWI,378.9586,-0.6778647,1.300168,-1.630659
RWI,378.9669,-0.6735235,1.296183,-1.633839
RWI,378.9753,-0.6694603,1.291975,-1.637062
RWI,378.9843,-0.6650119,1.287852,-1.639826
RWI,378.9917,-0.6606413,1.282882,-1.642866
RWI,379.0006,-0.656462,1.278402,-1.645738
RWI,379.0086,-0.6521139,1.273141,-1.648695
RWI,379.0169,-0.6479769,1.267198,-1.651603
RWI,379.0253,-0.6439679,1.26139,-1.65454
RWI,379.0336,-0.6400667,1.255435,-1.657313
RWI,379.0421,-0.636061,1.249742,-1.659771
RWI,379.0505,-0.6322018,1.243532,-1.662684
RWI,379.0586,-0.6281925,1.237257,-1.665343
RWI,379.0672,-0.6245856,1.230746,-1.667983
RWI,379.0755,-0.6207885,1.223824,-1.67054
RWI,379.086,-0.6172092,1.21703,-1.67292
RWI,379.0926,-0.6133357,1.209454,-1.675611
RWI,379.1006,-0.6104238,1.202036,-1.678168
RWI,379.1089,-0.6072883,1.19507,-1.680542
RWI,379.117,-0.604452,1.187075,-1.682933
RWI,379.1254,-0.6017604,1.179198,-1.685184
RWI,379.1335,-0.5988595,1.171291,-1.687301
RWI,379.1433,-0.5963166,1.163088,-1.689503
RWI,379.1519,-0.5933415,1.153527,-1.691817
RWI,379.161,-0.5909357,1.145131,-1.693787
RWI,379.1692,-0.5883707,1.135613,-1.695941
RWI,379.1773,-0.5863186,1.126688,-1.697555
RWI,379.1863,-0.5842463,1.117747,-1.69918
RWI,379.1941,-0.5820872,1.108685,-1.700734
RWI,379.2027,-0.5805104,1.099523,-1.702057
RWI,379.2108,-0.5788441,1.090321,-1.703545
RWI,379.2195,-0.5775081,1.080946,-1.70487
RWI,379.2275,-0.5762831,1.071618,-1.706056
RWI,379.2364,-0.5753196,1.062147,-1.707156
RWI,379.244,-0.5744852,1.052693,-1.708179
RWI,379.2523,-0.5738329,1.043289,-1.709066
RWI,379.2612,-0.5732065,1.033812,-1.709869
RWI,379.2694,-0.5725207,1.024405,-1.710612
RWI,379.2772,-0.5721698,1.014885,-1.711268
RWI,379.2864,-0.5715312,1.005489,-1.711992
RWI,379.294,-0.5715642,0.9958988,-1.71261
RWI,379.3033,-0.5716175,0.9865414,-1.713086
RWI,379.3108,-0.5718825,0.9769336,-1.713586
RWI,379.3193,-0.5723586,0.9677286,-1.714121
RWI,379.3275,-0.5731206,0.9588047,-1.714304
RWI,379.3359,-0.5740103,0.9498059,-1.714661
RWI,379.3441,-0.5747514,0.9408771,-1.714826
RWI,379.3532,-0.575761,0.9319484,-1.715032
RWI,379.361,-0.5768695,0.9232965,-1.715152
RWI,379.3692,-0.5780659,0.9147202,-1.715221
RWI,379.3773,-0.5792509,0.9061959,-1.715159
RWI,379.3861,-0.5807323,0.8977245,-1.715203
RWI,379.3948,-0.5823292,0.8891363,-1.715188
RWI,379.4026,-0.5840435,0.8808348,-1.715265
RWI,379.4105,-0.586033,0.8728686,-1.715338
RWI,379.4197,-0.5879219,0.8646002,-1.715389
RWI,379.4273,-0.5899379,0.856554,-1.715361
RWI,379.4359,-0.5920354,0.8494525,-1.715314
RWI,379.4444,-0.5938811,0.8417396,-1.715123
RWI,379.4522,-0.5958537,0.8347684,-1.714958
RWI,379.4614,-0.5976107,0.8276682,-1.714734
RWI,379.4692,-0.5995251,0.8207069,-1.714579
RWI,379.4772,-0.6014867,0.813621,-1.714447
RWI,379.5118,-0.6035649,0.8069822,-1.71437
RWI,379.5193,-0.6127725,0.7822067,-1.713068
RWI,379.5251,-0.6147789,0.7782732,-1.713325
RWI,379.5337,-0.6163772,0.7744011,-1.713065
RWI,379.5416,-0.6184347,0.76954,-1.712551
RWI,379.5512,-0.6204296,0.7649546,-1.712104
RWI,379.5588,-0.6225729,0.7602779,-1.711697
RWI,379.5668,-0.6242902,0.7561654,-1.711268
RWI,379.5754,-0.6261404,0.7517534,-1.710996
RWI,379.5845,-0.6279436,0.7476278,-1.710711
RWI,379.593,-0.6298729,0.7432936,-1.710385
RWI,379.6007,-0.6316426,0.7394958,-1.710106
RWI,379.6083,-0.6330423,0.7364867,-1.709751
RWI,379.6184,-0.634666,0.7330087,-1.70939
RWI,379.6252,-0.6360428,0.7303967,-1.709206
RWI,379.6335,-0.6374047,0.7273057,-1.70882
RWI,379.6419,-0.6384387,0.7244208,-1.70842
RWI,379.6502,-0.6392783,0.721566,-1.708057
RWI,379.6583,-0.6396196,0.7187871,-1.707635
RWI,379.6671,-0.6401402,0.7159322,-1.707276
RWI,379.6752,-0.6405915,0.7128484,-1.706986
RWI,379.6844,-0.6410286,0.7101842,-1.706924
RWI,379.6923,-0.6415354,0.7072826,-1.706803
RWI,379.7006,-0.6421558,0.7046504,-1.706623
RWI,379.7087,-0.6428205,0.7023578,-1.706546
RWI,379.7169,-0.6436083,0.6998194,-1.706598
RWI,379.7251,-0.644481,0.6976809,-1.706526
RWI,379.7337,-0.6454263,0.6956234,-1.706469
RWI,379.742,-0.6465435,0.6935062,-1.706604
RWI,379.7513,-0.6476214,0.69138,-1.706586
RWI,379.7588,-0.6490757,0.6890746,-1.706923
RWI,379.7672,-0.6504943,0.6872371,-1.707398
RWI,379.7754,-0.6517757,0.6851048,-1.707578
RWI,379.7841,-0.6533892,0.6827983,-1.707926
RWI,379.7917,-0.6547169,0.6806362,-1.708071
RWI,379.8004,-0.6561856,0.6783358,-1.708347
RWI,379.8085,-0.6578309,0.6760278,-1.708617
RWI,379.817,-0.6597112,0.6741157,-1.709173
RWI,379.8255,-0.6617143,0.6720236,-1.709509
RWI,379.8338,-0.6639313,0.6701562,-1.710055
RWI,379.842,-0.6662156,0.6682166,-1.710213
RWI,379.8501,-0.6685942,0.6667447,-1.710433
RWI,379.859,-0.6712597,0.664914,-1.710925
RWI,379.8667,-0.6739641,0.6632941,-1.711546
RWI,379.8755,-0.6766583,0.6618909,-1.712161
RWI,379.8839,-0.6792865,0.6601669,-1.712715
RWI,379.892,-0.6814511,0.6588946,-1.713167
RWI,379.9008,-0.683773,0.6577889,-1.713395
RWI,379.9089,-0.6861624,0.6566719,-1.713721
RWI,379.9168,-0.6886342,0.6565769,-1.714003
RWI,379.9251,-0.6905758,0.6562482,-1.714154
RWI,379.9337,-0.6924298,0.6566667,-1.714273
RWI,379.9419,-0.6939063,0.6568826,-1.714291
RWI,379.9511,-0.6957033,0.6580533,-1.714537
RWI,379.9586,-0.6974015,0.6599957,-1.715006
RWI,379.9669,-0.6978479,0.6620713,-1.714933
RWI,379.9752,-0.6984655,0.6634893,-1.714367
RWI,379.984,-0.6974224,0.6640325,-1.712469
RWI,379.9921,-0.6953526,0.6637226,-1.710594
RWI,380.0004,-0.6923541,0.663638,-1.709037
RWI,380.0096,-0.6891541,0.6652828,-1.708495
RWI,380.0196,-0.686301,0.6672928,-1.708261
RWI,380.0288,-0.6833165,0.6707842,-1.708231
RWI,380.0359,-0.679957,0.6741617,-1.707902
RWI,380.0436,-0.6779181,0.6763617,-1.707808
RWI,380.0521,-0.6751797,0.6795688,-1.708044
RWI,380.0612,-0.6718099,0.6830746,-1.708681
RWI,380.069,-0.6688052,0.6864855,-1.709225
RWI,380.0771,-0.6655321,0.6900653,-1.710745
RWI,380.0894,-0.6622537,0.6935838,-1.711447
RWI,380.0951,-0.6578821,0.6981396,-1.712818
RWI,380.1038,-0.6545739,0.7010454,-1.713275
RWI,380.1105,-0.6506581,0.7043754,-1.713743
RWI,380.119,-0.6472899,0.7075419,-1.714709
RWI,380.1269,-0.6434481,0.7110426,-1.715217
RWI,380.1353,-0.639191,0.7148314,-1.715502
RWI,380.1437,-0.635008,0.7188877,-1.716312
RWI,380.1531,-0.6310779,0.7226779,-1.716635
RWI,380.1608,-0.6269193,0.7267781,-1.716991
RWI,380.1702,-0.6234516,0.730774,-1.717784
RWI,380.1784,-0.6193168,0.7364421,-1.719195
RWI,380.1855,-0.6162525,0.7413788,-1.720067
RWI,380.1941,-0.613615,0.744572,-1.720747
RWI,380.2019,-0.6109725,0.7496457,-1.721759
RWI,380.2104,-0.6079497,0.75423,-1.722469
RWI,380.2192,-0.6050494,0.7591733,-1.723377
RWI,380.227,-0.6024507,0.7637661,-1.724261
RWI,380.2353,-0.6001678,0.7683852,-1.725311
RWI,380.2439,-0.5977896,0.7734203,-1.726137
RWI,380.252,-0.5956758,0.778635,-1.727244
RWI,380.2609,-0.5939764,0.7836308,-1.728071
RWI,380.2688,-0.5920868,0.7887431,-1.728814
RWI,380.2769,-0.5908763,0.7945696,-1.729853
RWI,380.2858,-0.589514,0.7999219,-1.730685
RWI,380.2934,-0.5883368,0.8053938,-1.731606
RWI,380.3032,-0.5876586,0.8104941,-1.732875
RWI,380.3102,-0.5864329,0.8159015,-1.733872
RWI,380.3188,-0.5858082,0.8205757,-1.735035
RWI,380.3274,-0.585072,0.8261056,-1.736034
RWI,380.3356,-0.5845129,0.8312916,-1.737197
RWI,380.3437,-0.58406,0.8368155,-1.738447
RWI,380.353,-0.5837439,0.842205,-1.739603
RWI,380.3604,-0.5836505,0.8476672,-1.740879
RWI,380.3687,-0.583444,0.852779,-1.742041
RWI,380.3773,-0.5835814,0.8582481,-1.743146
RWI,380.3859,-0.5836844,0.8633428,-1.744345
RWI,380.3942,-0.5839759,0.8686647,-1.745478
RWI,380.4027,-0.5844483,0.8742219,-1.746606
RWI,380.4106,-0.5847237,0.8793916,-1.747653
RWI,380.4193,-0.585111,0.8848502,-1.748615
RWI,380.427,-0.5854928,0.8900883,-1.749537
RWI,380.4355,-0.5860038,0.8953208,-1.750369
RWI,380.4438,-0.5866101,0.9004371,-1.751355
RWI,380.4524,-0.5874411,0.9054914,-1.752244
RWI,380.4613,-0.5885817,0.9106235,-1.753214
RWI,380.4691,-0.5899634,0.9158906,-1.754025
RWI,380.4772,-0.5911152,0.9212431,-1.754776
RWI,380.4862,-0.5925928,0.9272488,-1.755391
RWI,380.4941,-0.5938427,0.9332731,-1.755854
RWI,380.5032,-0.5951807,0.9390935,-1.75624
RWI,380.5103,-0.5965437,0.9450445,-1.75653
RWI,380.5187,-0.59802,0.9508337,-1.75682
RWI,380.5272,-0.5994489,0.9566262,-1.757122
RWI,380.5356,-0.6011873,0.9625563,-1.75727
RWI,380.5436,-0.6030592,0.9684825,-1.757437
RWI,380.5527,-0.6048958,0.9744633,-1.757503
RWI,380.5606,-0.6070413,0.9810533,-1.757509
RWI,380.569,-0.6089057,0.9871688,-1.757482
RWI,380.5768,-0.6108214,0.9936966,-1.757377
RWI,380.586,-0.6129739,1.000404,-1.757183
RWI,380.5939,-0.6151587,1.007131,-1.756981
RWI,380.6027,-0.6172134,1.013477,-1.756739
RWI,380.6113,-0.6195241,1.020571,-1.756431
RWI,380.6202,-0.6215844,1.027057,-1.756092
RWI,380.6281,-0.6239569,1.034087,-1.755712
RWI,380.6357,-0.6262556,1.041,-1.75524
RWI,380.6438,-0.6283726,1.047355,-1.754809
RWI,380.6522,-0.6306681,1.054286,-1.754303
RWI,380.6621,-0.6330014,1.061273,-1.753777
RWI,380.6691,-0.6354774,1.068356,-1.75325
RWI,380.6769,-0.6379597,1.075497,-1.752711
RWI,380.6861,-0.6403164,1.082361,-1.752153
RWI,380.6943,-0.6427548,1.089431,-1.751592
RWI,380.7032,-0.6453586,1.096476,-1.75109
RWI,380.7103,-0.6479601,1.103308,-1.750448
RWI,380.7186,-0.6505987,1.109972,-1.75
RWI,380.7274,-0.6534852,1.116807,-1.749375
RWI,380.7356,-0.6561991,1.123803,-1.748663
RWI,380.7437,-0.6590106,1.13054,-1.748035
RWI,380.7527,-0.6619309,1.137349,-1.747503
RWI,380.7602,-0.6648016,1.144071,-1.746802
RWI,380.7688,-0.6676605,1.150669,-1.746068
RWI,380.7773,-0.6707171,1.15721,-1.745358
RWI,380.7859,-0.6736581,1.163612,-1.744532
RWI,380.7935,-0.6767212,1.169966,-1.743579
RWI,380.8025,-0.6797378,1.175982,-1.742654
RWI,380.8103,-0.683021,1.181737,-1.741518
RWI,380.8201,-0.685852,1.187665,-1.740364
RWI,380.8269,-0.6886539,1.1936,-1.739142
RWI,380.8356,-0.6914644,1.199167,-1.738106
RWI,380.844,-0.6941599,1.204744,-1.736929
RWI,380.8522,-0.6969625,1.210462,-1.735724
RWI,380.8612,-0.6997659,1.216024,-1.734522
RWI,380.869,-0.7024963,1.221536,-1.733323
RWI,380.8769,-0.7056056,1.227065,-1.732382
RWI,380.8859,-0.7086226,1.232385,-1.731097
RWI,380.8936,-0.7119534,1.237514,-1.729531
RWI,380.9034,-0.714722,1.242577,-1.727807
RWI,380.9107,-0.7176679,1.247606,-1.726077
RWI,380.9186,-0.7202247,1.251998,-1.724525
RWI,380.927,-0.7226438,1.255829,-1.722601
RWI,380.9355,-0.7250933,1.260217,-1.720599
RWI,380.9435,-0.7274207,1.264554,-1.718463
RWI,380.9526,-0.729899,1.268631,-1.716244
RWI,380.9606,-0.7325125,1.273109,-1.714232
RWI,380.9688,-0.7352788,1.277263,-1.712175
RWI,380.977,-0.7379161,1.281663,-1.710275
RWI,380.9857,-0.7407091,1.285807,-1.708247
RWI,380.9942,-0.7437675,1.289676,-1.70562
RWI,381.002,-0.7464402,1.293518,-1.703394
RWI,381.0103,-0.7490172,1.296988,-1.701089
RWI,381.0193,-0.7514268,1.300136,-1.698392
RWI,381.0284,-0.7536381,1.30324,-1.69595
RWI,381.0357,-0.75588,1.306288,-1.693592
RWI,381.0436,-0.7581478,1.309276,-1.691332
RWI,381.0522,-0.7603166,1.312515,-1.689253
RWI,381.0607,-0.7627146,1.315563,-1.687193
RWI,381.0686,-0.7651079,1.318626,-1.685246
RWI,381.0771,-0.7677083,1.321343,-1.683485
RWI,381.0887,-0.7703405,1.324205,-1.681329
RWI,381.096,-0.7727601,1.326584,-1.679238
RWI,381.1032,-0.7760158,1.328792,-1.676431
RWI,381.1098,-0.7778264,1.330302,-1.6747
RWI,381.1183,-0.7798459,1.331857,-1.67257
RWI,381.1266,-0.7820101,1.333504,-1.670561
RWI,381.135,-0.7841071,1.335471,-1.668399
RWI,381.1433,-0.7859411,1.337402,-1.66683
RWI,381.1523,-0.7881019,1.33936,-1.665195
RWI,381.1599,-0.7900504,1.341199,-1.663545
RWI,381.1681,-0.7920501,1.342785,-1.66212
RWI,381.1765,-0.7942408,1.344235,-1.66063
RWI,381.1864,-0.7964036,1.345753,-1.659067
RWI,381.1931,-0.7987264,1.346546,-1.657675
RWI,381.2021,-0.8007233,1.347646,-1.656218
RWI,381.2099,-0.8026014,1.348758,-1.654814
RWI,381.2195,-0.8041291,1.349818,-1.65355
RWI,381.2271,-0.8058075,1.350971,-1.652152
RWI,381.2355,-0.8072087,1.351987,-1.650703
RWI,381.2438,-0.8085653,1.35288,-1.649388
RWI,381.2538,-0.8098775,1.353744,-1.648212
RWI,381.263,-0.8115431,1.354596,-1.646814
RWI,381.2719,-0.8133558,1.3551,-1.645647
RWI,381.277,-0.8149108,1.355641,-1.644253
RWI,381.2838,-0.8157314,1.355878,-1.643543
RWI,381.2921,-0.8167729,1.356222,-1.642691
RWI,381.3005,-0.8180123,1.356563,-1.641564
RWI,381.3085,-0.8191645,1.357107,-1.640534
RWI,381.3166,-0.8201236,1.357796,-1.639522
RWI,381.325,-0.8211143,1.358629,-1.638488
RWI,381.3338,-0.8222293,1.359244,-1.637186
RWI,381.3417,-0.8233127,1.360035,-1.636025
RWI,381.3503,-0.8243144,1.360834,-1.634667
RWI,381.3585,-0.8255505,1.361488,-1.633198
RWI,381.3669,-0.826353,1.362225,-1.631464
RWI,381.3751,-0.8273222,1.362863,-1.629606
RWI,381.3841,-0.8282042,1.363276,-1.627609
RWI,381.392,-0.8292751,1.363608,-1.625489
RWI,381.4002,-0.8301777,1.363918,-1.623188
RWI,381.4095,-0.8312277,1.364148,-1.620605
RWI,381.4189,-0.832464,1.364486,-1.617902
RWI,381.4247,-0.8336161,1.364774,-1.61482
RWI,381.4332,-0.8344233,1.365059,-1.612945
RWI,381.4419,-0.8353351,1.36544,-1.610196
RWI,381.45,-0.8362958,1.365635,-1.607259
RWI,381.4585,-0.837419,1.366112,-1.604578
RWI,381.4668,-0.8383445,1.366382,-1.601567
RWI,381.4748,-0.8392619,1.366759,-1.598769
RWI,381.4836,-0.8400635,1.366748,-1.595694
RWI,381.492,-0.8407195,1.366814,-1.592753
RWI,381.5009,-0.841514,1.366466,-1.589679
RWI,381.5084,-0.8423079,1.365847,-1.586633
RWI,381.5168,-0.8428321,1.365228,-1.583829
RWI,381.5248,-0.8435685,1.364455,-1.580935
RWI,381.5336,-0.8442184,1.36359,-1.578331
RWI,381.5421,-0.8446475,1.363277,-1.5756
RWI,381.5507,-0.8452842,1.362547,-1.572942
RWI,381.5588,-0.8457332,1.362038,-1.570527
RWI,381.5675,-0.8463229,1.36173,-1.568192
RWI,381.5757,-0.8466845,1.361185,-1.565723
RWI,381.5847,-0.8474059,1.361085,-1.563708
RWI,381.5925,-0.8479089,1.360817,-1.561554
RWI,381.6011,-0.8484902,1.36053,-1.559686
RWI,381.6096,-0.8494813,1.360627,-1.557804
RWI,381.6195,-0.8501953,1.360575,-1.556249
RWI,381.6266,-0.8510847,1.360816,-1.554787
RWI,381.636,-0.8515922,1.36101,-1.553677
RWI,381.6434,-0.8522363,1.361058,-1.552128
RWI,381.6519,-0.8530372,1.36154,-1.551257
RWI,381.6601,-0.8532755,1.361821,-1.549981
RWI,381.6684,-0.8534741,1.361729,-1.548838
RWI,381.6762,-0.8540295,1.360977,-1.548549
RWI,381.6852,-0.8543334,1.360519,-1.547718
RWI,381.693,-0.8557021,1.358578,-1.547826
RWI,381.7033,-0.8564723,1.357102,-1.547915
RWI,381.7101,-0.856919,1.355648,-1.547789
RWI,381.7184,-0.8571004,1.354583,-1.547717
RWI,381.7269,-0.8575065,1.353136,-1.547659
RWI,381.7355,-0.8577625,1.352026,-1.547469
RWI,381.7434,-0.8575767,1.351161,-1.547418
RWI,381.7527,-0.8575692,1.350149,-1.547339
RWI,381.7603,-0.8574538,1.348924,-1.54749
RWI,381.7686,-0.8572248,1.347878,-1.548007
RWI,381.7773,-0.857033,1.347311,-1.548688
RWI,381.7858,-0.8568378,1.346809,-1.549033
RWI,381.7936,-0.8563451,1.347419,-1.549185
RWI,381.8021,-0.8560013,1.347168,-1.549367
RWI,381.8102,-0.8553562,1.346078,-1.549698
RWI,381.8194,-0.8547488,1.344764,-1.550224
RWI,381.8286,-0.854055,1.343708,-1.55056
RWI,381.8353,-0.8536738,1.342722,-1.55127
RWI,381.8437,-0.8527656,1.342026,-1.551373
RWI,381.8523,-0.8521301,1.341569,-1.551954
RWI,381.8611,-0.8516586,1.341327,-1.552758
RWI,381.871,-0.8509421,1.341178,-1.553935
RWI,381.8794,-0.8500545,1.340928,-1.554687
RWI,381.8846,-0.8494873,1.341014,-1.555404
RWI,381.8935,-0.8489194,1.34103,-1.555744
RWI,381.9019,-0.8481261,1.341364,-1.556462
RWI,381.9095,-0.8471633,1.341917,-1.557344
RWI,381.9176,-0.8463261,1.342521,-1.558091
RWI,381.9259,-0.8454033,1.343035,-1.558774
RWI,381.9346,-0.8442448,1.343436,-1.559212
RWI,381.9425,-0.8429404,1.343795,-1.560085
RWI,381.9516,-0.8418599,1.344039,-1.560677
RWI,381.9594,-0.8408354,1.344336,-1.561479
RWI,381.9675,-0.8401074,1.344544,-1.562095
RWI,381.9761,-0.8390376,1.344755,-1.562726
RWI,381.985,-0.8380694,1.345085,-1.56353
RWI,381.9928,-0.8370337,1.345301,-1.564392
RWI,382.0013,-0.8360832,1.345638,-1.565316
RWI,382.0091,-0.8347301,1.346036,-1.566288
RWI,382.0187,-0.8335714,1.34649,-1.567208
RWI,382.0264,-0.8323371,1.347047,-1.568278
RWI,382.0347,-0.8312324,1.347585,-1.569369
RWI,382.0426,-0.8298411,1.348091,-1.570597
RWI,382.0513,-0.8285205,1.348629,-1.571668
RWI,382.0591,-0.8271502,1.349113,-1.572944
RWI,382.068,-0.8253396,1.349461,-1.574429
RWI,382.0761,-0.8239806,1.349973,-1.575803
RWI,382.0848,-0.822409,1.350353,-1.577306
RWI,382.0933,-0.8203783,1.351012,-1.57904
RWI,382.1014,-0.8186985,1.351489,-1.580576
RWI,382.1096,-0.8166301,1.352073,-1.58202
RWI,382.1176,-0.8144887,1.352623,-1.583875
RWI,382.1261,-0.8125037,1.352819,-1.585782
RWI,382.1343,-0.8103248,1.353305,-1.587645
RWI,382.1428,-0.8080349,1.353906,-1.589542
RWI,382.1516,-0.8058797,1.354009,-1.591471
RWI,382.1593,-0.8033839,1.354303,-1.593497
RWI,382.1683,-0.8007971,1.354535,-1.595586
RWI,382.1766,-0.7982091,1.354399,-1.597674
RWI,382.1851,-0.7954286,1.354364,-1.599768
RWI,382.1935,-0.7925003,1.354199,-1.602054
RWI,382.202,-0.7894815,1.353833,-1.604299
RWI,382.2099,-0.7865656,1.353794,-1.606473
RWI,382.219,-0.7835058,1.353108,-1.608954
RWI,382.228,-0.7803463,1.352584,-1.611554
RWI,382.2354,-0.777203,1.351838,-1.614105
RWI,382.2439,-0.7738938,1.350891,-1.616585
RWI,382.2518,-0.7705486,1.349822,-1.61925
RWI,382.2604,-0.767059,1.348479,-1.621885
RWI,382.2686,-0.7634854,1.347162,-1.624454
RWI,382.2766,-0.7599053,1.345555,-1.62723
RWI,382.2859,-0.7563041,1.343899,-1.629848
RWI,382.2935,-0.7525989,1.341839,-1.632616
RWI,382.303,-0.7488936,1.339145,-1.635374
RWI,382.3104,-0.7452626,1.336519,-1.638101
RWI,382.3183,-0.74178,1.333984,-1.640836
RWI,382.3273,-0.7381978,1.330467,-1.643511
RWI,382.3351,-0.7344458,1.326862,-1.646177
RWI,382.3436,-0.7309866,1.323259,-1.648603
RWI,382.3522,-0.7272831,1.319151,-1.651287
RWI,382.3603,-0.723584,1.315121,-1.654022
RWI,382.3684,-0.7196494,1.310729,-1.656414
RWI,382.3767,-0.7158948,1.306333,-1.659102
RWI,382.3858,-0.7120668,1.30166,-1.661566
RWI,382.3934,-0.7081224,1.2966,-1.66407
RWI,382.4021,-0.7043252,1.291399,-1.666404
RWI,382.4103,-0.70056,1.28568,-1.668454
RWI,382.4188,-0.6968157,1.280211,-1.670728
RWI,382.4279,-0.6932555,1.273681,-1.672823
RWI,382.4354,-0.6898824,1.267305,-1.674859
RWI,382.4435,-0.6862401,1.261018,-1.676897
RWI,382.4521,-0.6829865,1.253952,-1.678899
RWI,382.4601,-0.6793478,1.247515,-1.680768
RWI,382.4684,-0.6760448,1.240468,-1.682365
RWI,382.4765,-0.6727622,1.233235,-1.684162
RWI,382.4865,-0.669468,1.225817,-1.685785
RWI,382.4932,-0.6661758,1.218019,-1.687381
RWI,382.5034,-0.6631149,1.21017,-1.688909
RWI,382.5104,-0.6596248,1.201986,-1.690255
RWI,382.5185,-0.6567931,1.194218,-1.691643
RWI,382.5266,-0.6540062,1.185701,-1.692951
RWI,382.5353,-0.6512487,1.177116,-1.694276
RWI,382.5432,-0.6485298,1.168354,-1.695414
RWI,382.5524,-0.6459851,1.159547,-1.69674
RWI,382.5601,-0.6435188,1.150499,-1.697918
RWI,382.5688,-0.6411636,1.141403,-1.698821
RWI,382.5767,-0.6387941,1.132059,-1.699901
RWI,382.5855,-0.6368505,1.122331,-1.700629
RWI,382.5933,-0.6347281,1.112622,-1.701719
RWI,382.6021,-0.6329363,1.102985,-1.702418
RWI,382.6103,-0.6311343,1.093123,-1.703066
RWI,382.6189,-0.6296777,1.083246,-1.7037
RWI,382.628,-0.6281871,1.073125,-1.704022
RWI,382.6356,-0.626676,1.062847,-1.70461
RWI,382.6442,-0.6253587,1.052592,-1.704844
RWI,382.6519,-0.6239054,1.041971,-1.705498
RWI,382.6606,-0.6227093,1.032118,-1.70586
RWI,382.6683,-0.6214161,1.021973,-1.70645
RWI,382.6766,-0.6201296,1.012145,-1.70717
RWI,382.6856,-0.6192579,1.002465,-1.707805
RWI,382.6932,-0.6181145,0.9924293,-1.70836
RWI,382.7033,-0.6173255,0.9828901,-1.708888
RWI,382.7101,-0.6166438,0.9730465,-1.709367
RWI,382.7184,-0.6161043,0.9639153,-1.709819
RWI,382.7271,-0.6157206,0.9546,-1.710279
RWI,382.7354,-0.6157573,0.9454706,-1.71079
RWI,382.7435,-0.6155272,0.936473,-1.711093
RWI,382.7522,-0.6156591,0.9274921,-1.711551
RWI,382.7603,-0.6157435,0.9187487,-1.712018
RWI,382.7686,-0.6159161,0.9103042,-1.712454
RWI,382.7765,-0.6161103,0.9019399,-1.712849
RWI,382.7863,-0.6163608,0.8938552,-1.713237
RWI,382.7934,-0.616903,0.885731,-1.713717
RWI,382.8021,-0.6172338,0.8784361,-1.713893
RWI,382.81,-0.6177521,0.8707912,-1.714287
RWI,382.8188,-0.6184079,0.8634675,-1.714602
RWI,382.8281,-0.6189214,0.8564354,-1.714785
RWI,382.8356,-0.6197243,0.8495269,-1.715116
RWI,382.8434,-0.620373,0.8433077,-1.715111
RWI,382.8517,-0.6210923,0.8365625,-1.715279
RWI,382.8599,-0.6218489,0.8308352,-1.715426
RWI,382.8689,-0.6224518,0.8249014,-1.715605
RWI,382.8767,-0.6231819,0.8190626,-1.715917
RWI,382.8858,-0.6238667,0.8135949,-1.716312
RWI,382.8935,-0.6247915,0.808278,-1.716703
RWI,382.9025,-0.6255881,0.8031821,-1.717028
RWI,382.9104,-0.6266621,0.7987854,-1.717374
RWI,382.9186,-0.6275651,0.793892,-1.717572
RWI,382.9267,-0.6284312,0.7897875,-1.71787
RWI,382.935,-0.6292522,0.7854849,-1.718185
RWI,382.9433,-0.6300878,0.7814128,-1.718476
RWI,382.9527,-0.6309352,0.7774768,-1.718819
RWI,382.96,-0.631623,0.7733386,-1.719088
RWI,382.9683,-0.6322731,0.7698675,-1.719517
RWI,382.9768,-0.6327333,0.7662897,-1.719801
RWI,382.9856,-0.6332217,0.7629278,-1.720088
RWI,382.9936,-0.6340966,0.7592223,-1.720419
RWI,383.0018,-0.6346986,0.7560198,-1.720791
RWI,383.0097,-0.6354633,0.7529656,-1.721128
RWI,383.0189,-0.6360649,0.7500706,-1.721434
RWI,383.0268,-0.6368971,0.7471622,-1.721754
RWI,383.0352,-0.6375257,0.7443779,-1.722035
RWI,383.0439,-0.6382195,0.7419022,-1.722364
RWI,383.0516,-0.6389041,0.7391574,-1.722637
RWI,383.0605,-0.6394157,0.736755,-1.722917
RWI,383.0687,-0.6400489,0.734383,-1.723242
RWI,383.0768,-0.6406782,0.7321744,-1.723607
RWI,383.0856,-0.6413862,0.7299211,-1.723958
RWI,383.0936,-0.6420957,0.7277008,-1.724412
RWI,383.1033,-0.6428895,0.7256019,-1.724815
RWI,383.1098,-0.6436957,0.7235021,-1.725236
RWI,383.1184,-0.6444273,0.7215964,-1.725655
RWI,383.1267,-0.645337,0.7196406,-1.726132
RWI,383.1351,-0.6459875,0.7178023,-1.726608
RWI,383.1432,-0.6467384,0.716,-1.727088
RWI,383.1522,-0.6474765,0.7141926,-1.727468
RWI,383.1599,-0.6482093,0.712404,-1.727939
RWI,383.1684,-0.6489769,0.7106376,-1.728437
RWI,383.1766,-0.6496729,0.7088465,-1.729113
RWI,383.1853,-0.6505038,0.707034,-1.729753
RWI,383.1934,-0.6513811,0.7051416,-1.730338
RWI,383.202,-0.6522714,0.7033335,-1.730983
RWI,383.2099,-0.6531445,0.7014779,-1.731565
RWI,383.2188,-0.6541363,0.6994866,-1.732249
RWI,383.2275,-0.6552792,0.6975982,-1.733057
RWI,383.2354,-0.6566138,0.6955494,-1.733822
RWI,383.2433,-0.6577443,0.6936433,-1.734571
RWI,383.252,-0.6590696,0.6917607,-1.735452
RWI,383.2601,-0.6603342,0.6897814,-1.736335
RWI,383.2683,-0.6615486,0.6877041,-1.737248
RWI,383.2765,-0.6626876,0.6854927,-1.738257
RWI,383.2861,-0.6639459,0.6833034,-1.739228
RWI,383.2937,-0.6653798,0.6809375,-1.740055
RWI,383.3025,-0.6665145,0.6786824,-1.740649
RWI,383.31,-0.6677249,0.676259,-1.740989
RWI,383.3186,-0.6687513,0.6738397,-1.741004
RWI,383.3266,-0.670227,0.6715333,-1.740545
RWI,383.3353,-0.6718856,0.6687077,-1.739959
RWI,383.3435,-0.6739183,0.6665506,-1.739129
RWI,383.3521,-0.6766936,0.6654725,-1.737854
RWI,383.3603,-0.679319,0.663568,-1.737181
RWI,383.3686,-0.6824337,0.6626899,-1.736694
RWI,383.3765,-0.6851532,0.6623783,-1.73671
RWI,383.3852,-0.6873823,0.661378,-1.736493
RWI,383.3936,-0.6894586,0.6604699,-1.736649
RWI,383.4019,-0.6911286,0.6603726,-1.736774
RWI,383.4101,-0.6922927,0.6603588,-1.736586
RWI,383.419,-0.6927849,0.6614697,-1.736356
RWI,383.4273,-0.6933192,0.6614647,-1.736399
RWI,383.4352,-0.69309,0.6626936,-1.736431
RWI,383.4432,-0.6920939,0.6632326,-1.736678
RWI,383.4517,-0.6914647,0.6639866,-1.736404
RWI,383.4603,-0.6906831,0.6646053,-1.736676
RWI,383.4686,-0.6892589,0.6654495,-1.737128
RWI,383.4767,-0.6880912,0.6667808,-1.738258
RWI,383.4856,-0.6869961,0.6681995,-1.739247
RWI,383.4934,-0.685651,0.6697615,-1.739923
RWI,383.503,-0.683493,0.6714216,-1.740262
RWI,383.5099,-0.6813143,0.6731505,-1.740289
RWI,383.5183,-0.6787952,0.6749958,-1.739979
RWI,383.5265,-0.6763014,0.6769224,-1.739559
RWI,383.5352,-0.6732104,0.6789992,-1.738773
RWI,383.5435,-0.6705204,0.6813797,-1.738451
RWI,383.5521,-0.6675249,0.6840176,-1.73785
RWI,383.5603,-0.6644717,0.6868762,-1.737365
RWI,383.5701,-0.6622572,0.6894236,-1.737164
RWI,383.579,-0.6588806,0.6936641,-1.736892
RWI,383.5858,-0.656301,0.6976659,-1.736896
RWI,383.5923,-0.654696,0.7003722,-1.73725
RWI,383.6009,-0.6528374,0.7034689,-1.737155
RWI,383.6088,-0.6507827,0.7076473,-1.737451
RWI,383.6183,-0.6487634,0.7113366,-1.73778
RWI,383.6262,-0.6469133,0.7154,-1.738006
RWI,383.6344,-0.6447092,0.7195722,-1.738233
RWI,383.6431,-0.6425773,0.7237811,-1.738314
RWI,383.6515,-0.6407209,0.7286949,-1.738612
RWI,383.6592,-0.6385331,0.7334389,-1.738603
RWI,383.6679,-0.63671,0.7377271,-1.738678
RWI,383.6757,-0.6343496,0.7422529,-1.73894
RWI,383.6852,-0.6330248,0.7472375,-1.739475
RWI,383.6923,-0.63113,0.7518611,-1.73964
RWI,383.702,-0.6293522,0.7567906,-1.740454
RWI,383.7091,-0.6273075,0.7615656,-1.740722
RWI,383.7175,-0.625707,0.7664361,-1.741151
RWI,383.7254,-0.6238263,0.7710958,-1.741469
RWI,383.734,-0.6218985,0.7757868,-1.741874
RWI,383.7423,-0.6202663,0.7804458,-1.742289
RWI,383.7521,-0.6186031,0.7851187,-1.742617
RWI,383.759,-0.6174836,0.7899538,-1.743492
RWI,383.7675,-0.6160948,0.794597,-1.743896
RWI,383.7759,-0.615412,0.7991064,-1.744614
RWI,383.7845,-0.6147372,0.8036269,-1.74531
RWI,383.7924,-0.6140861,0.8082232,-1.746213
RWI,383.801,-0.6136427,0.8124937,-1.747004
RWI,383.8088,-0.6131058,0.8167968,-1.747916
RWI,383.8182,-0.6126143,0.8209798,-1.748758
RWI,383.8264,-0.6122399,0.8250421,-1.749555
RWI,383.8343,-0.611832,0.8291207,-1.750446
RWI,383.8425,-0.611469,0.833182,-1.751325
RWI,383.8508,-0.6113235,0.8372248,-1.752024
RWI,383.8589,-0.6110407,0.8413293,-1.752746
RWI,383.868,-0.6109697,0.8453614,-1.753545
RWI,383.8785,-0.6111431,0.8493413,-1.754344
RWI,383.8884,-0.6114408,0.8546478,-1.755299
RWI,383.894,-0.6116746,0.8589167,-1.756046
RWI,383.8992,-0.6121163,0.8618851,-1.756589
RWI,383.9087,-0.6123614,0.8643872,-1.757027
RWI,383.916,-0.6128556,0.868019,-1.757941
RWI,383.9245,-0.6135657,0.871573,-1.758775
RWI,383.9328,-0.6144031,0.8752413,-1.759784
RWI,383.9413,-0.6151306,0.8788985,-1.760633
RWI,383.9499,-0.6164193,0.8826593,-1.761477
RWI,383.9583,-0.6173931,0.8866324,-1.762369
RWI,383.9661,-0.6185737,0.890607,-1.763094
RWI,383.9746,-0.6195456,0.8945251,-1.763776
RWI,383.9836,-0.6204592,0.8986517,-1.764546
RWI,383.9911,-0.6213735,0.9028456,-1.764885
RWI,383.9998,-0.6221958,0.9072964,-1.765344
RWI,384.0079,-0.6230142,0.9116576,-1.765831
RWI,384.0164,-0.6239721,0.9161779,-1.76618
RWI,384.0249,-0.6251203,0.9207164,-1.766489
RWI,384.0331,-0.6261688,0.9256629,-1.766602
RWI,384.0413,-0.6273209,0.9303041,-1.766818
RWI,384.0494,-0.6286228,0.9351867,-1.767006
RWI,384.058,-0.630051,0.9402692,-1.766882
RWI,384.066,-0.6314023,0.9453472,-1.766911
RWI,384.0745,-0.6327701,0.9504906,-1.766713
RWI,384.0836,-0.6339979,0.9560115,-1.76641
RWI,384.0915,-0.6354646,0.9613457,-1.766114
RWI,384.0997,-0.6368256,0.9666917,-1.765768
RWI,384.108,-0.6382578,0.9721019,-1.765319
RWI,384.1164,-0.6398536,0.9778431,-1.764848
RWI,384.1243,-0.6415097,0.9835501,-1.764333
RWI,384.1329,-0.6432296,0.9894362,-1.76391
RWI,384.141,-0.6451114,0.9953964,-1.76345
RWI,384.1505,-0.64704,1.001387,-1.762958
RWI,384.1578,-0.6490818,1.007572,-1.762466
RWI,384.1666,-0.6513125,1.014024,-1.762093
RWI,384.175,-0.6533987,1.020187,-1.761622
RWI,384.1839,-0.6556696,1.02664,-1.761233
RWI,384.1919,-0.658409,1.033336,-1.761009
RWI,384.2005,-0.6608284,1.039941,-1.760772
RWI,384.2089,-0.6631687,1.046611,-1.760466
RWI,384.2176,-0.665732,1.053006,-1.760184
RWI,384.2263,-0.6682248,1.05938,-1.76001
RWI,384.2343,-0.6708726,1.065589,-1.759838
RWI,384.2429,-0.6737139,1.071798,-1.7597
RWI,384.2512,-0.6764883,1.077817,-1.759551
RWI,384.2596,-0.6789906,1.083989,-1.759477
RWI,384.2681,-0.6816509,1.089888,-1.759353
RWI,384.2762,-0.684366,1.09575,-1.75929
RWI,384.2855,-0.6867006,1.101639,-1.759143
RWI,384.2932,-0.6891254,1.107573,-1.758877
RWI,384.3029,-0.6912192,1.113274,-1.758624
RWI,384.3099,-0.6937228,1.118937,-1.758232
RWI,384.3178,-0.696179,1.123972,-1.75769
RWI,384.3268,-0.6988895,1.129058,-1.756968
RWI,384.3348,-0.7014503,1.134272,-1.756462
RWI,384.343,-0.7049763,1.138293,-1.755476
RWI,384.352,-0.7080858,1.142797,-1.75457
RWI,384.3599,-0.7110516,1.14734,-1.753576
RWI,384.368,-0.7139401,1.152059,-1.752774
RWI,384.3766,-0.7165396,1.156739,-1.751899
RWI,384.3851,-0.7188904,1.161504,-1.750869
RWI,384.3931,-0.7211125,1.166402,-1.749816
RWI,384.4016,-0.7232053,1.171383,-1.748619
RWI,384.4097,-0.7256137,1.176005,-1.747448
RWI,384.4191,-0.7282144,1.180259,-1.745995
RWI,384.4273,-0.7307979,1.184525,-1.744437
RWI,384.4348,-0.7339859,1.188448,-1.742419
RWI,384.4432,-0.7370685,1.192225,-1.740618
RWI,384.4517,-0.740144,1.196082,-1.738742
RWI,384.4599,-0.7430388,1.199662,-1.736842
RWI,384.4683,-0.7456543,1.20356,-1.734978
RWI,384.4763,-0.7477324,1.207998,-1.73315
RWI,384.4858,-0.7499911,1.212228,-1.731145
RWI,384.4933,-0.7522215,1.21664,-1.72928
RWI,384.5027,-0.7541395,1.220954,-1.727168
RWI,384.5099,-0.7564376,1.224992,-1.724949
RWI,384.5182,-0.7586129,1.228841,-1.722679
RWI,384.5263,-0.7608671,1.232758,-1.720372
RWI,384.5348,-0.7636019,1.235897,-1.717786
RWI,384.5432,-0.7659959,1.239477,-1.715325
RWI,384.5527,-0.7685298,1.242871,-1.712785
RWI,384.5597,-0.7710506,1.24625,-1.710399
RWI,384.5683,-0.7731537,1.249782,-1.708184
RWI,384.5762,-0.7748764,1.253906,-1.705993
RWI,384.5854,-0.7767677,1.257916,-1.70389
RWI,384.5929,-0.7785293,1.262174,-1.701711
RWI,384.6014,-0.780171,1.265841,-1.699579
RWI,384.6096,-0.7820297,1.269535,-1.697252
RWI,384.6187,-0.7839715,1.272975,-1.694723
RWI,384.6277,-0.7858534,1.276078,-1.692248
RWI,384.6348,-0.7877251,1.278669,-1.689691
RWI,384.6437,-0.7896801,1.281276,-1.687228
RWI,384.6521,-0.7917372,1.284069,-1.684787
RWI,384.6599,-0.7936486,1.286826,-1.682544
RWI,384.6684,-0.7952988,1.289616,-1.680634
RWI,384.6763,-0.7970684,1.29266,-1.678745
RWI,384.6849,-0.7988313,1.29582,-1.677009
RWI,384.6928,-0.8002825,1.299267,-1.675393
RWI,384.7026,-0.8021562,1.302552,-1.673309
RWI,384.7101,-0.8034055,1.305295,-1.671304
RWI,384.7179,-0.8047634,1.30779,-1.669204
RWI,384.726,-0.8059027,1.309871,-1.667106
RWI,384.7357,-0.8072358,1.311561,-1.665177
RWI,384.7436,-0.8085679,1.313326,-1.66326
RWI,384.7513,-0.8101192,1.314764,-1.661507
RWI,384.7595,-0.811619,1.316331,-1.659871
RWI,384.7683,-0.8131073,1.318097,-1.658452
RWI,384.7762,-0.8145242,1.319914,-1.657149
RWI,384.7851,-0.8158588,1.321991,-1.656349
RWI,384.793,-0.816926,1.324257,-1.65527
RWI,384.802,-0.8180113,1.326243,-1.654305
RWI,384.8095,-0.8189816,1.328082,-1.653172
RWI,384.8178,-0.820078,1.329744,-1.652077
RWI,384.8266,-0.820964,1.331281,-1.650959
RWI,384.8349,-0.8218352,1.332178,-1.6499
RWI,384.8428,-0.8226343,1.332976,-1.648879
RWI,384.8515,-0.8236638,1.333854,-1.648091
RWI,384.8598,-0.8245704,1.334808,-1.64742
RWI,384.8683,-0.8254236,1.335587,-1.647002
RWI,384.8767,-0.8261706,1.336739,-1.64651
RWI,384.8846,-0.8269386,1.337808,-1.646231
RWI,384.8932,-0.8275867,1.338899,-1.645926
RWI,384.9023,-0.8281327,1.339994,-1.645738
RWI,384.9099,-0.8286908,1.340911,-1.645608
RWI,384.9181,-0.8291318,1.341888,-1.645397
RWI,384.9263,-0.8295441,1.342337,-1.645503
RWI,384.935,-0.8299603,1.343076,-1.64536
RWI,384.9437,-0.8303014,1.34362,-1.645305
RWI,384.9511,-0.8306672,1.343983,-1.645284
RWI,384.9597,-0.8308117,1.344178,-1.645353
RWI,384.9681,-0.8312203,1.344181,-1.645506
RWI,384.9763,-0.8315954,1.344447,-1.645484
RWI,384.9846,-0.8316965,1.344269,-1.645649
RWI,384.9927,-0.8318349,1.344252,-1.645787
RWI,385.0019,-0.8320097,1.344285,-1.64594
RWI,385.0093,-0.8319601,1.344248,-1.646412
RWI,385.018,-0.8320078,1.344213,-1.6468
RWI,385.0266,-0.832085,1.344335,-1.647202
RWI,385.0345,-0.8320015,1.344311,-1.647577
RWI,385.0435,-0.8318356,1.344392,-1.647874
RWI,385.0513,-0.8315688,1.34446,-1.648281
RWI,385.0598,-0.8312175,1.344336,-1.648627
RWI,385.0682,-0.8307821,1.344069,-1.648883
RWI,385.0761,-0.8303126,1.343759,-1.649307
RWI,385.0848,-0.8299892,1.343422,-1.649739
RWI,385.093,-0.8299332,1.342914,-1.650234
RWI,385.1019,-0.8294495,1.342685,-1.650746
RWI,385.1098,-0.8290977,1.342418,-1.65115
RWI,385.118,-0.8286158,1.342178,-1.651707
RWI,385.1263,-0.8282049,1.341962,-1.652237
RWI,385.1349,-0.827794,1.341708,-1.652734
RWI,385.1436,-0.8272708,1.341395,-1.653246
RWI,385.1516,-0.8268753,1.341065,-1.65374
RWI,385.1595,-0.8264198,1.340757,-1.654192
RWI,385.168,-0.8258615,1.340301,-1.654562
RWI,385.1762,-0.8253859,1.339657,-1.654867
RWI,385.1847,-0.8248644,1.339182,-1.655227
RWI,385.1928,-0.8245373,1.338394,-1.655707
RWI,385.2018,-0.8239958,1.337986,-1.655902
RWI,385.2094,-0.8234085,1.33755,-1.656281
RWI,385.2182,-0.8228566,1.336938,-1.656605
RWI,385.2266,-0.8223426,1.336458,-1.657067
RWI,385.2346,-0.8218495,1.335967,-1.657403
RWI,385.243,-0.8212562,1.335597,-1.657633
RWI,385.2515,-0.8207738,1.335232,-1.658012
RWI,385.2599,-0.8201871,1.334765,-1.65808
RWI,385.2684,-0.8195188,1.334527,-1.658325
RWI,385.2762,-0.8189361,1.333939,-1.658555
RWI,385.2845,-0.8183705,1.333422,-1.658788
RWI,385.2928,-0.8178096,1.332926,-1.658918
RWI,385.3021,-0.817178,1.332443,-1.659132
RWI,385.3098,-0.8168028,1.331936,-1.659397
RWI,385.318,-0.8162466,1.331589,-1.659603
RWI,385.3263,-0.8157567,1.331375,-1.659847
RWI,385.3352,-0.8153358,1.330921,-1.660114
RWI,385.3438,-0.8149812,1.330777,-1.660249
RWI,385.3511,-0.8143753,1.330607,-1.66036
RWI,385.3597,-0.8139417,1.330298,-1.660448
RWI,385.3677,-0.8133544,1.330238,-1.660543
RWI,385.3762,-0.8129026,1.329842,-1.660558
RWI,385.3846,-0.8124198,1.329435,-1.66066
RWI,385.3928,-0.811974,1.329048,-1.660584
RWI,385.4017,-0.811521,1.328689,-1.660778
RWI,385.4097,-0.811128,1.328296,-1.660877
RWI,385.4182,-0.8107131,1.328068,-1.660973
RWI,385.4263,-0.8103007,1.327818,-1.661076
RWI,385.4346,-0.8099473,1.327575,-1.66123
RWI,385.4427,-0.8095123,1.327395,-1.661353
RWI,385.4513,-0.8091199,1.327273,-1.661493
RWI,385.46,-0.8087711,1.327203,-1.661602
RWI,385.4677,-0.8083723,1.32702,-1.661736
RWI,385.4762,-0.8080021,1.326983,-1.661819
RWI,385.4846,-0.807619,1.326851,-1.661923
RWI,385.493,-0.8076063,1.326592,-1.662014
RWI,385.5022,-0.807408,1.326437,-1.662193
RWI,385.5098,-0.8071586,1.326266,-1.662278
RWI,385.5181,-0.8070607,1.325992,-1.66237
RWI,385.5259,-0.8068773,1.325776,-1.662447
RWI,385.535,-0.8067695,1.325368,-1.662489
RWI,385.5437,-0.8064922,1.325352,-1.662593
RWI,385.551,-0.8062665,1.325164,-1.662696
RWI,385.5593,-0.8061272,1.325212,-1.662886
RWI,385.5678,-0.8059257,1.325151,-1.663001
RWI,385.5766,-0.8058315,1.325052,-1.66324
RWI,385.5845,-0.8057728,1.324893,-1.663369
RWI,385.593,-0.8056582,1.324851,-1.663507
RWI,385.6017,-0.8056931,1.324671,-1.66372
RWI,385.6093,-0.8057428,1.324553,-1.663958
RWI,385.6182,-0.8056982,1.324417,-1.664131
RWI,385.6269,-0.8057579,1.324173,-1.664315
RWI,385.6347,-0.8057597,1.324017,-1.664493
RWI,385.6429,-0.8057886,1.323774,-1.664654
RWI,385.6548,-0.8059185,1.323519,-1.664864
RWI,385.6605,-0.8060304,1.323261,-1.6651
RWI,385.6686,-0.8060408,1.323113,-1.665264
RWI,385.6764,-0.8061053,1.322871,-1.665473
RWI,385.6847,-0.8063082,1.322647,-1.665722
RWI,385.6927,-0.8065583,1.322416,-1.665823
RWI,385.7018,-0.806706,1.322202,-1.665956
RWI,385.7095,-0.806838,1.322014,-1.666031
RWI,385.7178,-0.8069825,1.321777,-1.666202
RWI,385.726,-0.8070756,1.32151,-1.666219
RWI,385.7351,-0.807194,1.321319,-1.666322
RWI,385.7435,-0.807373,1.321298,-1.66642
RWI,385.7514,-0.8074421,1.321187,-1.666467
RWI,385.7592,-0.8075746,1.321126,-1.666577
RWI,385.7679,-0.8077392,1.321006,-1.666574
RWI,385.776,-0.8079466,1.320768,-1.666632
RWI,385.7844,-0.8081622,1.320566,-1.666527
RWI,385.7926,-0.8083642,1.320356,-1.666433
RWI,385.8017,-0.8085734,1.320001,-1.666357
RWI,385.8097,-0.8088337,1.319817,-1.666327
RWI,385.8175,-0.809002,1.319586,-1.666258
RWI,385.8267,-0.8091847,1.319439,-1.666167
RWI,385.8344,-0.809361,1.319318,-1.66612
RWI,385.8428,-0.8095225,1.31916,-1.666057
RWI,385.8513,-0.8097404,1.319154,-1.666026
RWI,385.859,-0.8100414,1.319273,-1.665874
RWI,385.8681,-0.8101851,1.319077,-1.665802
RWI,385.8766,-0.8103557,1.31901,-1.665721
RWI,385.8844,-0.8105156,1.319078,-1.665553
RWI,385.8931,-0.8106923,1.318949,-1.665396
RWI,385.9023,-0.8107803,1.318739,-1.665247
RWI,385.9093,-0.8108919,1.318697,-1.665062
RWI,385.9175,-0.8110391,1.318566,-1.664863
RWI,385.9263,-0.8111919,1.318517,-1.664632
RWI,385.9349,-0.811286,1.318386,-1.664465
RWI,385.9434,-0.8114653,1.318283,-1.664266
RWI,385.9511,-0.8115079,1.318128,-1.663953
RWI,385.9593,-0.811695,1.318034,-1.663765
RWI,385.9676,-0.8119898,1.317812,-1.663719
RWI,385.9761,-0.8122211,1.317799,-1.663499
RWI,385.9846,-0.8124243,1.317692,-1.663369
RWI,385.9925,-0.812566,1.317583,-1.663315
RWI,386.0023,-0.8126801,1.317517,-1.663179
RWI,386.0092,-0.8127558,1.317564,-1.663013
RWI,386.018,-0.8129464,1.317575,-1.662981
RWI,386.0263,-0.8129233,1.317691,-1.662806
RWI,386.0346,-0.8130859,1.317532,-1.662643
RWI,386.0426,-0.8133403,1.317366,-1.662522
RWI,386.0518,-0.8135332,1.317271,-1.662438
RWI,386.0592,-0.8138218,1.317122,-1.66242
RWI,386.0681,-0.8140417,1.316964,-1.662379
RWI,386.0759,-0.8141985,1.316926,-1.662372
RWI,386.0849,-0.8142899,1.316899,-1.662338
RWI,386.0926,-0.8142626,1.316901,-1.662235
RWI,386.1018,-0.8143599,1.316859,-1.662122
RWI,386.1093,-0.8144312,1.316815,-1.662039
RWI,386.1176,-0.8145417,1.316886,-1.661863
RWI,386.1261,-0.8146423,1.316853,-1.661764
RWI,386.1352,-0.8146612,1.316968,-1.661618
RWI,386.1439,-0.8148481,1.316851,-1.661504
RWI,386.1513,-0.8149826,1.316776,-1.661376
RWI,386.1595,-0.8149774,1.316763,-1.661161
RWI,386.1677,-0.8150592,1.316736,-1.661014
RWI,386.1762,-0.8150849,1.316714,-1.660923
RWI,386.1844,-0.8151207,1.316717,-1.660748
RWI,386.1925,-0.8153827,1.316485,-1.660716
RWI,386.2021,-0.8155159,1.316618,-1.660549
RWI,386.2096,-0.8155882,1.316677,-1.660429
RWI,386.2178,-0.8157088,1.316744,-1.66026
RWI,386.2263,-0.8157689,1.316794,-1.660135
RWI,386.2343,-0.8158779,1.316864,-1.660043
RWI,386.2428,-0.8159441,1.316846,-1.659915
RWI,386.251,-0.8160108,1.316863,-1.659811
RWI,386.2598,-0.8162411,1.316799,-1.659657
RWI,386.2681,-0.8163282,1.316707,-1.659509
RWI,386.2761,-0.8164068,1.316506,-1.659346
RWI,386.2844,-0.8165027,1.316458,-1.659204
RWI,386.2928,-0.8165209,1.316467,-1.659135
RWI,386.302,-0.8166377,1.316411,-1.65898
RWI,386.3095,-0.8167009,1.316446,-1.658832
RWI,386.3177,-0.816835,1.316636,-1.65865
RWI,386.326,-0.81686,1.31667,-1.658473
RWI,386.3349,-0.8168268,1.316756,-1.658226
RWI,386.3434,-0.8169651,1.316794,-1.658022
RWI,386.351,-0.8170334,1.316637,-1.65771
RWI,386.3596,-0.8170979,1.316591,-1.65755
RWI,386.3676,-0.817219,1.316386,-1.657343
RWI,386.3763,-0.8172218,1.316261,-1.657119
RWI,386.3842,-0.8172947,1.316197,-1.656897
RWI,386.3925,-0.817278,1.31613,-1.656687
RWI,386.4019,-0.8173746,1.316162,-1.656478
RWI,386.4096,-0.8174133,1.316166,-1.656305
RWI,386.418,-0.8174956,1.316164,-1.656142
RWI,386.4262,-0.8175364,1.316094,-1.655975
RWI,386.4344,-0.8175671,1.316017,-1.655809
RWI,386.4427,-0.8175617,1.315961,-1.655632
RWI,386.4513,-0.817505,1.315852,-1.6554
RWI,386.4592,-0.817596,1.315631,-1.655193
RWI,386.4683,-0.8176785,1.315446,-1.655021
RWI,386.4762,-0.8176913,1.315254,-1.654754
RWI,386.4845,-0.8176546,1.315044,-1.654563
RWI,386.4928,-0.8175589,1.314976,-1.654302
RWI,386.5022,-0.817587,1.31473,-1.654176
RWI,386.5099,-0.8176063,1.314621,-1.653954
RWI,386.5176,-0.817596,1.314474,-1.653772
RWI,386.5258,-0.8177196,1.314306,-1.65359
RWI,386.535,-0.8176654,1.314251,-1.653387
RWI,386.5435,-0.817712,1.314068,-1.653157
RWI,386.551,-0.8176968,1.313848,-1.652949
RWI,386.5591,-0.8176764,1.313732,-1.652751
RWI,386.5676,-0.8176362,1.313613,-1.652567
RWI,386.576,-0.8176851,1.313468,-1.652417
RWI,386.5844,-0.8176988,1.313369,-1.652291
RWI,386.5929,-0.8174379,1.313345,-1.652116
RWI,386.6015,-0.8174453,1.313211,-1.651924
RWI,386.6092,-0.8174016,1.313054,-1.651746
RWI,386.618,-0.8172963,1.312976,-1.651523
RWI,386.627,-0.8172283,1.312859,-1.651327
RWI,386.6343,-0.8172932,1.312629,-1.651093
RWI,386.6431,-0.8172414,1.312493,-1.650887
RWI,386.6514,-0.8172651,1.312258,-1.650725
RWI,386.6595,-0.8172655,1.312171,-1.650637
RWI,386.6682,-0.8171695,1.312149,-1.650499
RWI,386.6762,-0.8172164,1.312138,-1.650416
RWI,386.6843,-0.8171279,1.312152,-1.65031
RWI,386.6924,-0.8170685,1.312125,-1.650201
RWI,386.7019,-0.8171814,1.312213,-1.650056
RWI,386.7096,-0.8171917,1.312125,-1.649989
RWI,386.7177,-0.8171184,1.312115,-1.649886
RWI,386.726,-0.8172339,1.311983,-1.649926
RWI,386.7346,-0.8172508,1.311923,-1.649928
RWI,386.7432,-0.817259,1.311902,-1.649958
RWI,386.7509,-0.8173118,1.311802,-1.650044
RWI,386.7595,-0.817333,1.311756,-1.650106
RWI,386.7676,-0.8173423,1.311705,-1.650131
RWI,386.776,-0.8174596,1.311636,-1.650172
RWI,386.7845,-0.8174736,1.311539,-1.650256
RWI,386.7925,-0.817539,1.311535,-1.650263
RWI,386.8026,-0.8175501,1.311497,-1.650347
RWI,386.8089,-0.8175598,1.311547,-1.650445
RWI,386.8178,-0.8176131,1.311541,-1.650587
RWI,386.8268,-0.8177024,1.311382,-1.650745
RWI,386.8375,-0.8177559,1.311407,-1.650864
RWI,386.8467,-0.8178171,1.311383,-1.651099
RWI,386.8523,-0.8178644,1.311391,-1.651259
RWI,386.8569,-0.8178533,1.311388,-1.651351
RWI,386.866,-0.8178203,1.311391,-1.651448
RWI,386.8737,-0.8177746,1.311458,-1.651553
RWI,386.8826,-0.8177707,1.31148,-1.651698
RWI,386.8905,-0.8178135,1.311495,-1.651789
RWI,386.8988,-0.8178331,1.311517,-1.651949
RWI,386.9076,-0.8179181,1.311455,-1.652125
RWI,386.9158,-0.8179234,1.311458,-1.652221
RWI,386.9239,-0.8179261,1.311404,-1.652329
RWI,386.9328,-0.8179097,1.311297,-1.652483
RWI,386.9413,-0.8179017,1.311247,-1.652622
RWI,386.9489,-0.8177822,1.311232,-1.652685
RWI,386.957,-0.8177701,1.31126,-1.652841
RWI,386.9655,-0.8177711,1.311221,-1.652969
RWI,386.9739,-0.8178455,1.311319,-1.65302
RWI,386.9825,-0.8178275,1.311267,-1.653146
RWI,386.9902,-0.8178122,1.311201,-1.653292
RWI,386.9992,-0.8178688,1.31113,-1.653444
RWI,387.0071,-0.8178213,1.311105,-1.653603
RWI,387.0455,-0.8177803,1.311208,-1.653854
RWI,387.052,-0.8177553,1.311025,-1.654588
RWI,387.0572,-0.8177215,1.311041,-1.654698
RWI,387.066,-0.8176928,1.311044,-1.654813
RWI,387.0738,-0.8176512,1.311122,-1.65503
RWI,387.0824,-0.8176304,1.311125,-1.65514
RWI,387.0909,-0.8176149,1.311221,-1.65546
RWI,387.0987,-0.8174958,1.31139,-1.655683
RWI,387.1071,-0.8174366,1.311378,-1.655985
RWI,387.1152,-0.8173812,1.311414,-1.656244
RWI,387.1238,-0.8173654,1.311385,-1.656498
RWI,387.1328,-0.8173009,1.311338,-1.656818
RWI,387.1411,-0.8172702,1.311324,-1.657085
RWI,387.1487,-0.8171732,1.311336,-1.6574
RWI,387.1573,-0.8172033,1.311271,-1.657708
RWI,387.1654,-0.8171986,1.311303,-1.658015
RWI,387.1738,-0.8171172,1.311459,-1.658357
RWI,387.1822,-0.8170946,1.311416,-1.65874
RWI,387.1904,-0.8170348,1.31143,-1.659153
RWI,387.1991,-0.8169809,1.311399,-1.659599
RWI,387.2073,-0.8168201,1.311596,-1.66002
RWI,387.2153,-0.8170185,1.311399,-1.660496
RWI,387.2243,-0.8169983,1.311317,-1.66091
RWI,387.232,-0.8170351,1.311156,-1.661297
RWI,387.2402,-0.8169764,1.311126,-1.661724
RWI,387.249,-0.8170331,1.311027,-1.662027
RWI,387.257,-0.8170133,1.310933,-1.662421
RWI,387.2657,-0.8169525,1.310753,-1.662691
RWI,387.2738,-0.8169101,1.310694,-1.663033
RWI,387.2821,-0.816901,1.310467,-1.663497
RWI,387.2905,-0.8168336,1.310342,-1.663828
RWI,387.299,-0.8167449,1.310322,-1.663933
RWI,387.3072,-0.8166412,1.310224,-1.664206
RWI,387.3156,-0.8166296,1.30993,-1.664403
RWI,387.3235,-0.8164751,1.309721,-1.664515
RWI,387.3327,-0.8165312,1.309422,-1.664716
RWI,387.341,-0.8164675,1.30918,-1.664861
RWI,387.3488,-0.8164117,1.309066,-1.664999
RWI,387.3569,-0.8162827,1.309019,-1.665096
RWI,387.3653,-0.816097,1.308891,-1.665068
RWI,387.3735,-0.8159722,1.308744,-1.66513
RWI,387.3822,-0.8159356,1.308576,-1.665226
RWI,387.3903,-0.8157828,1.308445,-1.665134
RWI,387.3991,-0.8157752,1.308218,-1.665254
RWI,387.4071,-0.8156615,1.308061,-1.665167
RWI,387.4152,-0.815604,1.307884,-1.665104
RWI,387.4245,-0.8154513,1.307724,-1.665073
RWI,387.4318,-0.8154558,1.307387,-1.664994
RWI,387.4403,-0.8153773,1.307284,-1.664994
RWI,387.4489,-0.8152208,1.307245,-1.6649
RWI,387.4571,-0.8151155,1.307149,-1.664891
RWI,387.4656,-0.8149426,1.307017,-1.664815
RWI,387.4739,-0.8147136,1.307115,-1.664731
RWI,387.4819,-0.8145621,1.306944,-1.664545
RWI,387.4901,-0.8145992,1.306743,-1.664566
RWI,387.4985,-0.8145698,1.306518,-1.664464
RWI,387.5074,-0.8144704,1.306273,-1.664382
RWI,387.5156,-0.8144685,1.306062,-1.664371
RWI,387.5238,-0.8144521,1.305815,-1.66428
RWI,387.5322,-0.8143213,1.305635,-1.664182
RWI,387.5419,-0.8142349,1.305453,-1.664104
RWI,387.5504,-0.8142755,1.305266,-1.664073
RWI,387.558,-0.8139527,1.305257,-1.6639
RWI,387.5674,-0.8138613,1.305116,-1.663826
RWI,387.5756,-0.8137844,1.305096,-1.663831
RWI,387.5843,-0.813785,1.305047,-1.663796
RWI,387.5927,-0.8136904,1.304965,-1.663736
RWI,387.6016,-0.8136287,1.304767,-1.663598
RWI,387.6089,-0.8135893,1.30467,-1.663457
RWI,387.6177,-0.8135374,1.304435,-1.663381
RWI,387.626,-0.8135359,1.304362,-1.663216
RWI,387.634,-0.8135005,1.304403,-1.663039
RWI,387.6432,-0.8134198,1.304295,-1.66297
RWI,387.6509,-0.8133579,1.304248,-1.662824
RWI,387.6593,-0.8131596,1.304354,-1.662694
RWI,387.6683,-0.8130564,1.304292,-1.662673
RWI,387.6759,-0.8130661,1.304292,-1.662647
RWI,387.6841,-0.8130534,1.30428,-1.662588
RWI,387.6925,-0.8130458,1.304321,-1.662538
RWI,387.7011,-0.8130014,1.3043,-1.662463
RWI,387.7094,-0.8130351,1.304259,-1.66257
RWI,387.7179,-0.8129776,1.304162,-1.662533
RWI,387.7257,-0.8129953,1.304204,-1.662401
RWI,387.7349,-0.8129985,1.304186,-1.662408
RWI,387.7431,-0.8130066,1.304162,-1.662354
RWI,387.7509,-0.8130386,1.304075,-1.662339
RWI,387.7593,-0.8129418,1.304269,-1.662364
RWI,387.7675,-0.812931,1.304236,-1.662372
RWI,387.7756,-0.8130183,1.304225,-1.662468
RWI,387.7841,-0.8130124,1.304252,-1.662539
RWI,387.7925,-0.8131981,1.304234,-1.662792
RWI,387.8011,-0.8132256,1.304263,-1.662846
RWI,387.8087,-0.8131259,1.304329,-1.662862
RWI,387.8176,-0.8130641,1.304275,-1.66296
RWI,387.8261,-0.8130701,1.304271,-1.663043
RWI,387.8342,-0.812973,1.304294,-1.663021
RWI,387.8427,-0.812956,1.304268,-1.663093
RWI,387.8506,-0.812964,1.304234,-1.663162
RWI,387.8588,-0.8129393,1.304158,-1.663159
RWI,387.8682,-0.8130584,1.30403,-1.663291
RWI,387.8761,-0.8131218,1.30394,-1.66328
RWI,387.8839,-0.8132076,1.303811,-1.663357
RWI,387.8923,-0.8132536,1.303761,-1.663403
RWI,387.9011,-0.8133394,1.303708,-1.663365
RWI,387.9095,-0.8131879,1.303645,-1.66337
RWI,387.9175,-0.8133074,1.303666,-1.663422
RWI,387.9261,-0.8133977,1.303594,-1.663431
RWI,387.9345,-0.8135414,1.303649,-1.663351
RWI,387.9431,-0.8136813,1.303631,-1.663389
RWI,387.9507,-0.8137811,1.303684,-1.663273
RWI,387.9588,-0.8138585,1.303645,-1.66324
RWI,387.9672,-0.8140492,1.30353,-1.663191
RWI,387.9758,-0.8141752,1.303529,-1.663218
RWI,387.9839,-0.8143137,1.303521,-1.663202
RWI,387.9922,-0.814464,1.303378,-1.663199
RWI,388.0023,-0.8145877,1.303357,-1.663172
RWI,388.0091,-0.8146893,1.303365,-1.663101
RWI,388.0173,-0.8148667,1.3034,-1.663061
RWI,388.026,-0.8148199,1.303573,-1.662854
RWI,388.0345,-0.8148397,1.303479,-1.662859
RWI,388.0421,-0.8149766,1.303453,-1.662845
RWI,388.0514,-0.8150918,1.303442,-1.662832
RWI,388.0587,-0.8153255,1.303521,-1.66276
RWI,388.0684,-0.8155338,1.303493,-1.662741
RWI,388.0756,-0.81558,1.303411,-1.662788
RWI,388.0843,-0.8156741,1.303434,-1.66282
RWI,388.0922,-0.8159389,1.303432,-1.662873
RWI,388.1014,-0.8160361,1.303431,-1.662882
RWI,388.109,-0.8161588,1.303309,-1.662975
RWI,388.1173,-0.8162613,1.303271,-1.663008
RWI,388.1256,-0.8162745,1.303305,-1.66303
RWI,388.1349,-0.8163791,1.303332,-1.663129
RWI,388.1433,-0.8164159,1.303348,-1.663203
RWI,388.1508,-0.8165053,1.303455,-1.663237
RWI,388.1589,-0.8165443,1.30346,-1.663311
RWI,388.1673,-0.8166782,1.303434,-1.663498
RWI,388.1754,-0.8167443,1.303304,-1.663469
RWI,388.184,-0.8166114,1.303304,-1.663577
RWI,388.1926,-0.8167148,1.303125,-1.663709
RWI,388.2011,-0.8167477,1.303066,-1.663841
RWI,388.2092,-0.8168246,1.303027,-1.663882
RWI,388.2173,-0.8169833,1.302902,-1.663997
RWI,388.226,-0.8170153,1.302728,-1.663944
RWI,388.2339,-0.8171863,1.302496,-1.663982
RWI,388.2421,-0.817241,1.302339,-1.664054
RWI,388.2506,-0.8172235,1.302324,-1.664127
RWI,388.2589,-0.8171997,1.302237,-1.664232
RWI,388.2686,-0.8171959,1.302075,-1.664447
RWI,388.2757,-0.8171513,1.30198,-1.664604
RWI,388.2839,-0.8173108,1.301872,-1.664825
RWI,388.2924,-0.8172786,1.301765,-1.66502
RWI,388.3014,-0.8172539,1.301657,-1.665212
RWI,388.309,-0.8173347,1.301652,-1.665362
RWI,388.3174,-0.8173488,1.301505,-1.665543
RWI,388.3255,-0.8172569,1.301355,-1.665722
RWI,388.3342,-0.8172056,1.301284,-1.665928
RWI,388.3432,-0.817083,1.301107,-1.66618
RWI,388.3506,-0.8168479,1.30109,-1.666382
RWI,388.3589,-0.8167233,1.301005,-1.666614
RWI,388.3672,-0.8166073,1.300861,-1.666793
RWI,388.3756,-0.8164822,1.300654,-1.667033
RWI,388.3846,-0.816361,1.300529,-1.667247
RWI,388.3923,-0.8162556,1.300288,-1.667544
RWI,388.4009,-0.8161241,1.300254,-1.667767
RWI,388.4089,-0.8158986,1.300259,-1.668056
RWI,388.4175,-0.815869,1.3003,-1.668349
RWI,388.426,-0.8157117,1.300221,-1.6686
RWI,388.4339,-0.815567,1.300128,-1.668836
RWI,388.4423,-0.8154248,1.29993,-1.669022
RWI,388.4504,-0.8152046,1.299741,-1.669208
RWI,388.4588,-0.8150261,1.299562,-1.669435
RWI,388.4682,-0.8148835,1.299353,-1.669747
RWI,388.4755,-0.8147632,1.299058,-1.670206
RWI,388.4838,-0.8146594,1.298923,-1.670602
RWI,388.4924,-0.8145433,1.298663,-1.671127
RWI,388.5011,-0.8146254,1.298262,-1.67192
RWI,388.5089,-0.8145515,1.297864,-1.672582
RWI,388.5176,-0.8147602,1.29718,-1.673647
RWI,388.5255,-0.8150675,1.296406,-1.674763
RWI,388.5346,-0.8153883,1.295385,-1.676192
RWI,388.5432,-0.8157948,1.294071,-1.677754
RWI,388.5506,-0.8163239,1.292742,-1.679272
RWI,388.5589,-0.8175004,1.29019,-1.681674
RWI,388.5672,-0.8188066,1.287488,-1.683988
RWI,388.5753,-0.8203736,1.284385,-1.686569
RWI,388.584,-0.8224325,1.280634,-1.689173
RWI,388.5921,-0.8248797,1.276151,-1.691932
RWI,388.6011,-0.8273379,1.271531,-1.694608
RWI,388.6086,-0.8301387,1.26612,-1.697777
RWI,388.6174,-0.8324798,1.261421,-1.700577
RWI,388.6261,-0.8348571,1.255457,-1.704031
RWI,388.6337,-0.837253,1.250052,-1.707236
RWI,388.6431,-0.839365,1.243914,-1.710736
RWI,388.6506,-0.8416494,1.236825,-1.714727
RWI,388.6593,-0.8433378,1.229858,-1.718061
RWI,388.6676,-0.8458312,1.222418,-1.721727
RWI,388.6757,-0.8475354,1.215097,-1.725083
RWI,388.684,-0.849205,1.207111,-1.728344
RWI,388.6922,-0.8514743,1.198832,-1.731931
RWI,388.7011,-0.8536508,1.190291,-1.73542
RWI,388.709,-0.8564581,1.181431,-1.739098
RWI,388.7173,-0.8587323,1.172586,-1.742551
RWI,388.7255,-0.8613126,1.163689,-1.746085
RWI,388.7341,-0.8637991,1.154839,-1.749503
RWI,388.7434,-0.8662823,1.145955,-1.752816
RWI,388.7509,-0.8688321,1.136911,-1.755969
RWI,388.7592,-0.8709849,1.127938,-1.759079
RWI,388.7673,-0.8736342,1.118868,-1.761574
RWI,388.7753,-0.8761625,1.1095,-1.76391
RWI,388.7839,-0.8789663,1.100052,-1.766306
RWI,388.7922,-0.8818724,1.090436,-1.76848
RWI,388.8011,-0.8846285,1.081336,-1.770368
RWI,388.8087,-0.8869408,1.071721,-1.772317
RWI,388.8174,-0.8896542,1.061898,-1.774004
RWI,388.826,-0.8922684,1.052096,-1.775747
RWI,388.8342,-0.8948516,1.042334,-1.778128
RWI,388.8424,-0.8983387,1.032695,-1.780471
RWI,388.8508,-0.9017761,1.022892,-1.78298
RWI,388.8585,-0.9048912,1.013327,-1.785715
RWI,388.8677,-0.9084774,1.003396,-1.789122
RWI,388.8757,-0.911819,0.9930491,-1.792545
RWI,388.8842,-0.9146085,0.9842424,-1.796306
RWI,388.8922,-0.9177685,0.9745361,-1.799462
RWI,388.9013,-0.9206566,0.9668761,-1.802461
RWI,388.9089,-0.9229879,0.9601602,-1.805961
RWI,388.917,-0.9257711,0.9532195,-1.809019
RWI,388.9257,-0.9281581,0.9477069,-1.812055
RWI,388.9344,-0.9308269,0.9414845,-1.814739
RWI,388.9434,-0.9333264,0.9364781,-1.817151
RWI,388.9506,-0.9357272,0.9308378,-1.820081
RWI,388.9587,-0.9382507,0.9255204,-1.822295
RWI,388.9673,-0.940379,0.921024,-1.824248
RWI,388.9756,-0.9421654,0.9160168,-1.826605
RWI,388.9839,-0.9444299,0.9114419,-1.828398
RWI,388.9919,-0.9463294,0.9075566,-1.829699
RWI,389.0014,-0.9478623,0.9034008,-1.831516
RWI,389.009,-0.9503184,0.8994415,-1.832739
RWI,389.0171,-0.9518733,0.8970255,-1.833684
RWI,389.0258,-0.9537633,0.8937406,-1.834794
RWI,389.0338,-0.9545695,0.8926783,-1.835357
RWI,389.0426,-0.9566949,0.8916484,-1.835442
RWI,389.0508,-0.9583565,0.8906933,-1.835634
RWI,389.0585,-0.9608397,0.8907712,-1.835765
RWI,389.0681,-0.9623798,0.8912313,-1.83573
RWI,389.0752,-0.9655945,0.891015,-1.835919
RWI,389.0841,-0.9665924,0.8910444,-1.835381
RWI,389.0924,-0.9677176,0.8914789,-1.834342
RWI,389.1014,-0.9684381,0.8907269,-1.833767
RWI,389.1089,-0.9683527,0.8911155,-1.832268
RWI,389.1173,-0.9680516,0.8911564,-1.830913
RWI,389.1255,-0.9680932,0.8908259,-1.829612
RWI,389.1342,-0.966797,0.8916148,-1.828575
RWI,389.1434,-0.9666405,0.8913161,-1.827216
RWI,389.1505,-0.9665312,0.8915939,-1.826111
RWI,389.1591,-0.9664271,0.8914572,-1.824973
RWI,389.1671,-0.964892,0.8929302,-1.824246
RWI,389.1755,-0.9648049,0.8929732,-1.823136
RWI,389.1838,-0.9648432,0.8931413,-1.822324
RWI,389.1921,-0.9647905,0.8931298,-1.821377
RWI,389.2008,-0.964811,0.8931096,-1.820467
RWI,389.2088,-0.9648789,0.892845,-1.819553
RWI,389.2175,-0.9647684,0.8926916,-1.818679
RWI,389.2256,-0.9647906,0.8923495,-1.817631
RWI,389.2337,-0.9650002,0.8917731,-1.81688
RWI,389.242,-0.9646925,0.8915288,-1.815944
RWI,389.2505,-0.9646394,0.8911173,-1.81524
RWI,389.2585,-0.9644184,0.8909416,-1.814347
RWI,389.2679,-0.9642459,0.8905841,-1.813569
RWI,389.2756,-0.964201,0.8901588,-1.812945
RWI,389.2837,-0.9641664,0.8898301,-1.81226
RWI,389.292,-0.9643227,0.8893839,-1.812195
RWI,389.3014,-0.9644314,0.8889618,-1.812062
RWI,389.3087,-0.9645218,0.8884026,-1.81211
RWI,389.3174,-0.9645929,0.888072,-1.81198
RWI,389.3251,-0.9646217,0.8876728,-1.812183
RWI,389.3345,-0.9648484,0.8870923,-1.812436
RWI,389.3429,-0.9648173,0.886749,-1.812596
RWI,389.3507,-0.9647895,0.8865587,-1.81278
RWI,389.3586,-0.9645969,0.8866271,-1.812798
RWI,389.3669,-0.9643976,0.8866193,-1.812986
RWI,389.3754,-0.9643544,0.8866953,-1.81308
RWI,389.3844,-0.9643072,0.8867114,-1.813238
RWI,389.3921,-0.9645355,0.8867946,-1.813577
RWI,389.4011,-0.9644057,0.8867154,-1.813687
RWI,389.4088,-0.9646839,0.8867329,-1.814123
RWI,389.4173,-0.9648328,0.886484,-1.814242
RWI,389.426,-0.9650542,0.8864788,-1.81466
RWI,389.4339,-0.9652891,0.8864653,-1.815088
RWI,389.4419,-0.9657652,0.8861938,-1.815395
RWI,389.4507,-0.9660866,0.8861149,-1.815682
RWI,389.4586,-0.9663878,0.8860522,-1.815958
RWI,389.468,-0.9668605,0.8859894,-1.816206
RWI,389.4756,-0.9671883,0.8860143,-1.816548
RWI,389.4841,-0.9677165,0.8860493,-1.816705
RWI,389.492,-0.9681861,0.8860292,-1.816972
RWI,389.5009,-0.9685479,0.8861128,-1.817288
RWI,389.5091,-0.9690061,0.8861836,-1.817358
RWI,389.5172,-0.9694232,0.8861729,-1.817313
RWI,389.5252,-0.9699068,0.886386,-1.817298
RWI,389.5344,-0.9704658,0.8865874,-1.817189
RWI,389.5428,-0.9709758,0.8868713,-1.817104
RWI,389.5507,-0.9715747,0.887305,-1.817095
RWI,389.5588,-0.9720546,0.8875294,-1.81702
RWI,389.5671,-0.9724261,0.8877392,-1.817047
RWI,389.5754,-0.9728174,0.8879794,-1.816922
RWI,389.584,-0.9731384,0.8881733,-1.816779
RWI,389.5921,-0.9734384,0.8883488,-1.816619
RWI,389.6009,-0.9737672,0.8886063,-1.816489
RWI,389.6089,-0.9739878,0.8887668,-1.816203
RWI,389.6171,-0.9743041,0.8890833,-1.815867
RWI,389.6261,-0.9745269,0.8893195,-1.815517
RWI,389.6339,-0.9747155,0.8895473,-1.81514
RWI,389.6426,-0.9748456,0.8897329,-1.814781
RWI,389.6506,-0.9751437,0.8898929,-1.814454
RWI,389.6587,-0.9752668,0.8900233,-1.814035
RWI,389.6683,-0.975368,0.8900793,-1.813583
RWI,389.6751,-0.9755181,0.8900574,-1.813216
RWI,389.6838,-0.9755626,0.8900565,-1.812827
RWI,389.6919,-0.9757354,0.8897381,-1.812442
RWI,389.701,-0.9758232,0.8896797,-1.812089
RWI,389.7086,-0.9758207,0.8893187,-1.811651
RWI,389.7172,-0.9757044,0.8892003,-1.811222
RWI,389.7252,-0.9757537,0.8891945,-1.810857
RWI,389.7342,-0.9756337,0.8890022,-1.810342
RWI,389.7432,-0.9754503,0.8889261,-1.809951
RWI,389.7505,-0.9753349,0.888822,-1.809579
RWI,389.7584,-0.9751443,0.8889194,-1.809196
RWI,389.7673,-0.9749947,0.8888683,-1.8088
RWI,389.7754,-0.9748282,0.8888,-1.808504
RWI,389.7842,-0.9746745,0.8886876,-1.808255
RWI,389.792,-0.9746661,0.8886068,-1.807922
RWI,389.8011,-0.9742519,0.8885204,-1.80774
RWI,389.8083,-0.9739884,0.8884602,-1.807464
RWI,389.817,-0.9738147,0.8882867,-1.807147
RWI,389.8257,-0.9734657,0.8882869,-1.806895
RWI,389.8334,-0.9731729,0.8882251,-1.806579
RWI,389.8426,-0.9728532,0.8882566,-1.806433
RWI,389.8506,-0.9725043,0.8882002,-1.806235
RWI,389.8586,-0.9721003,0.8881817,-1.80606
RWI,389.8673,-0.9717531,0.8880618,-1.805892
RWI,389.8758,-0.9713203,0.8879321,-1.80577
RWI,389.8836,-0.9709338,0.8878191,-1.80563
RWI,389.8922,-0.9706374,0.8875052,-1.80551
RWI,389.9007,-0.9702317,0.8873972,-1.805362
RWI,389.9087,-0.9698846,0.8871739,-1.80516
RWI,389.9172,-0.9695302,0.8870816,-1.805037
RWI,389.9254,-0.9690818,0.8869905,-1.804902
RWI,389.9348,-0.9686326,0.8869371,-1.804764
RWI,389.9432,-0.9682672,0.8868259,-1.804592
RWI,389.9506,-0.9678214,0.8868921,-1.804381
RWI,389.9589,-0.9674276,0.8868162,-1.804235
RWI,389.967,-0.9669601,0.8867611,-1.804111
RWI,389.9757,-0.9664899,0.8866975,-1.80401
RWI,389.9838,-0.966023,0.8865612,-1.803977
RWI,389.9919,-0.965576,0.8865507,-1.803888
RWI,390.0007,-0.9650888,0.8865603,-1.803857
RWI,390.0086,-0.9646633,0.8864172,-1.803851
RWI,390.017,-0.9642486,0.8863939,-1.803834
RWI,390.0255,-0.9638301,0.8864378,-1.803816
RWI,390.0336,-0.9633464,0.8865169,-1.803746
RWI,390.0422,-0.9629211,0.8865033,-1.803713
RWI,390.0515,-0.9624699,0.8865578,-1.803569
RWI,390.0584,-0.9620292,0.8865435,-1.803534
RWI,390.0675,-0.9615983,0.8865615,-1.803467
RWI,390.0753,-0.9611558,0.8865611,-1.803429
RWI,390.0838,-0.9606576,0.8864577,-1.803413
RWI,390.0925,-0.9602684,0.8865048,-1.803441
RWI,390.1013,-0.9598113,0.886465,-1.803452
RWI,390.1086,-0.9594929,0.8864012,-1.80342
RWI,390.1172,-0.9591426,0.8863658,-1.803391
RWI,390.1253,-0.9588152,0.8863278,-1.803356
RWI,390.1345,-0.95847,0.88617,-1.803291
RWI,390.1432,-0.958191,0.8862856,-1.803277
RWI,390.1504,-0.9579419,0.8862448,-1.803233
RWI,390.1584,-0.9578524,0.88608,-1.803164
RWI,390.1668,-0.9577821,0.8861645,-1.803026
RWI,390.1751,-0.9575819,0.8861064,-1.802979
RWI,390.1837,-0.9575837,0.8859823,-1.802836
RWI,390.192,-0.9574433,0.8859042,-1.802703
RWI,390.2009,-0.9573968,0.8858407,-1.802521
RWI,390.2086,-0.9571467,0.8858687,-1.802277
RWI,390.2169,-0.9570379,0.8858091,-1.802102
RWI,390.226,-0.9570059,0.8857405,-1.801896
RWI,390.2336,-0.9570755,0.8857892,-1.801655
RWI,390.242,-0.957096,0.8857185,-1.801432
RWI,390.2505,-0.9572033,0.8857462,-1.801089
RWI,390.2589,-0.9572846,0.8856369,-1.800841
RWI,390.2674,-0.957378,0.8856311,-1.800531
RWI,390.2752,-0.9574246,0.8855497,-1.800284
RWI,390.2836,-0.9574344,0.88556,-1.799977
RWI,390.2922,-0.9575614,0.8854653,-1.799678
RWI,390.3007,-0.9575863,0.8854576,-1.799481
RWI,390.3087,-0.9577458,0.885405,-1.799187
RWI,390.3168,-0.9578884,0.8853057,-1.798938
RWI,390.325,-0.9580485,0.8852411,-1.798672
RWI,390.3341,-0.9581763,0.885194,-1.798309
RWI,390.3432,-0.9584099,0.8851108,-1.798
RWI,390.3505,-0.9586321,0.8851092,-1.797701
RWI,390.3584,-0.9587602,0.8850406,-1.797468
RWI,390.3668,-0.9589779,0.884967,-1.797172
RWI,390.3752,-0.9591793,0.8848093,-1.796828
RWI,390.3839,-0.9593329,0.8847513,-1.796617
RWI,390.392,-0.9594756,0.8847222,-1.796402
RWI,390.4011,-0.9596156,0.8845595,-1.796103
RWI,390.4086,-0.9597586,0.8845486,-1.795954
RWI,390.4168,-0.9599196,0.8845412,-1.79573
RWI,390.4254,-0.9600787,0.8844943,-1.795534
RWI,390.4337,-0.9602548,0.8844796,-1.7953
RWI,390.4419,-0.9603607,0.8844389,-1.795164
RWI,390.4505,-0.960323,0.8844565,-1.795038
RWI,390.4584,-0.9603996,0.884559,-1.794955
RWI,390.468,-0.9604445,0.8844756,-1.794754
RWI,390.475,-0.9604738,0.8845888,-1.794616
RWI,390.4836,-0.960539,0.8846078,-1.794499
RWI,390.492,-0.9606692,0.88445,-1.794273
RWI,390.5007,-0.9606823,0.8843985,-1.794144
RWI,390.5087,-0.9607385,0.884394,-1.794059
RWI,390.5172,-0.9607446,0.8843939,-1.794023
RWI,390.5251,-0.9606971,0.8843859,-1.793999
RWI,390.5341,-0.9606346,0.8844703,-1.793939
RWI,390.5433,-0.960589,0.8844719,-1.79391
RWI,390.5501,-0.9605712,0.8848322,-1.793873
RWI,390.5584,-0.9604369,0.8847557,-1.793854
RWI,390.5671,-0.9604715,0.8847804,-1.793852
RWI,390.575,-0.9604192,0.8845375,-1.793782
RWI,390.5837,-0.9605095,0.8845377,-1.793726
RWI,390.5917,-0.960488,0.884536,-1.793728
RWI,390.6014,-0.9604296,0.8843136,-1.7937
RWI,390.6083,-0.9603624,0.8843257,-1.793769
RWI,390.617,-0.9603542,0.8843378,-1.793802
RWI,390.6256,-0.9599906,0.8843872,-1.793896
RWI,390.6334,-0.9598804,0.8844481,-1.793977
RWI,390.6424,-0.959742,0.8844531,-1.79386
RWI,390.6501,-0.9596649,0.8844478,-1.793855
RWI,390.6588,-0.9594893,0.8845288,-1.794003
RWI,390.6677,-0.9594163,0.8846037,-1.793931
RWI,390.6755,-0.9593413,0.8846066,-1.793921
RWI,390.6838,-0.9594534,0.8840169,-1.793797
RWI,390.6918,-0.9594113,0.8839864,-1.793759
RWI,390.7006,-0.9593728,0.8839658,-1.793739
RWI,390.7088,-0.9593437,0.8839463,-1.793708
RWI,390.7168,-0.959019,0.883942,-1.793744
RWI,390.7253,-0.9588621,0.8839787,-1.793766
RWI,390.734,-0.9586934,0.8839706,-1.793653
RWI,390.7428,-0.9585193,0.8839015,-1.793578
RWI,390.7501,-0.9584675,0.8839209,-1.793437
RWI,390.7584,-0.9584373,0.8839055,-1.793417
RWI,390.7668,-0.9584587,0.8838643,-1.793375
RWI,390.7751,-0.9584044,0.8838291,-1.793303
RWI,390.7835,-0.9582953,0.8836956,-1.793153
RWI,390.7915,-0.9582464,0.8836536,-1.793083
RWI,390.801,-0.9581991,0.8836361,-1.793082
RWI,390.8084,-0.9579399,0.8835853,-1.792902
RWI,390.8169,-0.9579898,0.8835483,-1.79277
RWI,390.8257,-0.9580305,0.8835409,-1.792595
RWI,390.8335,-0.9580289,0.8835055,-1.792493
RWI,390.8419,-0.9580538,0.8835266,-1.792316
RWI,390.8505,-0.9578646,0.883669,-1.792062
RWI,390.8582,-0.9577045,0.8835135,-1.792052
RWI,390.8676,-0.9576091,0.8834771,-1.791979
RWI,390.8753,-0.9575253,0.8834425,-1.791898
RWI,390.8838,-0.9573891,0.8832074,-1.791761
RWI,390.8918,-0.9573714,0.8832024,-1.791712
RWI,390.9003,-0.9573525,0.8831728,-1.791643
RWI,390.9086,-0.9572193,0.8833056,-1.791584
RWI,390.9167,-0.9572086,0.8833005,-1.791541
RWI,390.925,-0.9571924,0.8832642,-1.791433
RWI,390.9347,-0.9571291,0.8833817,-1.791404
RWI,390.9431,-0.9571104,0.8833753,-1.791384
RWI,390.95,-0.9571522,0.883148,-1.791276
RWI,390.9587,-0.9571416,0.8831444,-1.79125
RWI,390.9668,-0.9569855,0.8829053,-1.791159
RWI,390.9753,-0.9570172,0.8829842,-1.791225
RWI,390.9835,-0.9569888,0.8829998,-1.791221
RWI,390.9914,-0.9569756,0.8830774,-1.791237
RWI,391.0007,-0.9569972,0.8830761,-1.791229
RWI,391.0083,-0.9569539,0.8831457,-1.791217
RWI,391.0168,-0.9568034,0.8833279,-1.791204
RWI,391.0257,-0.9567937,0.8832971,-1.791147
RWI,391.0335,-0.9568513,0.8831427,-1.791103
RWI,391.042,-0.9568396,0.883167,-1.791027
RWI,391.0502,-0.9568444,0.8830189,-1.790957
RWI,391.0585,-0.9568776,0.8830163,-1.790912
RWI,391.0675,-0.9568366,0.8830377,-1.790966
RWI,391.075,-0.9568141,0.8830382,-1.79087
RWI,391.0835,-0.9568498,0.8830313,-1.790816
RWI,391.092,-0.9568164,0.8830403,-1.79074
RWI,391.1004,-0.9568141,0.8831086,-1.79074
RWI,391.1082,-0.9568001,0.8831178,-1.790707
RWI,391.117,-0.9568455,0.8829805,-1.79061
RWI,391.1249,-0.9568267,0.8829023,-1.790621
RWI,391.1337,-0.9568666,0.8829345,-1.790653
RWI,391.1434,-0.9569383,0.8828793,-1.7906
RWI,391.1502,-0.9567884,0.8828216,-1.790515
RWI,391.1585,-0.9567036,0.8828021,-1.790575
RWI,391.1666,-0.9566903,0.8827581,-1.790583
RWI,391.1751,-0.9565471,0.882851,-1.790603
RWI,391.1837,-0.9563985,0.8829852,-1.790601
RWI,391.1916,-0.9564419,0.8830231,-1.790575
RWI,391.2009,-0.9564371,0.8830277,-1.790568
RWI,391.2086,-0.9564524,0.8829992,-1.790576
RWI,391.2166,-0.9565915,0.882919,-1.790523
RWI,391.2255,-0.9565604,0.8829083,-1.790553
RWI,391.2333,-0.9565848,0.8826784,-1.790406
RWI,391.2417,-0.9564996,0.8826244,-1.790415
RWI,391.2505,-0.9565336,0.8825098,-1.790409
RWI,391.2581,-0.9565196,0.8824862,-1.790399
RWI,391.2678,-0.9564086,0.8825178,-1.790461
RWI,391.2751,-0.9562936,0.8825343,-1.790394
RWI,391.2834,-0.9562845,0.8825845,-1.790424
RWI,391.2919,-0.9560809,0.8828399,-1.790375
RWI,391.3009,-0.9560533,0.8828743,-1.790392
RWI,391.3082,-0.9560354,0.8828244,-1.790331
RWI,391.3167,-0.9559482,0.8829028,-1.790374
RWI,391.3248,-0.9560188,0.8827486,-1.790419
RWI,391.3344,-0.955982,0.8827569,-1.790441
RWI,391.3708,-0.955942,0.8827631,-1.790452
RWI,391.3768,-0.9556514,0.8828648,-1.790515
RWI,391.3824,-0.955626,0.8828614,-1.790535
RWI,391.3893,-0.9556371,0.8828259,-1.790575
RWI,391.3984,-0.9556051,0.8828105,-1.790652
RWI,391.4059,-0.9555861,0.8827711,-1.790739
RWI,391.4146,-0.9555259,0.8828682,-1.790776
RWI,391.4237,-0.9554722,0.8828899,-1.790895
RWI,391.4312,-0.9555209,0.8828054,-1.790931
RWI,391.4392,-0.9555461,0.882805,-1.790953
RWI,391.4481,-0.9556046,0.8826769,-1.790951
RWI,391.4561,-0.9556326,0.8826762,-1.790991
RWI,391.4649,-0.9556783,0.8827271,-1.791044
RWI,391.4731,-0.9556963,0.8827314,-1.791084
RWI,391.481,-0.9557363,0.8827318,-1.791112
RWI,391.4894,-0.9556537,0.8829914,-1.791133
RWI,391.4979,-0.9556895,0.8830242,-1.791201
RWI,391.5067,-0.9555926,0.8830414,-1.791177
RWI,391.5147,-0.9556229,0.8830506,-1.791205
RWI,391.5229,-0.95566,0.8830656,-1.791239
RWI,391.5312,-0.955673,0.8829237,-1.791289
RWI,391.5401,-0.9556875,0.8828895,-1.791256
RWI,391.5478,-0.955878,0.8827583,-1.791238
RWI,391.5564,-0.9559485,0.8827654,-1.791245
RWI,391.5645,-0.9559793,0.882773,-1.791259
RWI,391.5728,-0.9560434,0.8827819,-1.791261
RWI,391.5813,-0.9561541,0.8827578,-1.791257
RWI,391.5892,-0.9560887,0.8829423,-1.791268
RWI,391.598,-0.9563002,0.8828644,-1.79118
RWI,391.6062,-0.9562751,0.8829596,-1.791146
RWI,391.6147,-0.9563184,0.882986,-1.791134
RWI,391.6236,-0.9563436,0.8829314,-1.791114
RWI,391.631,-0.9563406,0.8829292,-1.791129
RWI,391.6396,-0.9563081,0.8829211,-1.791176
RWI,391.6477,-0.9563203,0.8829839,-1.791194
RWI,391.656,-0.9562736,0.8829546,-1.791236
RWI,391.6651,-0.9561433,0.8831152,-1.791235
RWI,391.6734,-0.9561499,0.8831395,-1.791253
RWI,391.682,-0.9561442,0.8830836,-1.791188
RWI,391.6895,-0.9561347,0.8830829,-1.791186
RWI,391.6977,-0.9562152,0.8830221,-1.791178
RWI,391.7065,-0.9561987,0.8829021,-1.79128
RWI,391.7148,-0.956182,0.8828785,-1.791312
RWI,391.7231,-0.9562479,0.8828856,-1.791388
RWI,391.7316,-0.9561223,0.8827639,-1.791466
RWI,391.7397,-0.9561099,0.8827478,-1.791491
RWI,391.748,-0.9560611,0.8827387,-1.791528
RWI,391.7562,-0.956117,0.8827565,-1.791446
RWI,391.7647,-0.9560468,0.8828765,-1.791491
RWI,391.7728,-0.9560577,0.8829091,-1.791489
RWI,391.7811,-0.9560333,0.8829461,-1.791542
RWI,391.7893,-0.9560825,0.8828723,-1.79158
RWI,391.7983,-0.9560644,0.8828726,-1.791618
RWI,391.8065,-0.9560941,0.8828852,-1.791591
RWI,391.8146,-0.9560884,0.8829205,-1.791649
RWI,391.8236,-0.9559363,0.8829473,-1.791661
RWI,391.8314,-0.9557253,0.8830563,-1.791802
RWI,391.8392,-0.955646,0.8830559,-1.791896
RWI,391.8479,-0.9555369,0.8830677,-1.791976
RWI,391.8559,-0.9554601,0.8831396,-1.792112
RWI,391.8653,-0.9552851,0.8833144,-1.792207
RWI,391.8749,-0.9551128,0.8833848,-1.792331
RWI,391.8825,-0.9550683,0.8832479,-1.792405
RWI,391.8917,-0.9549494,0.8832739,-1.792476
RWI,391.9007,-0.9547994,0.8832912,-1.792551
RWI,391.9084,-0.9548312,0.8831558,-1.792573
RWI,391.9167,-0.95474,0.883086,-1.792704
RWI,391.925,-0.9546309,0.8830782,-1.792772
RWI,391.9336,-0.9544708,0.8831161,-1.792764
RWI,391.9428,-0.9543178,0.8831313,-1.792765
RWI,391.9501,-0.9541827,0.8831782,-1.792792
RWI,391.9585,-0.9540896,0.8832269,-1.792755
RWI,391.9667,-0.9539219,0.8832707,-1.792717
RWI,391.9752,-0.9538257,0.88329,-1.792708
RWI,391.9833,-0.9537414,0.8832597,-1.792824
RWI,391.9914,-0.9537845,0.8830947,-1.792796
RWI,392.0007,-0.9536929,0.8830965,-1.792847
RWI,392.008,-0.9536334,0.8829647,-1.792756
RWI,392.0164,-0.9536068,0.8829164,-1.792708
RWI,392.0252,-0.9535365,0.8830139,-1.792603
RWI,392.0335,-0.9534939,0.8829911,-1.792553
RWI,392.0416,-0.9535068,0.8828809,-1.792503
RWI,392.0506,-0.9534619,0.8828405,-1.79243
RWI,392.058,-0.9534873,0.882811,-1.792373
RWI,392.0671,-0.9534193,0.883085,-1.79239
RWI,392.075,-0.9534703,0.8830603,-1.792304
RWI,392.0834,-0.9534031,0.8830711,-1.792312
RWI,392.0914,-0.9535864,0.8829823,-1.792315
RWI,392.1015,-0.9535984,0.8830346,-1.792206
RWI,392.1081,-0.9536247,0.8829167,-1.792088
RWI,392.1165,-0.9536452,0.8829224,-1.792039
RWI,392.1249,-0.9536159,0.8828035,-1.792055
RWI,392.1338,-0.9536661,0.8827929,-1.792028
RWI,392.1427,-0.953754,0.8826706,-1.792014
RWI,392.1501,-0.9537029,0.8826896,-1.792012
RWI,392.1581,-0.9538017,0.8826647,-1.791948
RWI,392.1664,-0.9539582,0.8826835,-1.791951
RWI,392.175,-0.953952,0.8828681,-1.79197
RWI,392.1833,-0.9540257,0.8829224,-1.791991
RWI,392.1914,-0.9539546,0.8829516,-1.791948
RWI,392.201,-0.9539926,0.882956,-1.791915
RWI,392.2082,-0.9539547,0.8829075,-1.791955
RWI,392.2165,-0.9539851,0.8829198,-1.791971
RWI,392.2255,-0.954205,0.882596,-1.791985
RWI,392.2331,-0.9542602,0.8825789,-1.792013
RWI,392.2414,-0.9542637,0.8826557,-1.792031
RWI,392.25,-0.9543472,0.8826631,-1.791999
RWI,392.2585,-0.954376,0.8826694,-1.792002
RWI,392.2672,-0.9543099,0.8827891,-1.792041
RWI,392.2749,-0.9543695,0.8827537,-1.79212
RWI,392.2834,-0.9544282,0.8827863,-1.792162
RWI,392.2914,-0.9543527,0.8827603,-1.79215
RWI,392.2997,-0.9544549,0.882691,-1.792176
RWI,392.3087,-0.9545071,0.8826746,-1.792148
RWI,392.3166,-0.9544708,0.8827684,-1.792081
RWI,392.3245,-0.9545661,0.8826141,-1.79202
RWI,392.3338,-0.9545787,0.8826499,-1.792027
RWI,392.3427,-0.9545702,0.882656,-1.791958
RWI,392.3501,-0.9545348,0.8826029,-1.791975
RWI,392.3583,-0.9545441,0.8825893,-1.791932
RWI,392.3666,-0.9545023,0.8826987,-1.791867
RWI,392.3747,-0.9544876,0.8827026,-1.791842
RWI,392.3835,-0.9545206,0.8826707,-1.791824
RWI,392.3914,-0.9544497,0.8826841,-1.791754
RWI,392.3998,-0.9544376,0.8827352,-1.791677
RWI,392.4093,-0.9544516,0.8827098,-1.791688
RWI,392.4164,-0.9544095,0.8827147,-1.791659
RWI,392.4254,-0.9543017,0.8828168,-1.791639
RWI,392.4333,-0.9543244,0.8826705,-1.791603
RWI,392.4413,-0.9542245,0.882695,-1.791635
RWI,392.45,-0.9542004,0.8826154,-1.791562
RWI,392.4581,-0.954173,0.8826012,-1.791534
RWI,392.4697,-0.9541405,0.8825583,-1.791532
RWI,392.4769,-0.9541858,0.8825503,-1.791534
RWI,392.4835,-0.9541653,0.8825296,-1.791511
RWI,392.4912,-0.9541649,0.8825235,-1.79149
RWI,392.4993,-0.9542248,0.8825482,-1.791544
RWI,392.508,-0.9541789,0.8825234,-1.791516
RWI,392.5164,-0.9540116,0.8826725,-1.791447
RWI,392.5244,-0.9539723,0.8826342,-1.79146
RWI,392.5331,-0.9539597,0.8826544,-1.791422
RWI,392.5422,-0.9539355,0.8826599,-1.79141
RWI,392.5495,-0.9539038,0.8825212,-1.79132
RWI,392.5575,-0.9538921,0.8825258,-1.791301
RWI,392.5667,-0.9539263,0.8824703,-1.791283
RWI,392.5763,-0.9538694,0.882408,-1.791207
RWI,392.5865,-0.9539127,0.8823529,-1.791178
RWI,392.5932,-0.9539692,0.8824267,-1.791307
RWI,392.5988,-0.9539523,0.8824676,-1.791302
RWI,392.6071,-0.9540281,0.8824486,-1.791368
RWI,392.6152,-0.9539527,0.8825853,-1.791388
RWI,392.6244,-0.9539323,0.8826056,-1.791421
RWI,392.6319,-0.9538457,0.8827184,-1.791426
RWI,392.6402,-0.9538043,0.8827757,-1.791426
RWI,392.6485,-0.9537399,0.8827388,-1.791391
RWI,392.6567,-0.9536508,0.8828214,-1.79144
RWI,392.6656,-0.9535331,0.8827007,-1.791521
RWI,392.674,-0.9533356,0.8828084,-1.791568
RWI,392.6823,-0.9532404,0.8826598,-1.791607
RWI,392.6907,-0.9529516,0.8827927,-1.791712
RWI,392.6987,-0.9525807,0.883016,-1.79194
RWI,392.7072,-0.9520124,0.8836266,-1.792124
RWI,392.7155,-0.9515236,0.883961,-1.792428
RWI,392.7238,-0.9506119,0.8844495,-1.792894
RWI,392.7323,-0.9498414,0.8851219,-1.793284
RWI,392.7409,-0.948327,0.8859429,-1.79388
RWI,392.7494,-0.9470953,0.8865981,-1.794338
RWI,392.7567,-0.9452729,0.8874791,-1.795093
RWI,392.7652,-0.9423575,0.8885288,-1.796004
RWI,392.774,-0.9395895,0.8896475,-1.79688
RWI,392.782,-0.936783,0.890912,-1.79797
RWI,392.7899,-0.9336764,0.8926118,-1.798932
RWI,392.8004,-0.9296767,0.8945745,-1.799015
RWI,392.8069,-0.9258069,0.896735,-1.799524
RWI,392.8152,-0.9225516,0.8994754,-1.80005
RWI,392.8242,-0.9195524,0.9031181,-1.800592
RWI,392.8319,-0.9169148,0.9064994,-1.802186
RWI,392.8401,-0.914646,0.9117288,-1.80335
RWI,392.8488,-0.9124264,0.9183686,-1.803888
RWI,392.8571,-0.9097075,0.9273059,-1.804058
RWI,392.866,-0.9071456,0.9360343,-1.804813
RWI,392.8739,-0.9046249,0.9443013,-1.805045
RWI,392.8825,-0.9023929,0.9525949,-1.805009
RWI,392.8911,-0.9001535,0.9613339,-1.804904
RWI,392.8996,-0.8984967,0.9685503,-1.804734
RWI,392.9078,-0.8958034,0.9774137,-1.804401
RWI,392.9163,-0.8926741,0.9861432,-1.804045
RWI,392.9248,-0.8910918,0.9936902,-1.802865
RWI,392.9337,-0.8886284,1.00393,-1.801579
RWI,392.9422,-0.885691,1.012686,-1.800367
RWI,392.9501,-0.8829591,1.02331,-1.799496
RWI,392.9583,-0.8804836,1.032099,-1.798248
RWI,392.9663,-0.8780249,1.041801,-1.796716
RWI,392.9746,-0.8753027,1.051658,-1.795234
RWI,392.9836,-0.8724693,1.06084,-1.792578
RWI,392.9915,-0.8699318,1.070399,-1.79085
RWI,393.0001,-0.8675445,1.079047,-1.788236
RWI,393.0081,-0.864706,1.087873,-1.785693
RWI,393.0165,-0.862896,1.097222,-1.782971
RWI,393.0257,-0.8604571,1.106369,-1.77993
RWI,393.0356,-0.8577783,1.11623,-1.776894
RWI,393.0439,-0.854704,1.12837,-1.773135
RWI,393.0488,-0.8529376,1.137875,-1.770128
RWI,393.0572,-0.8519794,1.143188,-1.768174
RWI,393.0657,-0.8501285,1.151839,-1.764772
RWI,393.0736,-0.8493269,1.160878,-1.760837
RWI,393.0821,-0.8484788,1.169255,-1.756854
RWI,393.0904,-0.8478083,1.177689,-1.752242
RWI,393.0988,-0.8466699,1.186188,-1.747565
RWI,393.1075,-0.8454971,1.194221,-1.742012
RWI,393.1154,-0.844105,1.202795,-1.736726
RWI,393.1237,-0.8425164,1.210628,-1.731279
RWI,393.1324,-0.8415976,1.218367,-1.726365
RWI,393.1418,-0.8403234,1.226625,-1.720984
RWI,393.1486,-0.8400322,1.23429,-1.715831
RWI,393.1572,-0.8405324,1.242011,-1.710756
RWI,393.1653,-0.8416526,1.249902,-1.705653
RWI,393.1737,-0.8425028,1.257148,-1.699921
RWI,393.1825,-0.8440861,1.263774,-1.694428
RWI,393.1903,-0.8448474,1.270544,-1.687724
RWI,393.1989,-0.8454536,1.277125,-1.68108
RWI,393.2072,-0.8455017,1.283138,-1.674893
RWI,393.2154,-0.8457416,1.289236,-1.668327
RWI,393.2243,-0.8458254,1.294976,-1.662351
RWI,393.2319,-0.8460104,1.3004,-1.655749
RWI,393.2405,-0.8462375,1.305425,-1.649523
RWI,393.2486,-0.8466885,1.310205,-1.642984
RWI,393.2568,-0.847357,1.313521,-1.636588
RWI,393.2664,-0.8479558,1.317789,-1.629979
RWI,393.2744,-0.8486655,1.320492,-1.623405
RWI,393.2823,-0.8488733,1.323408,-1.616891
RWI,393.2902,-0.8491134,1.325872,-1.610727
RWI,393.299,-0.8492411,1.328567,-1.604806
RWI,393.307,-0.8495637,1.331411,-1.59886
RWI,393.3479,-0.8494861,1.33414,-1.594259
RWI,393.3593,-0.8519338,1.343519,-1.573261
RWI,393.3683,-0.8526514,1.345485,-1.568303
RWI,393.3734,-0.8533518,1.347044,-1.565166
RWI,393.3811,-0.8536537,1.347929,-1.563581
RWI,393.3889,-0.8541161,1.34911,-1.560891
RWI,393.3982,-0.8542132,1.350434,-1.55815
RWI,393.4061,-0.854426,1.350912,-1.556133
RWI,393.414,-0.8546926,1.351523,-1.553725
RWI,393.4232,-0.8548877,1.351857,-1.551914
RWI,393.4308,-0.8559029,1.352341,-1.550439
RWI,393.4392,-0.8564965,1.352398,-1.549311
RWI,393.4474,-0.8579428,1.353121,-1.547971
RWI,393.4559,-0.8591195,1.354229,-1.547383
RWI,393.4644,-0.8598285,1.355335,-1.54702
RWI,393.473,-0.8601772,1.355859,-1.54597
RWI,393.4807,-0.8603706,1.356615,-1.545413
RWI,393.489,-0.860459,1.356705,-1.544891
RWI,393.4973,-0.860401,1.356603,-1.544485
RWI,393.5063,-0.8606082,1.355624,-1.544298
RWI,393.5139,-0.8605496,1.354211,-1.544245
RWI,393.5228,-0.8606555,1.352827,-1.544296
RWI,393.5308,-0.8601845,1.350309,-1.544723
RWI,393.5395,-0.8599558,1.348804,-1.544707
RWI,393.5484,-0.8596215,1.346944,-1.545173
RWI,393.5556,-0.8590474,1.345613,-1.545266
RWI,393.5643,-0.858549,1.343902,-1.545613
RWI,393.5724,-0.8579609,1.342563,-1.546055
RWI,393.5811,-0.856663,1.342699,-1.546504
RWI,393.5891,-0.8552693,1.342927,-1.546872
RWI,393.5974,-0.8543316,1.342673,-1.547124
RWI,393.606,-0.8529348,1.342466,-1.547183
RWI,393.6143,-0.8514246,1.340975,-1.547415
RWI,393.6233,-0.849544,1.338759,-1.54862
RWI,393.6307,-0.8482358,1.337561,-1.549511
RWI,393.6388,-0.8475344,1.336822,-1.550338
RWI,393.6475,-0.846031,1.336099,-1.551111
RWI,393.6559,-0.8446019,1.335591,-1.55211
RWI,393.6645,-0.8433673,1.334915,-1.553346
RWI,393.6756,-0.8416106,1.334007,-1.554536
RWI,393.685,-0.8390196,1.333841,-1.555817
RWI,393.6905,-0.8366674,1.333866,-1.556891
RWI,393.698,-0.835465,1.333678,-1.557827
RWI,393.7065,-0.8335197,1.333651,-1.558732
RWI,393.7143,-0.8313724,1.333511,-1.559773
RWI,393.7224,-0.8288385,1.333481,-1.560655
RWI,393.7312,-0.8265656,1.333387,-1.56168
RWI,393.7392,-0.8241752,1.333316,-1.562739
RWI,393.7484,-0.8213171,1.332788,-1.563946
RWI,393.7556,-0.8183289,1.332322,-1.564935
RWI,393.7643,-0.8154866,1.331926,-1.565945
RWI,393.7725,-0.8125556,1.33138,-1.566942
RWI,393.7809,-0.8094667,1.330994,-1.567928
RWI,393.7889,-0.8062863,1.33046,-1.569024
RWI,393.7975,-0.8033296,1.329829,-1.570144
RWI,393.806,-0.8000153,1.329634,-1.571358
RWI,393.8148,-0.7965385,1.328915,-1.572625
RWI,393.8234,-0.7930595,1.32831,-1.573855
RWI,393.831,-0.7892769,1.327783,-1.575229
RWI,393.8392,-0.7856581,1.327027,-1.57661
RWI,393.8474,-0.7819467,1.326194,-1.578035
RWI,393.856,-0.7781221,1.325047,-1.579624
RWI,393.8644,-0.7742016,1.323906,-1.581105
RWI,393.8726,-0.7700071,1.322647,-1.582812
RWI,393.8809,-0.7661248,1.321271,-1.584472
RWI,393.8889,-0.7619767,1.319841,-1.586002
RWI,393.8976,-0.7579387,1.317908,-1.587425
RWI,393.9059,-0.7537191,1.315902,-1.588943
RWI,393.9143,-0.7494146,1.313827,-1.590577
RWI,393.9225,-0.7448962,1.311673,-1.591978
RWI,393.9312,-0.7405952,1.309304,-1.593669
RWI,393.9396,-0.7362642,1.30662,-1.595484
RWI,393.9474,-0.7315297,1.304009,-1.5973
RWI,393.956,-0.7271489,1.301461,-1.59903
RWI,393.964,-0.722586,1.298679,-1.600731
RWI,393.973,-0.7180139,1.295511,-1.602525
RWI,393.981,-0.7133663,1.292365,-1.604329
RWI,393.9898,-0.7087165,1.288485,-1.606073
RWI,393.9987,-0.7040471,1.284389,-1.607928
RWI,394.0067,-0.699546,1.279801,-1.609592
RWI,394.0153,-0.6952223,1.275536,-1.611793
RWI,394.0243,-0.6907771,1.270779,-1.613665
RWI,394.0321,-0.6862779,1.26588,-1.615791
RWI,394.0403,-0.6817108,1.261484,-1.617301
RWI,394.0492,-0.6771397,1.256146,-1.619043
RWI,394.0577,-0.6723477,1.251017,-1.620859
RWI,394.0664,-0.667894,1.24557,-1.622658
RWI,394.0744,-0.6633703,1.239828,-1.624416
RWI,394.083,-0.6589406,1.23362,-1.626279
RWI,394.0912,-0.6545378,1.226909,-1.628141
RWI,394.0999,-0.6502942,1.220114,-1.630118
RWI,394.108,-0.646269,1.212727,-1.63213
RWI,394.1161,-0.6425159,1.205567,-1.63409
RWI,394.1249,-0.6388535,1.198278,-1.636068
RWI,394.134,-0.6354604,1.19053,-1.638031
RWI,394.1424,-0.6318804,1.182711,-1.639943
RWI,394.1497,-0.6283115,1.175371,-1.641701
RWI,394.1579,-0.6248573,1.167525,-1.643459
RWI,394.166,-0.6214695,1.159442,-1.645187
RWI,394.1747,-0.6182742,1.151152,-1.646662
RWI,394.1831,-0.6152838,1.142693,-1.648426
RWI,394.1911,-0.612439,1.134162,-1.649825
RWI,394.2003,-0.6096772,1.125258,-1.651446
RWI,394.208,-0.6073361,1.116393,-1.65301
RWI,394.2161,-0.6049495,1.107314,-1.654688
RWI,394.225,-0.6024431,1.098437,-1.656305
RWI,394.2329,-0.6003674,1.089489,-1.657945
RWI,394.2413,-0.5980936,1.080908,-1.659576
RWI,394.2496,-0.5963768,1.072201,-1.661115
RWI,394.2578,-0.5949098,1.063201,-1.662814
RWI,394.2666,-0.593089,1.05417,-1.664249
RWI,394.275,-0.5917913,1.044991,-1.665814
RWI,394.2834,-0.5911335,1.035385,-1.667544
RWI,394.2914,-0.5907606,1.026053,-1.669267
RWI,394.2995,-0.5899553,1.016946,-1.670954
RWI,394.3081,-0.5893676,1.008074,-1.672765
RWI,394.3164,-0.5889548,0.9990039,-1.67453
RWI,394.3243,-0.5886553,0.9902161,-1.67627
RWI,394.334,-0.588344,0.9817305,-1.678058
RWI,394.3423,-0.5878727,0.9731655,-1.679828
RWI,394.3494,-0.5881084,0.9647853,-1.681753
RWI,394.3579,-0.5881228,0.9561237,-1.683446
RWI,394.366,-0.5888023,0.9477494,-1.685357
RWI,394.3747,-0.5895605,0.9392997,-1.687216
RWI,394.3832,-0.5901128,0.9309427,-1.688932
RWI,394.3911,-0.5910329,0.9231295,-1.690591
RWI,394.3999,-0.5920966,0.9150963,-1.692183
RWI,394.4078,-0.5929748,0.9071451,-1.693667
RWI,394.416,-0.5938282,0.8994969,-1.695115
RWI,394.4251,-0.5947481,0.8917487,-1.696732
RWI,394.433,-0.5959494,0.8841864,-1.698021
RWI,394.4413,-0.5969099,0.8769513,-1.699365
RWI,394.4495,-0.5980676,0.8698986,-1.700728
RWI,394.4577,-0.5992725,0.8629639,-1.701974
RWI,394.4664,-0.6004102,0.8561525,-1.70314
RWI,394.4745,-0.6017789,0.8495086,-1.704331
RWI,394.4831,-0.6030884,0.8430167,-1.705346
RWI,394.4912,-0.6044821,0.8367096,-1.706268
RWI,394.4995,-0.6058013,0.8308812,-1.707097
RWI,394.5078,-0.6070836,0.824878,-1.707924
RWI,394.5165,-0.6082884,0.8187652,-1.708854
RWI,394.5244,-0.6095918,0.812888,-1.709655
RWI,394.5335,-0.6106925,0.8075261,-1.710445
RWI,394.5422,-0.6119923,0.8017117,-1.711247
RWI,394.5495,-0.6131545,0.7965859,-1.711997
RWI,394.5576,-0.6144092,0.7914255,-1.712689
RWI,394.5662,-0.615487,0.786498,-1.713328
RWI,394.5742,-0.616704,0.7815149,-1.713936
RWI,394.5831,-0.6179783,0.7765939,-1.714497
RWI,394.5909,-0.6192484,0.7716851,-1.715003
RWI,394.6,-0.6205183,0.7669453,-1.715453
RWI,394.6079,-0.6220376,0.7621302,-1.716172
RWI,394.6165,-0.6232073,0.7574697,-1.716506
RWI,394.6249,-0.6243203,0.7527072,-1.716911
RWI,394.6327,-0.6252478,0.7481336,-1.717138
RWI,394.6418,-0.6259276,0.743616,-1.717459
RWI,394.6494,-0.6267501,0.7389474,-1.717749
RWI,394.6576,-0.6276991,0.7341796,-1.71809
RWI,394.6664,-0.628797,0.729564,-1.718475
RWI,394.6742,-0.6298808,0.7247757,-1.718815
RWI,394.6829,-0.6313648,0.7198794,-1.719253
RWI,394.6913,-0.632934,0.7153354,-1.719639
RWI,394.6993,-0.6343272,0.7108479,-1.720128
RWI,394.7083,-0.6356764,0.7064638,-1.720523
RWI,394.7167,-0.636753,0.7019703,-1.720887
RWI,394.7246,-0.6378778,0.6978147,-1.721303
RWI,394.7335,-0.6387998,0.6934052,-1.721764
RWI,394.742,-0.6396057,0.6892913,-1.722043
RWI,394.7498,-0.6407427,0.6850854,-1.722164
RWI,394.7578,-0.6419306,0.6812391,-1.722323
RWI,394.7661,-0.6435263,0.6775932,-1.722479
RWI,394.775,-0.6455736,0.6746321,-1.722514
RWI,394.783,-0.6475261,0.6716601,-1.722782
RWI,394.791,-0.6495609,0.668789,-1.722587
RWI,394.7997,-0.6515769,0.6663147,-1.722212
RWI,394.8078,-0.6542069,0.6634598,-1.721062
RWI,394.8161,-0.6574522,0.6613528,-1.720769
RWI,394.8251,-0.6605386,0.6586235,-1.719887
RWI,394.8327,-0.6641343,0.6560537,-1.71941
RWI,394.8411,-0.667804,0.6536821,-1.718844
RWI,394.8499,-0.6716223,0.6513261,-1.718432
RWI,394.8579,-0.6755829,0.6490955,-1.718123
RWI,394.8669,-0.6795186,0.6469299,-1.717698
RWI,394.8744,-0.6838091,0.644955,-1.717462
RWI,394.883,-0.6875039,0.643684,-1.717292
RWI,394.8914,-0.6917392,0.6425449,-1.717655
RWI,394.8997,-0.6955768,0.6413332,-1.717958
RWI,394.9084,-0.6996955,0.6401866,-1.718333
RWI,394.9161,-0.7038152,0.6388297,-1.718494
RWI,394.9244,-0.7073486,0.638715,-1.71901
RWI,394.9341,-0.7109692,0.6384006,-1.719561
RWI,394.9423,-0.7137016,0.6385003,-1.719718
RWI,394.9496,-0.716601,0.6387282,-1.719989
RWI,394.9577,-0.7191799,0.6391047,-1.719701
RWI,394.9662,-0.7211605,0.6395717,-1.719582
RWI,394.9745,-0.7229545,0.6405381,-1.719209
RWI,394.9829,-0.7241592,0.6414524,-1.718047
RWI,394.9908,-0.7245693,0.643655,-1.716925
RWI,395,-0.7250336,0.6449169,-1.715308
RWI,395.0078,-0.7252313,0.6467108,-1.714039
RWI,395.016,-0.7251891,0.648661,-1.713024
RWI,395.0255,-0.72417,0.6505942,-1.712212
RWI,395.0327,-0.7223647,0.6521146,-1.711382
RWI,395.0409,-0.7210256,0.6539976,-1.710832
RWI,395.0499,-0.7173172,0.6563401,-1.711414
RWI,395.0598,-0.7144322,0.658497,-1.711715
RWI,395.0701,-0.7098797,0.6603487,-1.711702
RWI,395.0791,-0.7059371,0.6625047,-1.712018
RWI,395.0846,-0.701568,0.6644419,-1.712149
RWI,395.0986,-0.698877,0.6663167,-1.71267
RWI,395.1071,-0.6920564,0.6698955,-1.71314
RWI,395.1141,-0.6886088,0.6719569,-1.713734
RWI,395.1223,-0.6845447,0.6741844,-1.713901
RWI,395.1306,-0.6801937,0.6778054,-1.714554
RWI,395.1393,-0.6757767,0.6803057,-1.714778
RWI,395.1474,-0.6708281,0.6831022,-1.714931
RWI,395.1557,-0.6639771,0.6874057,-1.714234
RWI,395.1641,-0.6588575,0.6909019,-1.714388
RWI,395.1728,-0.6541507,0.694172,-1.714611
RWI,395.1804,-0.6498884,0.6993423,-1.715648
RWI,395.1892,-0.6453129,0.7034339,-1.716341
RWI,395.1974,-0.6415784,0.7078754,-1.717612
RWI,395.2057,-0.6372624,0.7122833,-1.718757
RWI,395.2156,-0.6332259,0.7168353,-1.720303
RWI,395.2256,-0.629153,0.7224009,-1.722522
RWI,395.2307,-0.6244529,0.7280682,-1.724277
RWI,395.2391,-0.6221927,0.730909,-1.725355
RWI,395.2474,-0.6187135,0.735384,-1.726739
RWI,395.2554,-0.6158398,0.7409017,-1.728553
RWI,395.2641,-0.6125472,0.7457446,-1.72989
RWI,395.2728,-0.6095262,0.7508287,-1.731795
RWI,395.2804,-0.6066947,0.7558944,-1.733467
RWI,395.2885,-0.6040708,0.7609712,-1.735198
RWI,395.2971,-0.6017255,0.7661107,-1.737023
RWI,395.3057,-0.5998451,0.771402,-1.739248
RWI,395.3142,-0.5980723,0.7767218,-1.742111
RWI,395.3223,-0.5961017,0.7817665,-1.744287
RWI,395.3306,-0.5945733,0.7867873,-1.74669
RWI,395.339,-0.5932892,0.7918381,-1.749084
RWI,395.3472,-0.5916947,0.7966814,-1.751505
RWI,395.3554,-0.5908252,0.8019493,-1.753915
RWI,395.3642,-0.5897473,0.8068365,-1.756076
RWI,395.3719,-0.5889325,0.8119299,-1.758431
RWI,395.3809,-0.5886892,0.8169537,-1.760498
RWI,395.3885,-0.5884851,0.8220212,-1.762809
RWI,395.3977,-0.5886152,0.8267704,-1.765011
RWI,395.4059,-0.5886886,0.8317678,-1.767339
RWI,395.4144,-0.5891175,0.8368071,-1.769616
RWI,395.4236,-0.5894971,0.8415283,-1.771909
RWI,395.4308,-0.5902287,0.8464851,-1.773959
RWI,395.4391,-0.590768,0.8511829,-1.775932
RWI,395.4475,-0.5917174,0.8558863,-1.777753
RWI,395.4559,-0.5924745,0.8606411,-1.779608
RWI,395.4646,-0.5932523,0.8654724,-1.781418
RWI,395.4731,-0.5943826,0.8701454,-1.783032
RWI,395.481,-0.5956284,0.8749399,-1.784674
RWI,395.4893,-0.5970032,0.879319,-1.786391
RWI,395.4978,-0.5986367,0.8839175,-1.787752
RWI,395.5063,-0.6000497,0.8884867,-1.78913
RWI,395.5152,-0.6017519,0.8930855,-1.790462
RWI,395.5233,-0.6033554,0.8975341,-1.791692
RWI,395.5322,-0.6050185,0.9022225,-1.792857
RWI,395.5398,-0.6068424,0.9069001,-1.793809
RWI,395.5487,-0.6085956,0.9115164,-1.794662
RWI,395.557,-0.6105833,0.9164599,-1.795327
RWI,395.5654,-0.6128762,0.9212655,-1.795721
RWI,395.5742,-0.6150731,0.9260812,-1.796434
RWI,395.5823,-0.6178315,0.9311426,-1.796793
RWI,395.5907,-0.6209352,0.9363924,-1.796859
RWI,395.5996,-0.6240044,0.9414239,-1.796847
RWI,395.6084,-0.6270249,0.9467286,-1.796858
RWI,395.6158,-0.6299767,0.9517495,-1.796812
RWI,395.625,-0.6332251,0.9565693,-1.796359
RWI,395.6327,-0.6363055,0.9617329,-1.796106
RWI,395.6407,-0.6394018,0.9668503,-1.795581
RWI,395.6498,-0.642409,0.9722199,-1.795095
RWI,395.6573,-0.6459358,0.9776454,-1.794413
RWI,395.6663,-0.6494884,0.9834825,-1.793522
RWI,395.6747,-0.6530125,0.9891264,-1.792607
RWI,395.6828,-0.6563932,0.9944723,-1.791635
RWI,395.691,-0.659888,1.000675,-1.790348
RWI,395.6991,-0.6629616,1.006714,-1.78906
RWI,395.7077,-0.6662539,1.012744,-1.787796
RWI,395.7161,-0.6694835,1.018657,-1.786402
RWI,395.7246,-0.6726974,1.025053,-1.785053
RWI,395.7333,-0.6759765,1.031529,-1.783489
RWI,395.7423,-0.6792955,1.03785,-1.781827
RWI,395.751,-0.6827826,1.044284,-1.780103
RWI,395.7576,-0.6861483,1.050864,-1.778445
RWI,395.766,-0.6891385,1.056812,-1.776945
RWI,395.7744,-0.6924487,1.063316,-1.775464
RWI,395.7829,-0.6957296,1.070073,-1.773697
RWI,395.791,-0.6990201,1.076946,-1.77193
RWI,395.7998,-0.7021137,1.083648,-1.770072
RWI,395.8076,-0.7054038,1.090496,-1.768196
RWI,395.8159,-0.70857,1.09706,-1.766213
RWI,395.8249,-0.7116562,1.103306,-1.764127
RWI,395.8328,-0.7148592,1.110047,-1.762048
RWI,395.8408,-0.7179465,1.116238,-1.759862
RWI,395.8494,-0.7209224,1.123195,-1.757758
RWI,395.8573,-0.7238574,1.130078,-1.755579
RWI,395.8663,-0.7267915,1.136958,-1.753618
RWI,395.8745,-0.730027,1.143683,-1.750974
RWI,395.8826,-0.7330589,1.150264,-1.748562
RWI,395.8907,-0.7360066,1.156813,-1.745879
RWI,395.8991,-0.7389652,1.163135,-1.743312
RWI,395.9078,-0.7418805,1.169537,-1.740673
RWI,395.9158,-0.7450433,1.175872,-1.738379
RWI,395.9242,-0.7477909,1.182273,-1.735867
RWI,395.9329,-0.7505881,1.188709,-1.733426
RWI,395.942,-0.7533377,1.195216,-1.730815
RWI,395.9494,-0.7558869,1.20169,-1.728351
RWI,395.9575,-0.7586503,1.207793,-1.725852
RWI,395.9657,-0.7612582,1.213868,-1.723157
RWI,395.9743,-0.7641827,1.219462,-1.719724
RWI,395.9827,-0.7666937,1.225021,-1.716734
RWI,395.9908,-0.7691202,1.230563,-1.713603
RWI,396.0003,-0.7712198,1.235454,-1.710198
RWI,396.0072,-0.7733169,1.240549,-1.706983
RWI,396.0159,-0.7752699,1.245981,-1.703988
RWI,396.0247,-0.777397,1.251026,-1.700998
RWI,396.0328,-0.7796048,1.256175,-1.697882
RWI,396.0406,-0.7818593,1.26076,-1.695037
RWI,396.0493,-0.7842397,1.265736,-1.691939
RWI,396.0571,-0.7864704,1.270889,-1.68868
RWI,396.0663,-0.7888137,1.275924,-1.685439
RWI,396.0743,-0.7910877,1.28084,-1.682223
RWI,396.0829,-0.7930747,1.28565,-1.679023
RWI,396.0907,-0.7950997,1.2906,-1.675285
RWI,396.0999,-0.7968631,1.295008,-1.671834
RWI,396.1076,-0.7989184,1.299679,-1.668096
RWI,396.1158,-0.8007257,1.30381,-1.664768
RWI,396.1242,-0.8021666,1.307555,-1.661345
RWI,396.134,-0.8039247,1.311297,-1.657773
RWI,396.1416,-0.8058341,1.315222,-1.654237
RWI,396.1494,-0.8077399,1.318517,-1.650957
RWI,396.1573,-0.8096522,1.321928,-1.647709
RWI,396.1657,-0.8114823,1.325229,-1.644553
RWI,396.1741,-0.8132665,1.328582,-1.641209
RWI,396.1825,-0.8148075,1.331606,-1.637989
RWI,396.1905,-0.816293,1.3343,-1.63499
RWI,396.1995,-0.8178338,1.336989,-1.631964
RWI,396.2077,-0.819423,1.339613,-1.628901
RWI,396.2158,-0.820946,1.34226,-1.625879
RWI,396.2252,-0.822417,1.344656,-1.623327
RWI,396.2327,-0.8239177,1.346968,-1.620695
RWI,396.2406,-0.8253635,1.349401,-1.618042
RWI,396.2494,-0.8266031,1.351424,-1.615577
RWI,396.2572,-0.8279653,1.353399,-1.613152
RWI,396.2666,-0.8293475,1.355165,-1.610598
RWI,396.2755,-0.8306179,1.356857,-1.60826
RWI,396.2824,-0.8318683,1.358304,-1.605719
RWI,396.2913,-0.8329582,1.359509,-1.603603
RWI,396.2993,-0.8341612,1.360978,-1.601319
RWI,396.3078,-0.8349346,1.36207,-1.599484
RWI,396.3157,-0.8358496,1.363269,-1.59756
RWI,396.3243,-0.8366191,1.364517,-1.59565
RWI,396.3328,-0.8374875,1.365256,-1.594046
RWI,396.3412,-0.8382952,1.366297,-1.592166
RWI,396.3491,-0.839253,1.366998,-1.590733
RWI,396.3575,-0.8402553,1.367648,-1.589615
RWI,396.3656,-0.8411207,1.368443,-1.588432
RWI,396.3739,-0.8420022,1.369323,-1.587106
RWI,396.3825,-0.8425072,1.369673,-1.586244
RWI,396.3907,-0.8431978,1.370386,-1.585034
RWI,396.3994,-0.8435038,1.370654,-1.584278
RWI,396.4075,-0.8438878,1.370702,-1.583374
RWI,396.4157,-0.8442786,1.370793,-1.582696
RWI,396.4248,-0.8445145,1.370895,-1.582251
RWI,396.4326,-0.8450309,1.371263,-1.581826
RWI,396.4407,-0.8454576,1.371415,-1.581592
RWI,396.4494,-0.8457053,1.372103,-1.581372
RWI,396.4574,-0.8458962,1.372305,-1.581262
RWI,396.4662,-0.8461497,1.372634,-1.581221
RWI,396.4738,-0.8464258,1.372862,-1.581159
RWI,396.4828,-0.8468158,1.372481,-1.581128
RWI,396.4908,-0.8471446,1.372442,-1.581053
RWI,396.499,-0.8474292,1.372045,-1.581101
RWI,396.5077,-0.8476241,1.371968,-1.581072
RWI,396.5155,-0.8475811,1.371662,-1.58113
RWI,396.5238,-0.8475688,1.371318,-1.581252
RWI,396.5331,-0.8476832,1.371102,-1.581461
RWI,396.542,-0.8475623,1.370977,-1.581749
RWI,396.55,-0.8476366,1.370811,-1.581927
RWI,396.558,-0.8477476,1.370644,-1.582421
RWI,396.5663,-0.8478795,1.370596,-1.582701
RWI,396.5741,-0.8478888,1.37043,-1.582977
RWI,396.5829,-0.8481097,1.370119,-1.583265
RWI,396.5913,-0.8480113,1.369888,-1.583805
RWI,396.6003,-0.8478758,1.369735,-1.584084
RWI,396.6085,-0.8478479,1.369181,-1.58449
RWI,396.6158,-0.8477072,1.36898,-1.58487
RWI,396.6249,-0.8475288,1.368744,-1.585327
RWI,396.6324,-0.8474502,1.368603,-1.585878
RWI,396.6406,-0.8469785,1.368653,-1.586466
RWI,396.6494,-0.8467664,1.368535,-1.587023
RWI,396.6575,-0.8465292,1.368363,-1.587564
RWI,396.6664,-0.8460104,1.368308,-1.588168
RWI,396.6741,-0.8458892,1.367947,-1.588719
RWI,396.6822,-0.8458639,1.367581,-1.589229
RWI,396.6911,-0.8457147,1.367245,-1.589766
RWI,396.6989,-0.8454328,1.366958,-1.590319
RWI,396.7077,-0.8451787,1.366767,-1.590929
RWI,396.7156,-0.8448375,1.36661,-1.59146
RWI,396.7238,-0.8445872,1.366369,-1.59195
RWI,396.7326,-0.8441472,1.366228,-1.592622
RWI,396.7417,-0.8437524,1.366151,-1.593139
RWI,396.7492,-0.8433776,1.365931,-1.593819
RWI,396.7602,-0.8430952,1.365703,-1.594471
RWI,396.7674,-0.8427535,1.365346,-1.595087
RWI,396.7743,-0.8424634,1.364968,-1.595721
RWI,396.7828,-0.8421613,1.364634,-1.596146
RWI,396.7906,-0.8418312,1.364269,-1.596626
RWI,396.7995,-0.8416207,1.363958,-1.596986
RWI,396.8075,-0.8412602,1.36368,-1.597464
RWI,396.8158,-0.840789,1.363496,-1.597955
RWI,396.8246,-0.8404309,1.363307,-1.598447
RWI,396.8324,-0.8400018,1.363083,-1.598933
RWI,396.8419,-0.8396221,1.36297,-1.599304
RWI,396.8492,-0.8393444,1.362741,-1.599668
RWI,396.8576,-0.8391831,1.362498,-1.599982
RWI,396.8666,-0.8390255,1.362069,-1.600113
RWI,396.8749,-0.8387374,1.361749,-1.60032
RWI,396.8823,-0.8383573,1.361523,-1.600549
RWI,396.891,-0.8379535,1.361395,-1.600657
RWI,396.8994,-0.837417,1.361416,-1.600806
RWI,396.9075,-0.8369749,1.361385,-1.600902
RWI,396.9162,-0.8365499,1.361304,-1.601067
RWI,396.9266,-0.8361357,1.361136,-1.601138
RWI,396.937,-0.8357309,1.360933,-1.601207
RWI,396.9438,-0.8355857,1.360534,-1.601168
RWI,396.9502,-0.8353719,1.360394,-1.601132
RWI,396.9553,-0.8352463,1.360237,-1.601183
RWI,396.9635,-0.8350686,1.360185,-1.601155
RWI,396.9718,-0.8347072,1.360083,-1.601052
RWI,396.9807,-0.8342327,1.360018,-1.600879
RWI,396.9882,-0.8338076,1.360004,-1.600619
RWI,396.9972,-0.8334419,1.35999,-1.600158
RWI,397.0051,-0.8330632,1.359919,-1.599916
RWI,397.0135,-0.8330011,1.359712,-1.599152
RWI,397.023,-0.8328205,1.359517,-1.598459
RWI,397.0305,-0.8327935,1.359258,-1.59768
RWI,397.0382,-0.8327765,1.359042,-1.596753
RWI,397.0471,-0.8327601,1.35869,-1.595772
RWI,397.0553,-0.8327519,1.358375,-1.594494
RWI,397.0636,-0.8329342,1.357854,-1.593197
RWI,397.0722,-0.8330957,1.35747,-1.591852
RWI,397.0801,-0.8336042,1.356989,-1.590243
RWI,397.0886,-0.8339028,1.356631,-1.588737
RWI,397.097,-0.834287,1.356276,-1.587069
RWI,397.1057,-0.8347636,1.356129,-1.585049
RWI,397.1133,-0.8352798,1.355982,-1.583203
RWI,397.1217,-0.8358082,1.355984,-1.581248
RWI,397.1299,-0.836357,1.355997,-1.579248
RWI,397.1387,-0.8371782,1.355745,-1.57715
RWI,397.1477,-0.837882,1.355718,-1.575131
RWI,397.1549,-0.8387026,1.355735,-1.573146
RWI,397.1635,-0.8397298,1.355479,-1.570806
RWI,397.1717,-0.8408818,1.355631,-1.568943
RWI,397.1801,-0.8420402,1.355685,-1.566884
RWI,397.1887,-0.843307,1.355595,-1.565277
RWI,397.1968,-0.8443418,1.355754,-1.563137
RWI,397.2054,-0.8453149,1.355636,-1.560802
RWI,397.2132,-0.8460048,1.355282,-1.558807
RWI,397.2232,-0.8461636,1.354754,-1.556525
RWI,397.2302,-0.8466324,1.354101,-1.554601
RWI,397.2386,-0.8468965,1.353404,-1.553181
RWI,397.2475,-0.847136,1.35271,-1.55227
RWI,397.2556,-0.8471749,1.351963,-1.551191
RWI,397.2646,-0.8475028,1.351352,-1.550555
RWI,397.2731,-0.8478926,1.350673,-1.550096
RWI,397.2818,-0.848237,1.350141,-1.55004
RWI,397.2896,-0.8483757,1.34956,-1.550123
RWI,397.2984,-0.8483037,1.348999,-1.550413
RWI,397.3068,-0.8474824,1.348613,-1.550987
RWI,397.3156,-0.846993,1.34772,-1.551574
RWI,397.3235,-0.846576,1.346948,-1.552229
RWI,397.3324,-0.8460638,1.345708,-1.553134
RWI,397.3416,-0.845545,1.344362,-1.554161
RWI,397.3497,-0.8449213,1.3433,-1.555061
RWI,397.3571,-0.8443021,1.342053,-1.556164
RWI,397.3659,-0.843493,1.34112,-1.557176
RWI,397.374,-0.8427112,1.340003,-1.558032
RWI,397.3841,-0.8418159,1.339114,-1.558979
RWI,397.3931,-0.8401865,1.338067,-1.560145
RWI,397.3987,-0.8388949,1.336772,-1.561391
RWI,397.407,-0.838151,1.336065,-1.562188
RWI,397.4144,-0.836699,1.335559,-1.563274
RWI,397.4239,-0.8341771,1.336,-1.563766
RWI,397.4312,-0.8322498,1.336468,-1.564362
RWI,397.4392,-0.8307981,1.336668,-1.565426
RWI,397.4478,-0.829168,1.336028,-1.566323
RWI,397.4563,-0.827653,1.333309,-1.567972
RWI,397.4656,-0.8263907,1.332167,-1.56917
RWI,397.4736,-0.8254707,1.33123,-1.570715
RWI,397.481,-0.8243099,1.330538,-1.572277
RWI,397.4897,-0.8230304,1.329802,-1.573658
RWI,397.498,-0.8225697,1.329001,-1.575342
RWI,397.5064,-0.8207616,1.329416,-1.576782
RWI,397.5145,-0.8186566,1.329815,-1.578075
RWI,397.5233,-0.8164579,1.330277,-1.579408
RWI,397.5319,-0.8138183,1.330207,-1.58102
RWI,397.5421,-0.8119645,1.330408,-1.582469
RWI,397.5522,-0.8091951,1.330202,-1.58434
RWI,397.5575,-0.8068844,1.329962,-1.586061
RWI,397.5633,-0.8050175,1.329518,-1.5868
RWI,397.5719,-0.8041822,1.328722,-1.588308
RWI,397.5803,-0.8017572,1.328125,-1.589506
RWI,397.5885,-0.7994834,1.327554,-1.590825
RWI,397.5968,-0.7965742,1.327775,-1.591927
RWI,397.6057,-0.7941592,1.327215,-1.593396
RWI,397.6136,-0.7920532,1.326663,-1.594989
RWI,397.623,-0.7897674,1.326368,-1.596493
RWI,397.63,-0.7872767,1.325966,-1.598027
RWI,397.6384,-0.7848328,1.325537,-1.599437
RWI,397.647,-0.7823372,1.325068,-1.600908
RWI,397.6551,-0.779566,1.32479,-1.602506
RWI,397.6636,-0.7767375,1.324104,-1.604167
RWI,397.6719,-0.7740916,1.323281,-1.605677
RWI,397.6798,-0.7709672,1.322628,-1.607186
RWI,397.6886,-0.7680942,1.322224,-1.608968
RWI,397.6971,-0.7652434,1.321459,-1.610554
RWI,397.7057,-0.7621796,1.320857,-1.612352
RWI,397.7136,-0.7591408,1.320201,-1.614181
RWI,397.7216,-0.7560222,1.319455,-1.615929
RWI,397.7304,-0.7528837,1.318324,-1.617777
RWI,397.7388,-0.7497004,1.317479,-1.619595
RWI,397.7475,-0.7461776,1.31673,-1.621223
RWI,397.7551,-0.7427475,1.31574,-1.622868
RWI,397.7637,-0.7392648,1.314178,-1.624736
RWI,397.773,-0.7359996,1.31282,-1.626614
RWI,397.7805,-0.7322165,1.311207,-1.628765
RWI,397.7884,-0.7293214,1.309719,-1.630403
RWI,397.7966,-0.7261098,1.308143,-1.632179
RWI,397.8056,-0.7227056,1.306276,-1.634149
RWI,397.8134,-0.7193351,1.304324,-1.63615
RWI,397.8225,-0.7160657,1.302228,-1.638335
RWI,397.8304,-0.7126378,1.300007,-1.640398
RWI,397.8381,-0.7094253,1.29748,-1.642331
RWI,397.8474,-0.7058933,1.294689,-1.644567
RWI,397.8557,-0.7024017,1.292067,-1.646578
RWI,397.8642,-0.6988212,1.288794,-1.648852
RWI,397.8732,-0.6952716,1.285719,-1.651013
RWI,397.881,-0.6914246,1.282105,-1.653046
RWI,397.8893,-0.6878971,1.278376,-1.655176
RWI,397.8982,-0.6843599,1.274396,-1.657314
RWI,397.9069,-0.6806848,1.270452,-1.65928
RWI,397.915,-0.6771295,1.265942,-1.661346
RWI,397.9232,-0.6738356,1.261096,-1.663318
RWI,397.933,-0.6703072,1.255911,-1.665013
RWI,397.9413,-0.6667424,1.250532,-1.667002
RWI,397.9492,-0.6634754,1.245097,-1.668889
RWI,397.957,-0.660349,1.238961,-1.670913
RWI,397.9659,-0.6570754,1.23354,-1.672816
RWI,397.9736,-0.6540653,1.22729,-1.674739
RWI,397.9821,-0.650979,1.221557,-1.676452
RWI,397.9906,-0.6476976,1.215789,-1.678087
RWI,397.9992,-0.6445806,1.2097,-1.679737
RWI,398.0078,-0.6414976,1.203414,-1.681418
RWI,398.0155,-0.6384161,1.196934,-1.682869
RWI,398.0246,-0.6355283,1.1906,-1.684444
RWI,398.0324,-0.6326044,1.18377,-1.68599
RWI,398.0408,-0.6299257,1.17681,-1.687528
RWI,398.0497,-0.6273834,1.169795,-1.689399
RWI,398.057,-0.6248729,1.162057,-1.690885
RWI,398.0669,-0.6223047,1.155874,-1.692453
RWI,398.0746,-0.6198542,1.148295,-1.69406
RWI,398.0825,-0.6177515,1.141304,-1.695314
RWI,398.0922,-0.6156712,1.134012,-1.696657
RWI,398.1021,-0.6132529,1.125398,-1.698025
RWI,398.1079,-0.610968,1.116911,-1.699492
RWI,398.1158,-0.6091889,1.110595,-1.700557
RWI,398.1237,-0.6073868,1.10354,-1.70147
RWI,398.1326,-0.6053675,1.095959,-1.702503
RWI,398.1416,-0.6034091,1.087989,-1.703603
RWI,398.1488,-0.6015956,1.080054,-1.704758
RWI,398.1576,-0.5997462,1.072377,-1.705724
RWI,398.1657,-0.5980999,1.064515,-1.706716
RWI,398.1743,-0.5965466,1.056507,-1.707659
RWI,398.1823,-0.5950699,1.04877,-1.708525
RWI,398.1903,-0.5938214,1.040843,-1.709253
RWI,398.1995,-0.5928206,1.032867,-1.709999
RWI,398.2083,-0.5918152,1.02495,-1.710562
RWI,398.2154,-0.5906337,1.017188,-1.711226
RWI,398.2242,-0.5896168,1.009645,-1.711943
RWI,398.2321,-0.5884744,1.001762,-1.712542
RWI,398.2409,-0.5874077,0.9943181,-1.71311
RWI,398.2489,-0.5866941,0.9871871,-1.713367
RWI,398.257,-0.5860853,0.9796336,-1.713863
RWI,398.2661,-0.585426,0.9724969,-1.71424
RWI,398.2746,-0.584947,0.9652844,-1.714565
RWI,398.2824,-0.5845284,0.9582131,-1.714766
RWI,398.2904,-0.5841008,0.9513302,-1.715007
RWI,398.2988,-0.584009,0.9447476,-1.715237
RWI,398.3077,-0.5836978,0.9377526,-1.715346
RWI,398.3155,-0.5834296,0.9312803,-1.715599
RWI,398.3242,-0.5833863,0.9247451,-1.715768
RWI,398.3327,-0.5835807,0.9184886,-1.715966
RWI,398.3414,-0.5835395,0.9120615,-1.715968
RWI,398.3497,-0.5837898,0.9059219,-1.716119
RWI,398.3569,-0.5844071,0.8998358,-1.716218
RWI,398.3656,-0.5848767,0.893916,-1.7164
RWI,398.3739,-0.5856003,0.887862,-1.71654
RWI,398.3823,-0.5867328,0.881791,-1.716614
RWI,398.3904,-0.5880043,0.8758662,-1.716815
RWI,398.3992,-0.5891524,0.8699871,-1.716991
RWI,398.4082,-0.5911908,0.8643606,-1.717157
RWI,398.4152,-0.5929273,0.8587206,-1.717305
RWI,398.4246,-0.5946304,0.8531707,-1.71719
RWI,398.4321,-0.5964036,0.8477024,-1.717255
RWI,398.4401,-0.5980471,0.8424349,-1.717236
RWI,398.4491,-0.5997751,0.8373107,-1.717202
RWI,398.457,-0.6014072,0.8322454,-1.717274
RWI,398.4659,-0.6030236,0.8272329,-1.717332
RWI,398.4744,-0.6046268,0.8220872,-1.717453
RWI,398.4825,-0.6062195,0.8173838,-1.717647
RWI,398.4905,-0.6078119,0.8126983,-1.717843
RWI,398.4986,-0.6095178,0.8080743,-1.718163
RWI,398.5072,-0.6110945,0.8032932,-1.71844
RWI,398.5152,-0.6127172,0.7990171,-1.718779
RWI,398.5236,-0.6142899,0.7947327,-1.719012
RWI,398.533,-0.6159462,0.7906935,-1.719232
RWI,398.5413,-0.617354,0.7866244,-1.719656
RWI,398.5497,-0.6189101,0.7830151,-1.720066
RWI,398.5569,-0.62038,0.7792709,-1.720434
RWI,398.5654,-0.6219634,0.7755443,-1.720792
RWI,398.5735,-0.623507,0.7724137,-1.7214
RWI,398.5827,-0.6250665,0.7688859,-1.721715
RWI,398.5904,-0.6266901,0.765656,-1.722192
RWI,398.599,-0.6284213,0.7627895,-1.722655
RWI,398.6079,-0.6301608,0.759895,-1.723101
RWI,398.6154,-0.6319818,0.7570909,-1.723615
RWI,398.6243,-0.633826,0.7547724,-1.723985
RWI,398.6324,-0.6359477,0.7523935,-1.724124
RWI,398.6402,-0.6380786,0.7503676,-1.724295
RWI,398.6488,-0.6402904,0.7483658,-1.724471
RWI,398.6575,-0.64237,0.7463745,-1.724636
RWI,398.6662,-0.6443079,0.7442942,-1.724951
RWI,398.6743,-0.6462463,0.7420582,-1.725382
RWI,398.682,-0.6480075,0.7397842,-1.726173
RWI,398.6907,-0.6497514,0.7377474,-1.726726
RWI,398.699,-0.6520449,0.7353824,-1.727563
RWI,398.7072,-0.653898,0.7336048,-1.728272
RWI,398.7152,-0.6560625,0.7321084,-1.728943
RWI,398.7237,-0.6580116,0.7303754,-1.7296
RWI,398.7324,-0.6599919,0.7289749,-1.73041
RWI,398.7412,-0.6619687,0.727735,-1.731339
RWI,398.7494,-0.6637932,0.7265773,-1.7324
RWI,398.7568,-0.6657072,0.7253489,-1.733318
RWI,398.7652,-0.6676198,0.7241494,-1.734245
RWI,398.7737,-0.6696854,0.7233615,-1.735322
RWI,398.7822,-0.6716582,0.7224238,-1.736329
RWI,398.7912,-0.6736969,0.7216215,-1.737283
RWI,398.7992,-0.6759521,0.7205449,-1.738264
RWI,398.8078,-0.6776266,0.7201448,-1.739363
RWI,398.8152,-0.6795216,0.7193628,-1.74033
RWI,398.8245,-0.6810414,0.7187915,-1.740893
RWI,398.8323,-0.682649,0.7183289,-1.741474
RWI,398.8402,-0.68422,0.7178047,-1.742035
RWI,398.8486,-0.6856775,0.7176061,-1.742399
RWI,398.857,-0.6875079,0.7169346,-1.742802
RWI,398.8661,-0.6890252,0.7166683,-1.743182
RWI,398.8745,-0.6913868,0.7155908,-1.743659
RWI,398.882,-0.6932077,0.7148989,-1.744217
RWI,398.8904,-0.6945774,0.714619,-1.744947
RWI,398.8991,-0.6959964,0.7137144,-1.745368
RWI,398.9075,-0.6973003,0.7134452,-1.745847
RWI,398.9153,-0.6983423,0.7135109,-1.746037
RWI,398.9237,-0.699571,0.7134068,-1.746562
RWI,398.9329,-0.7005427,0.7135732,-1.747348
RWI,398.9412,-0.7013617,0.7139524,-1.747765
RWI,398.9488,-0.7019553,0.7143448,-1.748306
RWI,398.9571,-0.7023431,0.7154639,-1.748541
RWI,398.9653,-0.7026403,0.7161487,-1.749018
RWI,398.974,-0.7008783,0.7165487,-1.748584
RWI,398.9822,-0.6998742,0.7166659,-1.748389
RWI,398.9904,-0.6976951,0.7180948,-1.747129
RWI,398.9991,-0.6928479,0.7178626,-1.743711
RWI,399.0078,-0.6892278,0.716526,-1.742322
RWI,399.0152,-0.6856728,0.7173246,-1.741359
RWI,399.0245,-0.6826413,0.7174178,-1.740712
RWI,399.0322,-0.6794958,0.7183373,-1.740367
RWI,399.0403,-0.676416,0.7188333,-1.739956
RWI,399.0489,-0.6738068,0.7199973,-1.739957
RWI,399.0571,-0.6706994,0.7217748,-1.740415
RWI,399.0656,-0.6684374,0.7235065,-1.741383
RWI,399.075,-0.6664099,0.7255065,-1.74247
RWI,399.0821,-0.6641223,0.7275094,-1.74366
RWI,399.0911,-0.6617081,0.7293513,-1.744341
RWI,399.102,-0.6591747,0.731169,-1.745252
RWI,399.1115,-0.6556351,0.7331284,-1.746344
RWI,399.1164,-0.6514463,0.7351459,-1.747524
RWI,399.1213,-0.6505213,0.7367967,-1.748528
RWI,399.13,-0.6490281,0.7379351,-1.748951
RWI,399.1383,-0.6462117,0.7399591,-1.749926
RWI,399.1469,-0.6442739,0.7427769,-1.751183
RWI,399.1551,-0.6421431,0.7454882,-1.752113
RWI,399.1633,-0.6397775,0.748351,-1.753187
RWI,399.1716,-0.6374949,0.751134,-1.753945
RWI,399.18,-0.635048,0.7537339,-1.754866
RWI,399.1879,-0.6331394,0.7568227,-1.755994
RWI,399.1961,-0.6310793,0.7599201,-1.756832
RWI,399.2056,-0.6293215,0.7631685,-1.757943
RWI,399.2132,-0.6274513,0.7665124,-1.758862
RWI,399.2225,-0.6258386,0.7697516,-1.760011
RWI,399.2296,-0.6242892,0.7732842,-1.760993
RWI,399.2381,-0.6227736,0.7766694,-1.762079
RWI,399.2468,-0.6214047,0.780463,-1.763007
RWI,399.2546,-0.620269,0.7843493,-1.764023
RWI,399.2632,-0.6188359,0.7882319,-1.765033
RWI,399.2719,-0.6176004,0.7918054,-1.765826
RWI,399.2801,-0.6162966,0.7959185,-1.76659
RWI,399.2882,-0.615097,0.8003418,-1.767497
RWI,399.2964,-0.6139506,0.8049866,-1.768349
RWI,399.3048,-0.6129329,0.8093816,-1.769059
RWI,399.3132,-0.6120629,0.8140773,-1.769753
RWI,399.3213,-0.611547,0.8187893,-1.770463
RWI,399.3297,-0.6110737,0.8236072,-1.771081
RWI,399.3381,-0.6108488,0.8281783,-1.771712
RWI,399.3473,-0.6106108,0.8331858,-1.772396
RWI,399.3546,-0.6107343,0.838187,-1.773128
RWI,399.3631,-0.6108675,0.8432354,-1.773663
RWI,399.3716,-0.6113397,0.8486374,-1.774225
RWI,399.38,-0.6115955,0.8538659,-1.774881
RWI,399.3881,-0.6120905,0.8592408,-1.775534
RWI,399.3965,-0.6128002,0.8648896,-1.776005
RWI,399.4051,-0.6131153,0.8704878,-1.776605
RWI,399.4132,-0.6137785,0.8761386,-1.777087
RWI,399.4227,-0.6145275,0.8819409,-1.777422
RWI,399.4304,-0.61536,0.8879777,-1.777743
RWI,399.4387,-0.6166034,0.8939778,-1.777848
RWI,399.4473,-0.6180256,0.9001394,-1.777941
RWI,399.4559,-0.6193667,0.9064489,-1.777861
RWI,399.4643,-0.6209887,0.9124415,-1.777897
RWI,399.4736,-0.6224461,0.9187307,-1.777914
RWI,399.481,-0.6240368,0.9252057,-1.777908
RWI,399.49,-0.6257478,0.931817,-1.778031
RWI,399.4979,-0.6274197,0.9381559,-1.777795
RWI,399.5069,-0.6290095,0.9444533,-1.777735
RWI,399.5154,-0.6309813,0.9515627,-1.77778
RWI,399.5235,-0.6329077,0.9578513,-1.777488
RWI,399.5324,-0.6350186,0.9649917,-1.777394
RWI,399.5415,-0.6373283,0.9716843,-1.777127
RWI,399.5494,-0.6396023,0.9785958,-1.776901
RWI,399.557,-0.6418443,0.9853234,-1.776657
RWI,399.5652,-0.644258,0.9920791,-1.776408
RWI,399.5733,-0.6464682,0.9987077,-1.776108
RWI,399.5821,-0.6489595,1.005358,-1.776
RWI,399.59,-0.6514545,1.012049,-1.775816
RWI,399.5989,-0.6540148,1.018811,-1.775942
RWI,399.6076,-0.6564969,1.025419,-1.775671
RWI,399.615,-0.6590852,1.032097,-1.775638
RWI,399.6242,-0.6617767,1.038658,-1.775585
RWI,399.632,-0.6646707,1.045312,-1.775491
RWI,399.6398,-0.6675652,1.051691,-1.775391
RWI,399.6489,-0.6705695,1.058207,-1.775291
RWI,399.6569,-0.6736743,1.064747,-1.775238
RWI,399.6656,-0.676682,1.071027,-1.775082
RWI,399.6746,-0.6797597,1.077523,-1.775252
RWI,399.6817,-0.6829573,1.083935,-1.77514
RWI,399.6903,-0.6858667,1.089799,-1.775063
RWI,399.6986,-0.6888245,1.096088,-1.775096
RWI,399.7072,-0.6921223,1.101702,-1.774666
RWI,399.7154,-0.6953343,1.107546,-1.77463
RWI,399.7234,-0.6987457,1.11305,-1.774182
RWI,399.732,-0.7020622,1.118386,-1.773661
RWI,399.7414,-0.7053795,1.123542,-1.773191
RWI,399.7486,-0.7087102,1.128601,-1.772807
RWI,399.7567,-0.7119681,1.133727,-1.772394
RWI,399.7651,-0.7153764,1.138459,-1.771563
RWI,399.7736,-0.7186819,1.143206,-1.770933
RWI,399.7825,-0.7220255,1.148013,-1.770057
RWI,399.7907,-0.7252661,1.152441,-1.768926
RWI,399.7991,-0.7288373,1.157108,-1.767723
RWI,399.8076,-0.7317687,1.161056,-1.766536
RWI,399.8149,-0.7347916,1.16557,-1.765063
RWI,399.8242,-0.7376981,1.169544,-1.763693
RWI,399.8322,-0.7406492,1.173855,-1.762313
RWI,399.84,-0.7433956,1.177752,-1.760615
RWI,399.8483,-0.7461678,1.181802,-1.758997
RWI,399.8569,-0.749088,1.185849,-1.757264
RWI,399.8658,-0.7518174,1.189898,-1.755589
RWI,399.8748,-0.754424,1.193927,-1.75371
RWI,399.8819,-0.7569702,1.197846,-1.751517
RWI,399.89,-0.7596087,1.201378,-1.749309
RWI,399.8983,-0.7620941,1.204979,-1.746577
RWI,399.9072,-0.7644231,1.208195,-1.743612
RWI,399.9151,-0.766959,1.211535,-1.740619
RWI,399.9237,-0.7692168,1.214705,-1.737814
RWI,399.9322,-0.7713118,1.218059,-1.735188
RWI,399.9437,-0.7734722,1.221459,-1.732483
RWI,399.9515,-0.7755502,1.224889,-1.729882
RWI,399.9573,-0.7780721,1.229179,-1.726439
RWI,399.964,-0.779558,1.231585,-1.724505
RWI,399.9722,-0.7812271,1.233884,-1.722503
RWI,399.9805,-0.7831067,1.237165,-1.719493
RWI,399.9892,-0.7850202,1.240538,-1.716569
RWI,399.9975,-0.7871591,1.243913,-1.713265
RWI,400.0063,-0.7889706,1.246927,-1.710136
RWI,400.0136,-0.7909766,1.249831,-1.707071
RWI,400.0235,-0.7926959,1.252745,-1.70399
RWI,400.0338,-0.7946874,1.256011,-1.700836
RWI,400.0428,-0.7968413,1.260012,-1.696854
RWI,400.0477,-0.7984404,1.263523,-1.693616
RWI,400.0559,-0.7993212,1.265264,-1.691679
RWI,400.0632,-0.8003074,1.267421,-1.689367
RWI,400.0717,-0.8016093,1.270236,-1.686462
RWI,400.0797,-0.8028765,1.272816,-1.683339
RWI,400.0881,-0.8042582,1.275503,-1.68049
RWI,400.0977,-0.8056831,1.277893,-1.677876
RWI,400.1049,-0.8071395,1.280724,-1.674983
RWI,400.113,-0.8081617,1.282553,-1.672931
RWI,400.1213,-0.8093331,1.284871,-1.670637
RWI,400.1294,-0.8105997,1.287151,-1.668206
RWI,400.1385,-0.8118358,1.289105,-1.665848
RWI,400.1469,-0.8130484,1.291111,-1.66349
RWI,400.1545,-0.8141705,1.292913,-1.661168
RWI,400.1633,-0.8152396,1.294719,-1.658959
RWI,400.1711,-0.8163065,1.29658,-1.656802
RWI,400.1808,-0.8172849,1.298268,-1.654711
RWI,400.1931,-0.818384,1.300148,-1.652691
RWI,400.2043,-0.8199984,1.302751,-1.649549
RWI,400.2126,-0.8214341,1.304946,-1.646565
RWI,400.2221,-0.8226554,1.306454,-1.644214
RWI,400.2295,-0.8235359,1.308021,-1.642076
RWI,400.2378,-0.8244748,1.309373,-1.639911
RWI,400.2461,-0.8255136,1.310955,-1.637679
RWI,400.2546,-0.8265926,1.312282,-1.635466
RWI,400.2629,-0.8276268,1.313662,-1.633017
RWI,400.2718,-0.8284749,1.315092,-1.630734
RWI,400.2793,-0.8293839,1.316179,-1.628175
RWI,400.2876,-0.8301931,1.317383,-1.625562
RWI,400.296,-0.8309865,1.318587,-1.622926
RWI,400.305,-0.8318027,1.319771,-1.620192
RWI,400.3127,-0.8326632,1.320912,-1.617273
RWI,400.3214,-0.8333991,1.321933,-1.614476
RWI,400.3294,-0.8342667,1.322774,-1.611505
RWI,400.3384,-0.8349648,1.323644,-1.608357
RWI,400.3467,-0.8354762,1.324538,-1.605269
RWI,400.3546,-0.8356431,1.325437,-1.601931
RWI,400.3626,-0.8359784,1.32625,-1.598942
RWI,400.3712,-0.8360367,1.326694,-1.595713
RWI,400.3801,-0.8357652,1.327053,-1.59241
RWI,400.3876,-0.8358116,1.327491,-1.589181
RWI,400.3961,-0.8357927,1.327315,-1.586067
RWI,400.4049,-0.835813,1.327509,-1.582981
RWI,400.4126,-0.8359026,1.32698,-1.580346
RWI,400.4216,-0.8359747,1.326568,-1.577663
RWI,400.4296,-0.8363121,1.326457,-1.574922
RWI,400.4379,-0.8367667,1.326192,-1.57264
RWI,400.4459,-0.8370345,1.32617,-1.570172
RWI,400.4547,-0.8375881,1.326071,-1.568271
RWI,400.4629,-0.8379461,1.32575,-1.566243
RWI,400.4716,-0.8382033,1.325829,-1.564117
RWI,400.4793,-0.8385381,1.325407,-1.562421
RWI,400.4877,-0.8389324,1.324946,-1.560941
RWI,400.4965,-0.8392865,1.324328,-1.559246
RWI,400.5048,-0.8396726,1.323776,-1.558327
RWI,400.5127,-0.8400817,1.323052,-1.556893
RWI,400.5214,-0.8404482,1.321628,-1.555752
RWI,400.5295,-0.8407652,1.320487,-1.554329
RWI,400.538,-0.8411295,1.318777,-1.553201
RWI,400.5468,-0.8414524,1.317531,-1.552171
RWI,400.5547,-0.8417825,1.315999,-1.55121
RWI,400.5627,-0.8421108,1.314375,-1.550337
RWI,400.5708,-0.8423886,1.312829,-1.549522
RWI,400.5799,-0.842407,1.311352,-1.548982
RWI,400.588,-0.842547,1.30997,-1.548309
RWI,400.5962,-0.8425403,1.308886,-1.548001
RWI,400.6057,-0.8422617,1.308594,-1.548165
RWI,400.6134,-0.8418512,1.308008,-1.548252
RWI,400.6232,-0.8412929,1.308116,-1.548067
RWI,400.6309,-0.8413578,1.307105,-1.548342
RWI,400.6388,-0.8411803,1.306251,-1.548367
RWI,400.6482,-0.8404974,1.304805,-1.548248
RWI,400.6581,-0.8402349,1.303187,-1.548221
RWI,400.6683,-0.8398854,1.301445,-1.548053
RWI,400.6784,-0.8395839,1.299789,-1.548505
RWI,400.6835,-0.8390045,1.298945,-1.549037
RWI,400.6884,-0.8390267,1.29899,-1.549506
RWI,400.696,-0.8388902,1.298272,-1.549819
RWI,400.7056,-0.8384701,1.298212,-1.550368
RWI,400.7129,-0.8378184,1.298394,-1.551188
RWI,400.7212,-0.8371893,1.299129,-1.5523
RWI,400.7298,-0.8367056,1.29983,-1.553506
RWI,400.7384,-0.8360039,1.30025,-1.554336
RWI,400.7465,-0.8353211,1.300693,-1.555329
RWI,400.7546,-0.8347844,1.300146,-1.556084
RWI,400.7627,-0.8338537,1.30063,-1.557039
RWI,400.7713,-0.8330366,1.300907,-1.557935
RWI,400.7808,-0.8319297,1.300884,-1.558724
RWI,400.7889,-0.8314295,1.300775,-1.559443
RWI,400.7961,-0.8304545,1.300885,-1.560235
RWI,400.8053,-0.8292539,1.300476,-1.561031
RWI,400.816,-0.8282647,1.300461,-1.562167
RWI,400.8261,-0.8262314,1.300485,-1.563635
RWI,400.8319,-0.8246652,1.300333,-1.565009
RWI,400.8376,-0.8235214,1.300376,-1.566038
RWI,400.8463,-0.8225523,1.300602,-1.567153
RWI,400.8543,-0.8207546,1.300645,-1.56849
RWI,400.863,-0.818881,1.300594,-1.569865
RWI,400.8715,-0.8167678,1.300567,-1.571332
RWI,400.8797,-0.814631,1.300412,-1.572859
RWI,400.8877,-0.8121388,1.300178,-1.574429
RWI,400.8962,-0.8099312,1.300137,-1.575998
RWI,400.9048,-0.8075811,1.299783,-1.57775
RWI,400.913,-0.8049461,1.299192,-1.579561
RWI,400.9215,-0.8024153,1.298756,-1.581308
RWI,400.9291,-0.7994841,1.298107,-1.58307
RWI,400.938,-0.7965413,1.297467,-1.584859
RWI,400.9468,-0.7935819,1.296876,-1.586639
RWI,400.9546,-0.790557,1.295975,-1.588417
RWI,400.9628,-0.7872471,1.294948,-1.590108
RWI,400.9712,-0.7841206,1.293987,-1.591867
RWI,400.9795,-0.7806557,1.292801,-1.593612
RWI,400.9876,-0.7772114,1.291467,-1.595521
RWI,400.9964,-0.7735702,1.290044,-1.597425
RWI,401.0049,-0.7702118,1.288392,-1.599158
RWI,401.0125,-0.76635,1.286609,-1.601272
RWI,401.0217,-0.7629095,1.284839,-1.60333
RWI,401.0294,-0.7590026,1.282919,-1.605382
RWI,401.0378,-0.7549967,1.280703,-1.607401
RWI,401.0462,-0.7509603,1.278509,-1.609536
RWI,401.0544,-0.7471366,1.276411,-1.611536
RWI,401.0629,-0.7429367,1.273695,-1.613973
RWI,401.0721,-0.7388424,1.270952,-1.616299
RWI,401.0792,-0.7346845,1.267937,-1.618708
RWI,401.0906,-0.7306762,1.264965,-1.621168
RWI,401.0979,-0.7250863,1.260383,-1.624586
RWI,401.1045,-0.7215663,1.257407,-1.626719
RWI,401.1131,-0.7183418,1.25451,-1.628668
RWI,401.1215,-0.7143093,1.250615,-1.631206
RWI,401.1292,-0.7102079,1.246495,-1.633804
RWI,401.1381,-0.7061144,1.242228,-1.636346
RWI,401.1467,-0.7020043,1.237291,-1.639078
RWI,401.1551,-0.6979836,1.232687,-1.641707
RWI,401.1635,-0.6938788,1.227123,-1.644495
RWI,401.1716,-0.6899732,1.221753,-1.647015
RWI,401.1803,-0.6860224,1.216221,-1.649663
RWI,401.1888,-0.6820692,1.210356,-1.652235
RWI,401.1974,-0.6782381,1.204643,-1.65496
RWI,401.2068,-0.6747648,1.198481,-1.657446
RWI,401.2141,-0.6707707,1.19262,-1.659849
RWI,401.2236,-0.66703,1.186555,-1.662083
RWI,401.2314,-0.6635122,1.179816,-1.664436
RWI,401.2396,-0.659896,1.17354,-1.666843
RWI,401.2484,-0.6562555,1.16704,-1.669276
RWI,401.2569,-0.6526697,1.160396,-1.671729
RWI,401.2654,-0.6492016,1.153758,-1.674111
RWI,401.2742,-0.646052,1.146878,-1.676271
RWI,401.2819,-0.6427516,1.139992,-1.678518
RWI,401.2899,-0.6398128,1.133292,-1.68089
RWI,401.2982,-0.63703,1.126252,-1.683019
RWI,401.3067,-0.63459,1.119156,-1.684921
RWI,401.3148,-0.6323299,1.111845,-1.687195
RWI,401.3231,-0.6300117,1.105015,-1.689507
RWI,401.3323,-0.6276145,1.098034,-1.691737
RWI,401.3409,-0.6249633,1.091228,-1.694061
RWI,401.3488,-0.6225828,1.084449,-1.696052
RWI,401.3564,-0.6204445,1.077215,-1.698162
RWI,401.3652,-0.618301,1.070281,-1.700245
RWI,401.3731,-0.6164124,1.063159,-1.702311
RWI,401.382,-0.6144199,1.056141,-1.704287
RWI,401.3898,-0.6131299,1.048833,-1.706345
RWI,401.3988,-0.6117374,1.041765,-1.708252
RWI,401.4073,-0.6103145,1.034585,-1.71017
RWI,401.415,-0.6093441,1.027572,-1.712097
RWI,401.4243,-0.6083372,1.020558,-1.713772
RWI,401.4315,-0.60746,1.013336,-1.715527
RWI,401.4397,-0.6066785,1.006487,-1.717146
RWI,401.4481,-0.6059399,0.9995645,-1.718778
RWI,401.4568,-0.6053412,0.9927008,-1.720539
RWI,401.4651,-0.6044886,0.9858124,-1.722214
RWI,401.4741,-0.6037414,0.9789578,-1.723939
RWI,401.4813,-0.6029071,0.9723122,-1.725527
RWI,401.4899,-0.6022265,0.9656612,-1.727135
RWI,401.4983,-0.6016641,0.9589282,-1.728687
RWI,401.5069,-0.6013529,0.9525266,-1.730077
RWI,401.5147,-0.6015479,0.9459084,-1.731627
RWI,401.5231,-0.6013839,0.9398032,-1.732782
RWI,401.5324,-0.6013225,0.9335967,-1.734075
RWI,401.5411,-0.6013873,0.9274197,-1.735293
RWI,401.5491,-0.6012296,0.9215477,-1.736508
RWI,401.5563,-0.6011071,0.9156261,-1.737692
RWI,401.5647,-0.6010081,0.910001,-1.738738
RWI,401.5731,-0.6012169,0.9038753,-1.739918
RWI,401.5819,-0.6012607,0.8980411,-1.740994
RWI,401.5901,-0.6015511,0.892203,-1.742138
RWI,401.5984,-0.6016826,0.8863309,-1.7432
RWI,401.6075,-0.6022751,0.8808646,-1.744186
RWI,401.6147,-0.603107,0.8756368,-1.745081
RWI,401.6238,-0.6039753,0.8704016,-1.745967
RWI,401.6313,-0.6047461,0.8651504,-1.746703
RWI,401.6396,-0.605432,0.8600348,-1.747486
RWI,401.6484,-0.6061691,0.8548788,-1.748259
RWI,401.6563,-0.6069562,0.8498802,-1.749027
RWI,401.6991,-0.607662,0.8451275,-1.749601
RWI,401.7066,-0.6124235,0.8203953,-1.751525
RWI,401.7126,-0.6135567,0.8167238,-1.752366
RWI,401.7209,-0.6143789,0.8133589,-1.752672
RWI,401.7293,-0.615567,0.8088552,-1.75292
RWI,401.7381,-0.616937,0.8044565,-1.753179
RWI,401.7463,-0.6182269,0.799985,-1.753427
RWI,401.7541,-0.6198206,0.7956082,-1.75373
RWI,401.7627,-0.6212193,0.791489,-1.754038
RWI,401.7711,-0.6227947,0.787394,-1.754273
RWI,401.7794,-0.6241784,0.7834187,-1.754482
RWI,401.7877,-0.625589,0.7793502,-1.754726
RWI,401.7967,-0.6271923,0.7753136,-1.754997
RWI,401.8049,-0.6287924,0.7712454,-1.755288
RWI,401.8125,-0.6303527,0.7671294,-1.755675
RWI,401.8221,-0.6316604,0.763409,-1.755949
RWI,401.8294,-0.6330275,0.7595713,-1.756221
RWI,401.8377,-0.6343495,0.7556772,-1.756539
RWI,401.8459,-0.6356539,0.7521439,-1.756681
RWI,401.8541,-0.6368878,0.7485583,-1.756695
RWI,401.8627,-0.6382128,0.7450746,-1.756579
RWI,401.8712,-0.6397809,0.741496,-1.756462
RWI,401.8793,-0.6413329,0.7380187,-1.756329
RWI,401.8875,-0.6433779,0.7346977,-1.756061
RWI,401.896,-0.6454317,0.7312627,-1.755863
RWI,401.9048,-0.647549,0.728159,-1.755271
RWI,401.9128,-0.6495088,0.7247568,-1.754999
RWI,401.9207,-0.6512651,0.721668,-1.754584
RWI,401.9293,-0.6531041,0.718748,-1.754099
RWI,401.9379,-0.6550378,0.7156472,-1.753806
RWI,401.9462,-0.6568199,0.712768,-1.753415
RWI,401.9548,-0.6584679,0.7101031,-1.753061
RWI,401.9623,-0.6599005,0.7078463,-1.752723
RWI,401.9709,-0.6613928,0.7053609,-1.752236
RWI,401.9794,-0.6627213,0.7032805,-1.751736
RWI,401.9873,-0.6638309,0.7015817,-1.751145
RWI,401.9957,-0.6648884,0.6998975,-1.750697
RWI,402.0054,-0.6661625,0.6981577,-1.750233
RWI,402.0131,-0.6676502,0.6962729,-1.749677
RWI,402.0212,-0.6690208,0.6952723,-1.749033
RWI,402.0294,-0.6704698,0.6941035,-1.748272
RWI,402.0374,-0.6715254,0.6934707,-1.74721
RWI,402.0461,-0.672383,0.6928577,-1.745538
RWI,402.0545,-0.6730072,0.6916162,-1.743608
RWI,402.0626,-0.6732534,0.6899362,-1.74197
RWI,402.0712,-0.6737761,0.6877433,-1.740907
RWI,402.0792,-0.674235,0.6852511,-1.740879
RWI,402.0876,-0.6751336,0.6830254,-1.740425
RWI,402.0971,-0.6775478,0.6811906,-1.740978
RWI,402.1044,-0.6795398,0.6793077,-1.740375
RWI,402.1125,-0.6817131,0.6806203,-1.739702
RWI,402.121,-0.6840826,0.6798518,-1.739167
RWI,402.129,-0.6864153,0.6800908,-1.7389
RWI,402.1381,-0.6884949,0.6804713,-1.739018
RWI,402.1463,-0.690184,0.6802728,-1.738794
RWI,402.1544,-0.6914605,0.6805902,-1.738707
RWI,402.163,-0.6924667,0.6810249,-1.738927
RWI,402.171,-0.6936284,0.6811759,-1.738661
RWI,402.1791,-0.6943521,0.6820154,-1.73908
RWI,402.1875,-0.6953272,0.6823261,-1.739078
RWI,402.1962,-0.6950776,0.6828042,-1.739246
RWI,402.2053,-0.6957681,0.6832958,-1.739464
RWI,402.2146,-0.6956451,0.6837775,-1.739951
RWI,402.2236,-0.6952341,0.6841573,-1.740669
RWI,402.2314,-0.6950003,0.684391,-1.741241
RWI,402.2395,-0.6938718,0.684728,-1.742513
RWI,402.2484,-0.6933537,0.6850152,-1.743325
RWI,402.2562,-0.6917763,0.6859148,-1.744787
RWI,402.2652,-0.6903578,0.6870218,-1.74584
RWI,402.2739,-0.6884559,0.6879268,-1.746342
RWI,402.2815,-0.6859749,0.6885813,-1.74633
RWI,402.2898,-0.6833221,0.6897811,-1.746317
RWI,402.2982,-0.680676,0.6915385,-1.746716
RWI,402.3067,-0.6779232,0.6925992,-1.746363
RWI,402.3147,-0.6749843,0.6937964,-1.745898
RWI,402.3229,-0.6723818,0.6945634,-1.745931
RWI,402.332,-0.669941,0.6949978,-1.745676
RWI,402.3412,-0.6671066,0.6962886,-1.74558
RWI,402.349,-0.6644484,0.6973858,-1.745832
RWI,402.36,-0.6621437,0.6989607,-1.746586
RWI,402.37,-0.6588393,0.7018993,-1.747543
RWI,402.3794,-0.6561365,0.7047855,-1.748444
RWI,402.3875,-0.6536309,0.7082461,-1.749333
RWI,402.3958,-0.6518023,0.7118237,-1.750447
RWI,402.4044,-0.649565,0.714702,-1.751075
RWI,402.4125,-0.6473273,0.7180284,-1.751888
RWI,402.4218,-0.6448963,0.72097,-1.752562
RWI,402.4291,-0.6425586,0.7244015,-1.753438
RWI,402.4373,-0.6400093,0.727552,-1.754041
RWI,402.446,-0.6376416,0.7304856,-1.754592
RWI,402.4544,-0.6353394,0.7338592,-1.755281
RWI,402.4623,-0.6328099,0.7370319,-1.755856
RWI,402.4709,-0.630632,0.7407748,-1.756786
RWI,402.4792,-0.6283773,0.7441657,-1.757571
RWI,402.4875,-0.6263525,0.7475026,-1.758474
RWI,402.4958,-0.6244722,0.7511368,-1.759555
RWI,402.5045,-0.6225348,0.7545126,-1.760502
RWI,402.5139,-0.6207446,0.7581277,-1.761598
RWI,402.5226,-0.6188968,0.7623468,-1.762918
RWI,402.5289,-0.6176714,0.7660589,-1.764217
RWI,402.5385,-0.6167752,0.7691365,-1.765282
RWI,402.5465,-0.6159086,0.7729989,-1.76676
RWI,402.5539,-0.6154283,0.7772004,-1.768169
RWI,402.5622,-0.614893,0.7812474,-1.769444
RWI,402.5731,-0.6142929,0.785823,-1.770605
RWI,402.5805,-0.6135343,0.7904464,-1.771361
RWI,402.5871,-0.6128758,0.795772,-1.7727
RWI,402.5956,-0.6123456,0.7994425,-1.773368
RWI,402.6046,-0.6123481,0.8042012,-1.774214
RWI,402.6123,-0.6127038,0.8089532,-1.775246
RWI,402.6212,-0.6134018,0.8138615,-1.776307
RWI,402.6293,-0.6143662,0.818607,-1.777325
RWI,402.6371,-0.6156641,0.8236787,-1.778468
RWI,402.6458,-0.6170761,0.8285567,-1.779513
RWI,402.6538,-0.618744,0.8336762,-1.780659
RWI,402.6627,-0.6204588,0.8388044,-1.781835
RWI,402.6734,-0.6224433,0.8436521,-1.782767
RWI,402.682,-0.6248564,0.8499265,-1.783885
RWI,402.687,-0.6277909,0.8554034,-1.784739
RWI,402.6959,-0.6292741,0.8584405,-1.785089
RWI,402.7065,-0.6319665,0.863272,-1.785731
RWI,402.7135,-0.635024,0.8682061,-1.786148
RWI,402.7214,-0.6380265,0.8732641,-1.786632
RWI,402.7297,-0.640651,0.8773446,-1.786933
RWI,402.7385,-0.6434023,0.8820756,-1.787267
RWI,402.7473,-0.6460702,0.8865747,-1.787503
RWI,402.7553,-0.6487256,0.8908828,-1.787667
RWI,402.7632,-0.6513609,0.8953468,-1.787766
RWI,402.7716,-0.6540852,0.8994709,-1.7878
RWI,402.7798,-0.6568338,0.9038211,-1.787713
RWI,402.7888,-0.6596801,0.9080595,-1.787569
RWI,402.7998,-0.662955,0.9120803,-1.787428
RWI,402.8103,-0.6675208,0.9180464,-1.786662
RWI,402.8214,-0.6713969,0.9234278,-1.786111
RWI,402.8303,-0.6755399,0.9288945,-1.785396
RWI,402.8381,-0.6786824,0.9334653,-1.78459
RWI,402.8463,-0.6812307,0.9377727,-1.78382
RWI,402.8549,-0.6839265,0.9419293,-1.783056
RWI,402.8634,-0.6864876,0.9462502,-1.78216
RWI,402.8721,-0.6892852,0.950595,-1.781254
RWI,402.8799,-0.6921937,0.9551913,-1.780392
RWI,402.8879,-0.6950041,0.9597319,-1.779342
RWI,402.8964,-0.6979747,0.9644512,-1.778301
RWI,402.9052,-0.700978,0.9694012,-1.777101
RWI,402.9134,-0.7040055,0.9745641,-1.775874
RWI,402.9215,-0.7068436,0.9799207,-1.774479
RWI,402.9297,-0.7096984,0.9849769,-1.773093
RWI,402.9389,-0.7124348,0.9902976,-1.771727
RWI,402.9473,-0.7153814,0.995681,-1.77027
RWI,402.955,-0.7183023,1.00098,-1.768867
RWI,402.9634,-0.7211959,1.006758,-1.76738
RWI,402.9716,-0.7239532,1.012578,-1.7658
RWI,402.98,-0.7268717,1.018556,-1.764325
RWI,402.9883,-0.72968,1.024751,-1.762791
RWI,402.9974,-0.7323189,1.030769,-1.761275
RWI,403.0063,-0.7349417,1.037721,-1.759624
RWI,403.0138,-0.7375998,1.043676,-1.757855
RWI,403.0232,-0.7401071,1.050013,-1.756072
RWI,403.0314,-0.7427162,1.056603,-1.754074
RWI,403.0391,-0.7453705,1.062727,-1.75229
RWI,403.0479,-0.748314,1.068729,-1.750347
RWI,403.0563,-0.7509851,1.074702,-1.748059
RWI,403.0649,-0.7538331,1.080831,-1.745911
RWI,403.0736,-0.7567235,1.0868,-1.743862
RWI,403.0817,-0.7593649,1.093001,-1.74168
RWI,403.0904,-0.7618385,1.099243,-1.739827
RWI,403.0984,-0.764163,1.106025,-1.737887
RWI,403.1065,-0.7668576,1.11292,-1.735884
RWI,403.1146,-0.7692838,1.119081,-1.733869
RWI,403.1234,-0.7718592,1.125349,-1.731646
RWI,403.1313,-0.7747962,1.131418,-1.729168
RWI,403.1405,-0.7777172,1.136874,-1.726462
RWI,403.1477,-0.7804875,1.142714,-1.723762
RWI,403.1563,-0.7835325,1.148442,-1.721277
RWI,403.1645,-0.7864246,1.154012,-1.718632
RWI,403.1732,-0.7890379,1.159802,-1.716239
RWI,403.1813,-0.7917662,1.165531,-1.713905
RWI,403.1897,-0.7942669,1.171123,-1.711393
RWI,403.1981,-0.7968816,1.176482,-1.709088
RWI,403.2067,-0.7996128,1.181667,-1.706635
RWI,403.2145,-0.802244,1.187239,-1.703728
RWI,403.2236,-0.8050407,1.192496,-1.700666
RWI,403.2311,-0.8076372,1.198059,-1.697626
RWI,403.2392,-0.8100348,1.203229,-1.694742
RWI,403.2477,-0.8125311,1.208534,-1.691722
RWI,403.2563,-0.8149743,1.213771,-1.68845
RWI,403.2647,-0.8173673,1.21887,-1.685189
RWI,403.2738,-0.8198695,1.223786,-1.681756
RWI,403.2809,-0.822082,1.228732,-1.678416
RWI,403.2892,-0.8243489,1.233543,-1.674955
RWI,403.2983,-0.8264968,1.238393,-1.671577
RWI,403.3062,-0.8286521,1.243112,-1.667971
RWI,403.3142,-0.8308175,1.247744,-1.664251
RWI,403.3226,-0.8329184,1.25215,-1.660583
RWI,403.3316,-0.8347854,1.256807,-1.656564
RWI,403.3404,-0.8368405,1.261207,-1.652914
RWI,403.3486,-0.8388468,1.265471,-1.649127
RWI,403.3563,-0.840727,1.269645,-1.645317
RWI,403.3985,-0.8428646,1.274183,-1.641623
RWI,403.4067,-0.8484713,1.292569,-1.623159
RWI,403.4129,-0.8498851,1.295425,-1.619433
RWI,403.4212,-0.8506991,1.297736,-1.616247
RWI,403.4292,-0.8517179,1.30046,-1.612685
RWI,403.4385,-0.8528487,1.302591,-1.608779
RWI,403.4473,-0.8539665,1.305373,-1.604383
RWI,403.4535,-0.8549163,1.307407,-1.60047
RWI,403.4622,-0.8554732,1.308785,-1.597763
RWI,403.4708,-0.856051,1.310696,-1.594566
RWI,403.4786,-0.8567577,1.312636,-1.591458
RWI,403.4872,-0.8574905,1.314392,-1.588634
RWI,403.4954,-0.8583191,1.315951,-1.585692
RWI,403.5041,-0.8593183,1.317301,-1.582897
RWI,403.5119,-0.8602541,1.318499,-1.580021
RWI,403.5203,-0.8613535,1.319447,-1.577371
RWI,403.5284,-0.8627295,1.320354,-1.57449
RWI,403.5379,-0.8637639,1.320838,-1.572336
RWI,403.5459,-0.8649256,1.321485,-1.569859
RWI,403.554,-0.8660305,1.321995,-1.567807
RWI,403.5621,-0.8672996,1.322625,-1.565631
RWI,403.5703,-0.8679516,1.323043,-1.564158
RWI,403.5794,-0.8689667,1.323549,-1.562244
RWI,403.5898,-0.8694962,1.323943,-1.561334
RWI,403.5987,-0.8701824,1.324512,-1.559725
RWI,403.604,-0.870568,1.325041,-1.558777
RWI,403.6123,-0.8707168,1.325276,-1.558479
RWI,403.6212,-0.8712477,1.325441,-1.557726
RWI,403.6287,-0.8719613,1.325261,-1.557172
RWI,403.637,-0.8724681,1.325196,-1.556166
RWI,403.6456,-0.8726591,1.324888,-1.555668
RWI,403.6537,-0.8731192,1.324256,-1.554962
RWI,403.6621,-0.8735615,1.323953,-1.554401
RWI,403.6711,-0.8733101,1.323182,-1.554135
RWI,403.6785,-0.8736551,1.323087,-1.553682
RWI,403.6868,-0.8735015,1.322328,-1.553638
RWI,403.6957,-0.8732933,1.321916,-1.553444
RWI,403.7043,-0.873385,1.321294,-1.553169
RWI,403.7123,-0.8734378,1.320502,-1.552806
RWI,403.7207,-0.8732719,1.319515,-1.552607
RWI,403.7288,-0.8722675,1.318506,-1.552476
RWI,403.7377,-0.8722838,1.317431,-1.552271
RWI,403.749,-0.8720601,1.316066,-1.551774
RWI,403.7577,-0.8715006,1.314878,-1.551861
RWI,403.7627,-0.8709162,1.313917,-1.552292
RWI,403.7705,-0.8696236,1.314688,-1.553342
RWI,403.7785,-0.8692364,1.314229,-1.553624
RWI,403.787,-0.8684167,1.312928,-1.554291
RWI,403.7955,-0.867291,1.311787,-1.553941
RWI,403.8041,-0.8665279,1.309757,-1.55389
RWI,403.8133,-0.8657941,1.307858,-1.553811
RWI,403.8224,-0.8646448,1.307119,-1.554016
RWI,403.8284,-0.8638812,1.306826,-1.553632
RWI,403.8368,-0.8627332,1.305328,-1.553718
RWI,403.8459,-0.8615215,1.304951,-1.554247
RWI,403.8538,-0.8605304,1.304518,-1.55502
RWI,403.8619,-0.8594428,1.303557,-1.555771
RWI,403.871,-0.8583535,1.303239,-1.556362
RWI,403.8788,-0.8573133,1.302418,-1.557507
RWI,403.887,-0.8560827,1.301905,-1.558064
RWI,403.8958,-0.8550312,1.301879,-1.558537
RWI,403.9061,-0.8536988,1.301546,-1.559177
RWI,403.9158,-0.8522678,1.30109,-1.560526
RWI,403.9211,-0.8506957,1.300939,-1.561371
RWI,403.9285,-0.8498387,1.300827,-1.561818
RWI,403.9376,-0.8483179,1.300342,-1.562401
RWI,403.9456,-0.8466977,1.3002,-1.563085
RWI,403.9542,-0.844945,1.300029,-1.563764
RWI,403.9619,-0.843195,1.299717,-1.564598
RWI,403.9702,-0.8413453,1.299548,-1.565275
RWI,403.9788,-0.8396171,1.299102,-1.565916
RWI,403.9868,-0.8377007,1.298963,-1.566761
RWI,403.9955,-0.8356031,1.298836,-1.567381
RWI,404.0042,-0.8336074,1.298624,-1.568231
RWI,404.0118,-0.83154,1.298772,-1.569617
RWI,404.0207,-0.8293779,1.298418,-1.570607
RWI,404.0287,-0.8270901,1.298286,-1.571458
RWI,404.0369,-0.8248788,1.297917,-1.57273
RWI,404.0455,-0.8226059,1.297582,-1.57398
RWI,404.0543,-0.8202859,1.297227,-1.575257
RWI,404.062,-0.8175777,1.296837,-1.576427
RWI,404.0711,-0.8151137,1.296322,-1.577635
RWI,404.0787,-0.8123041,1.295644,-1.578927
RWI,404.0905,-0.8095958,1.295017,-1.580172
RWI,404.0977,-0.8055971,1.294036,-1.581983
RWI,404.1043,-0.8031566,1.293553,-1.583217
RWI,404.1126,-0.8008401,1.292775,-1.584409
RWI,404.1204,-0.7979188,1.29173,-1.585809
RWI,404.1287,-0.7949617,1.290693,-1.586982
RWI,404.1377,-0.7917595,1.289507,-1.588337
RWI,404.1462,-0.7884656,1.288063,-1.589687
RWI,404.154,-0.7852837,1.286658,-1.591123
RWI,404.1627,-0.7817531,1.285082,-1.592676
RWI,404.1705,-0.7781347,1.28312,-1.594261
RWI,404.1786,-0.774567,1.281565,-1.595739
RWI,404.1876,-0.7709848,1.279661,-1.597362
RWI,404.1958,-0.7669733,1.277295,-1.59903
RWI,404.2057,-0.7631716,1.274984,-1.600715
RWI,404.2128,-0.7592778,1.272531,-1.602515
RWI,404.2224,-0.7555671,1.269905,-1.604444
RWI,404.2298,-0.7515656,1.267029,-1.606425
RWI,404.2379,-0.7475681,1.264037,-1.608397
RWI,404.2468,-0.7436599,1.260586,-1.610324
RWI,404.255,-0.7395418,1.257013,-1.612709
RWI,404.265,-0.7354021,1.253646,-1.614817
RWI,404.273,-0.7314323,1.249461,-1.617072
RWI,404.2808,-0.727375,1.245268,-1.619401
RWI,404.2896,-0.7233831,1.24111,-1.621803
RWI,404.2974,-0.7196354,1.236203,-1.624494
RWI,404.3063,-0.715726,1.231432,-1.626993
RWI,404.3145,-0.7118166,1.226472,-1.629513
RWI,404.3224,-0.7080207,1.221493,-1.631984
RWI,404.3313,-0.7041195,1.216359,-1.634307
RWI,404.3405,-0.7002963,1.210989,-1.636642
RWI,404.3483,-0.6964272,1.204909,-1.63889
RWI,404.3563,-0.6925026,1.199457,-1.641136
RWI,404.3643,-0.6888363,1.193548,-1.643215
RWI,404.3728,-0.6850786,1.187532,-1.645367
RWI,404.3813,-0.6815423,1.180821,-1.647475
RWI,404.3894,-0.6778667,1.17461,-1.649526
RWI,404.3978,-0.6743789,1.168147,-1.651487
RWI,404.4066,-0.6708399,1.161632,-1.65354
RWI,404.4141,-0.6674699,1.155022,-1.655581
RWI,404.4236,-0.6640785,1.148419,-1.657516
RWI,404.4309,-0.6605954,1.141629,-1.659544
RWI,404.4389,-0.6577038,1.134827,-1.661366
RWI,404.4473,-0.6545497,1.128139,-1.66327
RWI,404.456,-0.6515895,1.121246,-1.665247
RWI,404.4653,-0.6486253,1.114322,-1.667127
RWI,404.4734,-0.6456802,1.107606,-1.668763
RWI,404.4808,-0.6427437,1.100698,-1.670676
RWI,404.489,-0.6399601,1.094064,-1.672426
RWI,404.4976,-0.6374611,1.087204,-1.674316
RWI,404.5064,-0.6351784,1.080096,-1.676287
RWI,404.5142,-0.6330135,1.07303,-1.678216
RWI,404.5226,-0.6309317,1.066166,-1.680156
RWI,404.5314,-0.6289848,1.059336,-1.682247
RWI,404.5406,-0.6273713,1.052623,-1.684325
RWI,404.5477,-0.625609,1.045883,-1.686374
RWI,404.556,-0.6239284,1.039328,-1.688236
RWI,404.5643,-0.6224875,1.032515,-1.690274
RWI,404.5724,-0.6212567,1.025458,-1.692233
RWI,404.5815,-0.6202018,1.018271,-1.694128
RWI,404.5891,-0.6194015,1.010741,-1.696219
RWI,404.5977,-0.6188247,1.003594,-1.698531
RWI,404.6068,-0.618268,0.9964378,-1.700653
RWI,404.6143,-0.6178579,0.9894419,-1.70295
RWI,404.6234,-0.6174884,0.9829713,-1.705298
RWI,404.6313,-0.6172937,0.9767063,-1.707325
RWI,404.6389,-0.616769,0.9704877,-1.709559
RWI,404.6474,-0.6162986,0.9644531,-1.711562
RWI,404.6556,-0.6157227,0.9581742,-1.713482
RWI,404.6646,-0.6152319,0.9520243,-1.715497
RWI,404.6737,-0.6150203,0.9457603,-1.717508
RWI,404.6812,-0.6148808,0.9394207,-1.719411
RWI,404.689,-0.6149901,0.9332208,-1.721353
RWI,404.6973,-0.6152478,0.9271728,-1.723381
RWI,404.7071,-0.6154737,0.9211921,-1.725223
RWI,404.7143,-0.6159079,0.9153886,-1.727098
RWI,404.7227,-0.6162599,0.9095511,-1.728753
RWI,404.7324,-0.6168439,0.9037054,-1.730389
RWI,404.7402,-0.617519,0.8979079,-1.731885
RWI,404.7483,-0.6184577,0.8920225,-1.733363
RWI,404.756,-0.6193006,0.8863923,-1.734638
RWI,404.7641,-0.6199975,0.880695,-1.735952
RWI,404.7726,-0.6205853,0.8752572,-1.737138
RWI,404.7811,-0.6213044,0.8697221,-1.738328
RWI,404.789,-0.6219927,0.8641127,-1.7396
RWI,404.7978,-0.6225819,0.8589206,-1.740521
RWI,404.8072,-0.6231736,0.8536913,-1.741627
RWI,404.814,-0.6237179,0.8484781,-1.74279
RWI,404.8243,-0.6244404,0.8435868,-1.743604
RWI,404.8312,-0.6253129,0.8379723,-1.744481
RWI,404.8394,-0.6261765,0.833464,-1.745176
RWI,404.8477,-0.6273394,0.8285325,-1.745915
RWI,404.8557,-0.628511,0.8236697,-1.746626
RWI,404.8649,-0.629712,0.8189538,-1.747277
RWI,404.8736,-0.6312371,0.8144575,-1.747837
RWI,404.8812,-0.6323957,0.8098519,-1.748497
RWI,404.889,-0.6338456,0.8054222,-1.749187
RWI,404.8976,-0.6350644,0.8010805,-1.749751
RWI,404.9062,-0.6363301,0.7967024,-1.75039
RWI,404.9145,-0.6375585,0.7925326,-1.750909
RWI,404.9223,-0.6387329,0.7885136,-1.751367
RWI,404.9312,-0.6398396,0.7845075,-1.751866
RWI,404.9402,-0.6409626,0.7805989,-1.752289
RWI,404.9484,-0.6420975,0.7767528,-1.752702
RWI,404.9557,-0.6434765,0.7726867,-1.75311
RWI,404.9643,-0.6446803,0.769128,-1.753401
RWI,404.9724,-0.6460003,0.7654197,-1.753681
RWI,404.981,-0.6472999,0.7619134,-1.753861
RWI,404.9891,-0.6485991,0.7584663,-1.754016
RWI,404.9982,-0.6498829,0.7549698,-1.754169
RWI,405.007,-0.6511858,0.7517094,-1.754311
RWI,405.0143,-0.6524519,0.7487372,-1.754329
RWI,405.0234,-0.6537325,0.7455357,-1.75441
RWI,405.031,-0.6551375,0.7427174,-1.754512
RWI,405.0389,-0.6564056,0.7397684,-1.754558
RWI,405.0478,-0.6576455,0.7372519,-1.754571
RWI,405.0559,-0.6587807,0.7347199,-1.754614
RWI,405.0645,-0.6598911,0.7322446,-1.754649
RWI,405.0731,-0.660953,0.7298545,-1.754705
RWI,405.0811,-0.6619747,0.7276172,-1.754744
RWI,405.0893,-0.6631417,0.7253298,-1.754748
RWI,405.0976,-0.664042,0.7235289,-1.754691
RWI,405.1062,-0.6650593,0.7214727,-1.754684
RWI,405.1143,-0.6660513,0.7194296,-1.754739
RWI,405.1228,-0.6666262,0.7178783,-1.754869
RWI,405.1314,-0.6674252,0.7160921,-1.754893
RWI,405.1404,-0.6678054,0.7147992,-1.754985
RWI,405.1484,-0.6684782,0.713388,-1.75507
RWI,405.1561,-0.6691751,0.7117688,-1.755059
RWI,405.1641,-0.6694728,0.7104668,-1.755149
RWI,405.1725,-0.6699213,0.7090454,-1.755239
RWI,405.1809,-0.6702924,0.7076133,-1.755322
RWI,405.1891,-0.6707907,0.7062674,-1.755517
RWI,405.1978,-0.6712608,0.7049848,-1.75566
RWI,405.2069,-0.6719811,0.7036719,-1.755888
RWI,405.2141,-0.6726566,0.7024457,-1.756
RWI,405.2235,-0.6734568,0.7012483,-1.756169
RWI,405.231,-0.6743287,0.7000383,-1.756242
RWI,405.2389,-0.6749245,0.6987364,-1.756508
RWI,405.2474,-0.6758494,0.697302,-1.756682
RWI,405.2559,-0.6764085,0.6959344,-1.756749
RWI,405.2643,-0.676896,0.6946603,-1.756825
RWI,405.2735,-0.6774731,0.6933818,-1.756949
RWI,405.2806,-0.6780474,0.6920279,-1.757115
RWI,405.2894,-0.678626,0.6907046,-1.757258
RWI,405.2978,-0.6793909,0.6889757,-1.757383
RWI,405.3062,-0.6801674,0.6875269,-1.75754
RWI,405.3142,-0.6810939,0.6858749,-1.757815
RWI,405.3221,-0.6819189,0.6842846,-1.758063
RWI,405.3315,-0.6827161,0.6829612,-1.758296
RWI,405.3399,-0.6832562,0.6813162,-1.758498
RWI,405.3481,-0.6835018,0.6796927,-1.758641
RWI,405.3556,-0.6835374,0.6780168,-1.758713
RWI,405.3639,-0.683442,0.6767823,-1.75848
RWI,405.3722,-0.6831602,0.6762641,-1.757909
RWI,405.3813,-0.6832142,0.6754829,-1.757427
RWI,405.3893,-0.6835426,0.6753935,-1.756389
RWI,405.3977,-0.683393,0.6763965,-1.754711
RWI,405.4067,-0.6833684,0.6771424,-1.753677
RWI,405.4144,-0.6829143,0.6776248,-1.752276
RWI,405.4232,-0.6828156,0.6778545,-1.751194
RWI,405.4309,-0.6818416,0.6779956,-1.750338
RWI,405.4388,-0.6812883,0.6782429,-1.749534
RWI,405.4473,-0.6787659,0.6784851,-1.748602
RWI,405.4559,-0.6769623,0.67926,-1.747289
RWI,405.4641,-0.6749052,0.6799982,-1.746226
RWI,405.4731,-0.6731355,0.6810734,-1.745215
RWI,405.4806,-0.6711928,0.6822371,-1.744482
RWI,405.4891,-0.6687977,0.6836625,-1.744107
RWI,405.4975,-0.6666681,0.6858516,-1.744254
RWI,405.5065,-0.6642652,0.6875355,-1.743805
RWI,405.514,-0.6619776,0.6902798,-1.744555
RWI,405.5223,-0.6601798,0.6933335,-1.745469
RWI,405.5308,-0.6581355,0.6968719,-1.746446
RWI,405.5401,-0.6562637,0.7008334,-1.748088
RWI,405.5484,-0.6540024,0.7037981,-1.748997
RWI,405.5558,-0.6516013,0.7071311,-1.750672
RWI,405.5645,-0.6490712,0.709994,-1.751823
RWI,405.5724,-0.646421,0.7126665,-1.753667
RWI,405.5805,-0.6429294,0.7152963,-1.755419
RWI,405.5894,-0.6404757,0.7183565,-1.757162
RWI,405.5979,-0.6369978,0.7211244,-1.758604
RWI,405.6079,-0.6338584,0.7238256,-1.759961
RWI,405.6169,-0.6297753,0.7275322,-1.761755
RWI,405.6227,-0.6269248,0.7305361,-1.764202
RWI,405.6296,-0.6251344,0.7324901,-1.765197
RWI,405.6377,-0.6229728,0.7352481,-1.766523
RWI,405.6458,-0.6209848,0.7386144,-1.768497
RWI,405.6546,-0.6187057,0.742081,-1.77002
RWI,405.6625,-0.6168809,0.745679,-1.771941
RWI,405.6716,-0.6149663,0.7493957,-1.773436
RWI,405.6792,-0.6131479,0.7532211,-1.774869
RWI,405.6875,-0.6117454,0.757054,-1.77657
RWI,405.6962,-0.6102115,0.7610825,-1.777883
RWI,405.705,-0.6088165,0.7648863,-1.779188
RWI,405.7129,-0.6079308,0.7694185,-1.780811
RWI,405.7213,-0.6070541,0.773472,-1.781999
RWI,405.7292,-0.6063355,0.7776275,-1.783434
RWI,405.7378,-0.6055564,0.781925,-1.784636
RWI,405.7468,-0.6048947,0.7864027,-1.785919
RWI,405.7544,-0.6041489,0.7907964,-1.787022
RWI,405.7628,-0.603344,0.7954558,-1.788027
RWI,405.7709,-0.6029812,0.7994893,-1.789069
RWI,405.779,-0.6024665,0.8037354,-1.790057
RWI,405.7875,-0.6020617,0.8079277,-1.790939
RWI,405.7964,-0.6017207,0.8121938,-1.79177
RWI,405.8051,-0.6015747,0.816341,-1.792736
RWI,405.8129,-0.6015627,0.8206514,-1.793488
RWI,405.8229,-0.6015282,0.8248548,-1.79423
RWI,405.8298,-0.6016333,0.8292004,-1.794947
RWI,405.8376,-0.6017025,0.8329965,-1.795496
RWI,405.846,-0.6017661,0.8371446,-1.796149
RWI,405.8545,-0.6019535,0.8414319,-1.796503
RWI,405.8626,-0.6022918,0.845827,-1.796798
RWI,405.8716,-0.6027071,0.8505733,-1.796992
RWI,405.8794,-0.6031817,0.8550637,-1.796947
RWI,405.888,-0.6038708,0.8600531,-1.797066
RWI,405.8962,-0.6049118,0.8651595,-1.79696
RWI,405.9052,-0.6059486,0.8701963,-1.796934
RWI,405.9129,-0.6068873,0.8753589,-1.796744
RWI,405.922,-0.6076756,0.880444,-1.7965
RWI,405.93,-0.6086107,0.8856634,-1.796272
RWI,405.9397,-0.6095619,0.8908508,-1.79589
RWI,405.9476,-0.6104425,0.8964057,-1.795442
RWI,405.9557,-0.6113949,0.901943,-1.794941
RWI,405.964,-0.6123454,0.9075236,-1.79436
RWI,405.9742,-0.6134902,0.9133436,-1.793584
RWI,405.9815,-0.6144259,0.9192264,-1.792794
RWI,405.9888,-0.6154455,0.9254793,-1.791909
RWI,405.9973,-0.6165154,0.9306732,-1.790989
RWI,406.006,-0.6178122,0.9364296,-1.789982
RWI,406.014,-0.6192828,0.9422011,-1.788764
RWI,406.0232,-0.6208355,0.9480177,-1.787541
RWI,406.0309,-0.6225148,0.953864,-1.786347
RWI,406.0388,-0.6243444,0.9598501,-1.784867
RWI,406.0476,-0.6259549,0.9657233,-1.783479
RWI,406.056,-0.6277319,0.9718392,-1.78208
RWI,406.0658,-0.6294491,0.9781803,-1.780524
RWI,406.0756,-0.6316304,0.985699,-1.778741
RWI,406.0818,-0.6336147,0.9926162,-1.776939
RWI,406.0872,-0.6348941,0.996868,-1.775651
RWI,406.0975,-0.6361851,1.001204,-1.774401
RWI,406.1053,-0.6383989,1.008208,-1.772558
RWI,406.1121,-0.6407632,1.014495,-1.770772
RWI,406.1205,-0.642623,1.019787,-1.769155
RWI,406.1293,-0.6450345,1.025742,-1.767262
RWI,406.1375,-0.6476816,1.032072,-1.765386
RWI,406.1459,-0.6501473,1.038212,-1.76343
RWI,406.1539,-0.6525211,1.044335,-1.76146
RWI,406.1625,-0.6548499,1.050583,-1.759578
RWI,406.1702,-0.657261,1.056777,-1.757609
RWI,406.179,-0.6595919,1.063017,-1.75565
RWI,406.1872,-0.6618581,1.069022,-1.753518
RWI,406.1952,-0.664251,1.075137,-1.751641
RWI,406.204,-0.6670107,1.081177,-1.749505
RWI,406.2124,-0.6696191,1.087363,-1.747344
RWI,406.2209,-0.6724131,1.093343,-1.745036
RWI,406.2288,-0.6751131,1.099262,-1.742875
RWI,406.2372,-0.6781684,1.105178,-1.740833
RWI,406.2454,-0.6811311,1.111008,-1.738741
RWI,406.2539,-0.6840607,1.116863,-1.736673
RWI,406.2623,-0.6869463,1.122767,-1.734666
RWI,406.2709,-0.6894975,1.128594,-1.732734
RWI,406.2786,-0.6921219,1.134461,-1.730737
RWI,406.287,-0.6947826,1.1403,-1.728782
RWI,406.2955,-0.6971402,1.146059,-1.726744
RWI,406.3045,-0.6996922,1.151599,-1.724669
RWI,406.3122,-0.7023274,1.157425,-1.722602
RWI,406.3203,-0.7050508,1.162948,-1.720619
RWI,406.3284,-0.7079641,1.168469,-1.718762
RWI,406.3375,-0.7109654,1.17392,-1.716723
RWI,406.3458,-0.7140605,1.179319,-1.714535
RWI,406.3539,-0.7170001,1.184404,-1.712352
RWI,406.3626,-0.7198275,1.189654,-1.710122
RWI,406.3711,-0.7224126,1.194699,-1.707947
RWI,406.3796,-0.7250687,1.199752,-1.705724
RWI,406.3883,-0.7275161,1.204771,-1.703507
RWI,406.3961,-0.7300909,1.209743,-1.701329
RWI,406.4057,-0.7326447,1.214554,-1.6993
RWI,406.4133,-0.7354681,1.219575,-1.697256
RWI,406.4227,-0.7382482,1.224286,-1.695458
RWI,406.4305,-0.7412367,1.228876,-1.693747
RWI,406.4385,-0.7440894,1.233675,-1.691761
RWI,406.4473,-0.746511,1.238547,-1.689655
RWI,406.4553,-0.7489364,1.243536,-1.687168
RWI,406.4644,-0.7506801,1.248249,-1.684708
RWI,406.4728,-0.752681,1.25307,-1.682332
RWI,406.4802,-0.7547677,1.257391,-1.67968
RWI,406.4888,-0.756808,1.261807,-1.677187
RWI,406.4969,-0.7592504,1.265936,-1.674661
RWI,406.5059,-0.7619097,1.269937,-1.67227
RWI,406.5143,-0.7647746,1.274283,-1.670018
RWI,406.5221,-0.7676291,1.278406,-1.667744
RWI,406.5307,-0.7704694,1.282591,-1.665477
RWI,406.5401,-0.7729685,1.28685,-1.663264
RWI,406.548,-0.7750695,1.291383,-1.660932
RWI,406.5552,-0.777306,1.295764,-1.658527
RWI,406.5638,-0.7792706,1.299686,-1.656278
RWI,406.5718,-0.7816401,1.303731,-1.653805
RWI,406.5806,-0.7841598,1.307784,-1.651534
RWI,406.5886,-0.7865427,1.311438,-1.649031
RWI,406.5979,-0.7892763,1.314573,-1.646412
RWI,406.606,-0.7917909,1.317753,-1.643673
RWI,406.6136,-0.7942094,1.320842,-1.641006
RWI,406.623,-0.7963269,1.323206,-1.63778
RWI,406.6305,-0.7988563,1.326069,-1.634151
RWI,406.6389,-0.8007663,1.328067,-1.630846
RWI,406.6469,-0.8027203,1.330425,-1.627594
RWI,406.6551,-0.8047401,1.332511,-1.624499
RWI,406.6644,-0.8067662,1.334365,-1.62132
RWI,406.675,-0.8090013,1.336023,-1.618218
RWI,406.6837,-0.8120744,1.338107,-1.614376
RWI,406.6892,-0.8147112,1.339894,-1.611252
RWI,406.6951,-0.8162982,1.341023,-1.609344
RWI,406.7041,-0.8179099,1.342191,-1.607304
RWI,406.7122,-0.8202965,1.343611,-1.604252
RWI,406.7204,-0.8223473,1.34505,-1.601543
RWI,406.7284,-0.8242974,1.34651,-1.598633
RWI,406.7371,-0.8261024,1.347594,-1.595977
RWI,406.7456,-0.8282867,1.348786,-1.593185
RWI,406.7538,-0.8300238,1.349604,-1.59053
RWI,406.7622,-0.8317944,1.350068,-1.588057
RWI,406.7701,-0.8337103,1.350897,-1.58542
RWI,406.7783,-0.8353767,1.350948,-1.582803
RWI,406.7868,-0.8372471,1.350886,-1.580557
RWI,406.795,-0.8389262,1.350691,-1.578182
RWI,406.8046,-0.8407508,1.350757,-1.575891
RWI,406.8127,-0.8424839,1.350948,-1.573839
RWI,406.8219,-0.8442634,1.351527,-1.571752
RWI,406.8284,-0.8456083,1.352273,-1.569847
RWI,406.8371,-0.8470662,1.352882,-1.568218
RWI,406.8453,-0.8486642,1.353346,-1.566123
RWI,406.8535,-0.8500261,1.353545,-1.564293
RWI,406.8618,-0.8510965,1.353226,-1.562368
RWI,406.8706,-0.85185,1.352793,-1.560658
RWI,406.8789,-0.8523217,1.351837,-1.559235
RWI,406.887,-0.8530541,1.351081,-1.557768
RWI,406.8952,-0.8536887,1.349964,-1.556525
RWI,406.9044,-0.8540999,1.348417,-1.55504
RWI,406.9119,-0.8548383,1.347309,-1.55423
RWI,406.92,-0.8554058,1.345661,-1.55316
RWI,406.9285,-0.8556092,1.343732,-1.552184
RWI,406.9372,-0.8555993,1.341545,-1.551547
RWI,406.9454,-0.8561398,1.338912,-1.551017
RWI,406.9542,-0.8565025,1.336491,-1.55046
RWI,406.9628,-0.8567201,1.333941,-1.550383
RWI,406.9705,-0.8571203,1.332049,-1.550004
RWI,406.9796,-0.8570291,1.330155,-1.549606
RWI,406.9876,-0.8566629,1.328394,-1.549524
RWI,406.9959,-0.8565512,1.327016,-1.549204
RWI,407.005,-0.8560119,1.325485,-1.548799
RWI,407.0134,-0.8557357,1.324242,-1.548772
RWI,407.0222,-0.85528,1.322546,-1.548514
RWI,407.0301,-0.8552798,1.32092,-1.548515
RWI,407.0385,-0.8553654,1.319148,-1.548457
RWI,407.047,-0.8553002,1.317403,-1.548243
RWI,407.0556,-0.8548614,1.315578,-1.548504
RWI,407.0647,-0.8541273,1.314317,-1.548883
RWI,407.0725,-0.8534443,1.314368,-1.548784
RWI,407.0807,-0.8530334,1.313787,-1.549061
RWI,407.0891,-0.8527198,1.313244,-1.54944
RWI,407.0976,-0.852219,1.31289,-1.54971
RWI,407.1057,-0.8514935,1.312588,-1.550185
RWI,407.1137,-0.8505079,1.312514,-1.550735
RWI,407.1219,-0.8497884,1.312144,-1.551229
RWI,407.1316,-0.8486021,1.311592,-1.551509
RWI,407.14,-0.8474619,1.310692,-1.551574
RWI,407.1486,-0.8465053,1.310546,-1.552284
RWI,407.1555,-0.8455906,1.31037,-1.55311
RWI,407.1638,-0.844344,1.309472,-1.55361
RWI,407.1722,-0.8430955,1.309579,-1.554261
RWI,407.1808,-0.8408293,1.309235,-1.554977
RWI,407.1886,-0.839072,1.309643,-1.556069
RWI,407.1972,-0.8372015,1.310078,-1.557168
RWI,407.2065,-0.8355511,1.31018,-1.558731
RWI,407.2138,-0.8335559,1.310598,-1.560077
RWI,407.2233,-0.8315322,1.310921,-1.561443
RWI,407.2307,-0.8290837,1.311365,-1.562951
RWI,407.2387,-0.8267274,1.311325,-1.564315
RWI,407.2469,-0.824087,1.311318,-1.565798
RWI,407.2554,-0.8216758,1.311257,-1.56716
RWI,407.264,-0.8187073,1.310925,-1.568631
RWI,407.2736,-0.8159057,1.310437,-1.570382
RWI,407.2802,-0.8131627,1.310065,-1.57194
RWI,407.2892,-0.8102227,1.309466,-1.57387
RWI,407.2991,-0.8072806,1.30887,-1.575701
RWI,407.3087,-0.803515,1.308264,-1.577971
RWI,407.3149,-0.7994821,1.307375,-1.580604
RWI,407.32,-0.7971072,1.306894,-1.582091
RWI,407.3282,-0.7950299,1.306409,-1.583463
RWI,407.3368,-0.7915296,1.305557,-1.585746
RWI,407.3461,-0.7880849,1.304369,-1.588133
RWI,407.3535,-0.7846032,1.303279,-1.590405
RWI,407.3616,-0.7808145,1.301734,-1.592482
RWI,407.3699,-0.7771441,1.300107,-1.594854
RWI,407.3784,-0.7734672,1.298342,-1.597394
RWI,407.3868,-0.7699046,1.296138,-1.600167
RWI,407.3948,-0.7659709,1.294197,-1.602768
RWI,407.4034,-0.7622782,1.292175,-1.605379
RWI,407.4117,-0.7585181,1.289894,-1.608436
RWI,407.4198,-0.754451,1.28752,-1.611241
RWI,407.4285,-0.7506215,1.284802,-1.614063
RWI,407.4364,-0.7464547,1.282023,-1.617004
RWI,407.4457,-0.7425837,1.279283,-1.619894
RWI,407.4532,-0.7386109,1.275907,-1.622911
RWI,407.4618,-0.7346539,1.272627,-1.625921
RWI,407.4705,-0.730617,1.269154,-1.629021
RWI,407.4785,-0.7265602,1.265706,-1.632179
RWI,407.4864,-0.7226208,1.261462,-1.635497
RWI,407.495,-0.7186582,1.257809,-1.638596
RWI,407.5039,-0.7146372,1.253417,-1.641799
RWI,407.512,-0.7106589,1.249099,-1.645113
RWI,407.5199,-0.7067648,1.24455,-1.648234
RWI,407.5281,-0.702769,1.240033,-1.651474
RWI,407.5367,-0.6988952,1.235221,-1.65464
RWI,407.5453,-0.6945124,1.230771,-1.657494
RWI,407.5536,-0.6903998,1.225785,-1.66052
RWI,407.5614,-0.6864147,1.220629,-1.663489
RWI,407.5701,-0.6823468,1.215397,-1.666507
RWI,407.5787,-0.6784045,1.209679,-1.66944
RWI,407.5872,-0.6744559,1.20374,-1.672444
RWI,407.5952,-0.6708606,1.196972,-1.675487
RWI,407.6046,-0.6673102,1.190326,-1.6781
RWI,407.6122,-0.6636038,1.183596,-1.680899
RWI,407.6215,-0.6603616,1.176641,-1.683583
RWI,407.6292,-0.6568238,1.169351,-1.686302
RWI,407.6381,-0.6533555,1.162188,-1.689294
RWI,407.6461,-0.649936,1.154675,-1.692113
RWI,407.6548,-0.6467021,1.147179,-1.694615
RWI,407.6633,-0.6434009,1.139841,-1.69723
RWI,407.6723,-0.6405192,1.131684,-1.699588
RWI,407.6805,-0.63726,1.123895,-1.702008
RWI,407.6885,-0.6342422,1.115605,-1.704082
RWI,407.6972,-0.6312122,1.107544,-1.705999
RWI,407.7058,-0.6283088,1.099183,-1.707843
RWI,407.7142,-0.625546,1.090699,-1.709441
RWI,407.722,-0.6229469,1.082164,-1.711085
RWI,407.7303,-0.620415,1.073737,-1.71258
RWI,407.7401,-0.6180741,1.065076,-1.714033
RWI,407.7469,-0.6157064,1.056319,-1.715439
RWI,407.7556,-0.6137254,1.047986,-1.716846
RWI,407.764,-0.6114626,1.039429,-1.718202
RWI,407.7718,-0.6095856,1.030756,-1.719352
RWI,407.7801,-0.6075072,1.022395,-1.720523
RWI,407.7885,-0.6056399,1.013849,-1.721549
RWI,407.7975,-0.6039879,1.005485,-1.722714
RWI,407.8058,-0.6023319,0.9969738,-1.723728
RWI,407.8141,-0.6008392,0.9884712,-1.72487
RWI,407.8232,-0.5996095,0.9799266,-1.725772
RWI,407.8308,-0.5985168,0.9712757,-1.726837
RWI,407.8396,-0.5978353,0.9632141,-1.727678
RWI,407.8471,-0.5977941,0.9546164,-1.728631
RWI,407.8552,-0.5971217,0.9468308,-1.729368
RWI,407.8642,-0.5966262,0.9393818,-1.73012
RWI,407.8726,-0.5961151,0.9315594,-1.730783
RWI,407.8803,-0.5957775,0.9238384,-1.731508
RWI,407.8888,-0.5954834,0.916499,-1.731893
RWI,407.8971,-0.5953898,0.9090667,-1.732628
RWI,407.9054,-0.5948756,0.9018432,-1.733134
RWI,407.914,-0.5948873,0.8945378,-1.733784
RWI,407.9223,-0.5948766,0.8870926,-1.734386
RWI,407.9306,-0.5956407,0.8800564,-1.734868
RWI,407.9391,-0.5962939,0.873106,-1.735311
RWI,407.948,-0.5973629,0.8659781,-1.735631
RWI,407.9552,-0.5984126,0.8593539,-1.736048
RWI,407.9636,-0.5995145,0.8527763,-1.736302
RWI,407.9722,-0.6006875,0.8462438,-1.736592
RWI,407.9802,-0.6020563,0.839833,-1.736815
RWI,407.9885,-0.6032023,0.8333676,-1.737161
RWI,407.998,-0.6046027,0.8271192,-1.73753
RWI,408.0059,-0.6057881,0.8212156,-1.737864
RWI,408.0134,-0.6072647,0.8152272,-1.738249
RWI,408.0229,-0.60893,0.809531,-1.73876
RWI,408.0303,-0.6106642,0.8034624,-1.739172
RWI,408.0384,-0.6123158,0.7979475,-1.739556
RWI,408.0472,-0.6146039,0.7926824,-1.739911
RWI,408.0555,-0.6169133,0.7867637,-1.74041
RWI,408.0641,-0.6197678,0.7812948,-1.74089
RWI,408.0728,-0.6225561,0.7756335,-1.741384
RWI,408.0805,-0.6255711,0.7699013,-1.741959
RWI,408.0888,-0.6289135,0.7642294,-1.742783
RWI,408.0985,-0.6327238,0.7585011,-1.743915
RWI,408.1057,-0.6365609,0.7521023,-1.74481
RWI,408.1135,-0.6394751,0.747875,-1.745574
RWI,408.1218,-0.6422371,0.7427852,-1.746613
RWI,408.1308,-0.6448416,0.737944,-1.74746
RWI,408.1391,-0.647177,0.7331592,-1.748601
RWI,408.148,-0.6494598,0.7282754,-1.749487
RWI,408.1551,-0.6516965,0.7238387,-1.750605
RWI,408.1635,-0.6536816,0.7196069,-1.751739
RWI,408.1721,-0.655826,0.7154914,-1.752926
RWI,408.1803,-0.6581945,0.7112949,-1.753882
RWI,408.1884,-0.660548,0.7079537,-1.755359
RWI,408.1972,-0.6628928,0.7048745,-1.756258
RWI,408.206,-0.6650837,0.701683,-1.757445
RWI,408.2134,-0.6669053,0.6991997,-1.75832
RWI,408.2228,-0.6688414,0.6969607,-1.75894
RWI,408.2307,-0.6705314,0.6951406,-1.759425
RWI,408.2383,-0.671939,0.6936786,-1.760102
RWI,408.2467,-0.6733087,0.6922055,-1.760626
RWI,408.2552,-0.674885,0.6906822,-1.761167
RWI,408.264,-0.6760801,0.6894405,-1.761739
RWI,408.2724,-0.6773472,0.6882923,-1.762214
RWI,408.28,-0.6784765,0.6874582,-1.762722
RWI,408.2883,-0.6795514,0.6866242,-1.762942
RWI,408.2973,-0.6799607,0.6859992,-1.76299
RWI,408.3058,-0.6804891,0.685335,-1.763066
RWI,408.3139,-0.680193,0.6844741,-1.763039
RWI,408.3216,-0.6800267,0.683615,-1.762708
RWI,408.3304,-0.6794338,0.6827925,-1.762457
RWI,408.3399,-0.6787731,0.6820146,-1.762139
RWI,408.3484,-0.6787136,0.6810668,-1.761814
RWI,408.3553,-0.6781443,0.6803829,-1.76168
RWI,408.3638,-0.6779586,0.6797256,-1.761479
RWI,408.3717,-0.6777236,0.6790033,-1.761345
RWI,408.3805,-0.6772749,0.6787681,-1.761096
RWI,408.3886,-0.6769232,0.6783066,-1.760692
RWI,408.3971,-0.676492,0.6780298,-1.760078
RWI,408.4058,-0.6761469,0.6780738,-1.75966
RWI,408.4135,-0.6757708,0.6783704,-1.758997
RWI,408.4226,-0.6757398,0.6795558,-1.757649
RWI,408.4304,-0.6755056,0.6809448,-1.756446
RWI,408.4385,-0.6748706,0.6820091,-1.754538
RWI,408.4467,-0.6742871,0.6830981,-1.753042
RWI,408.4549,-0.6727394,0.6838571,-1.750315
RWI,408.464,-0.670537,0.6843843,-1.748378
RWI,408.4728,-0.6681244,0.6849886,-1.746718
RWI,408.4801,-0.6661632,0.6859461,-1.745087
RWI,408.4883,-0.664761,0.6867291,-1.743783
RWI,408.4967,-0.6625745,0.6886125,-1.743018
RWI,408.5054,-0.6606729,0.6897175,-1.742158
RWI,408.514,-0.6584339,0.6906538,-1.741547
RWI,408.5219,-0.6562028,0.6918665,-1.741096
RWI,408.5307,-0.6537341,0.69296,-1.740648
RWI,408.5427,-0.6516167,0.6946408,-1.740254
RWI,408.554,-0.6484826,0.697264,-1.740163
RWI,408.5616,-0.6454892,0.7012476,-1.740734
RWI,408.5695,-0.6436601,0.7035201,-1.741488
RWI,408.5778,-0.6416643,0.7062901,-1.742642
RWI,408.5862,-0.6393735,0.7086011,-1.74379
RWI,408.5949,-0.6372598,0.7106428,-1.744597
RWI,408.603,-0.6342262,0.7132385,-1.745752
RWI,408.6113,-0.6315745,0.7155225,-1.7464
RWI,408.6196,-0.6286076,0.7177087,-1.747277
RWI,408.6278,-0.625923,0.7199857,-1.747969
RWI,408.6359,-0.6233881,0.7224609,-1.749131
RWI,408.645,-0.6214198,0.7258131,-1.750454
RWI,408.653,-0.6193301,0.7286621,-1.75154
RWI,408.6613,-0.6179047,0.7319462,-1.753049
RWI,408.6696,-0.6170819,0.7349871,-1.754577
RWI,408.6778,-0.6156222,0.7379946,-1.755925
RWI,408.6861,-0.6146991,0.7409266,-1.75725
RWI,408.6947,-0.6133599,0.7439404,-1.758293
RWI,408.7034,-0.6123788,0.7469876,-1.759655
RWI,408.7111,-0.6112368,0.7499208,-1.760744
RWI,408.7195,-0.6100421,0.7529491,-1.7617
RWI,408.728,-0.6092796,0.7563064,-1.762891
RWI,408.737,-0.6085353,0.759336,-1.763785
RWI,408.7445,-0.6080214,0.7624921,-1.764995
RWI,408.753,-0.6075668,0.7661025,-1.765809
RWI,408.7616,-0.6073305,0.7695447,-1.766572
RWI,408.7704,-0.606815,0.7729098,-1.767234
RWI,408.7784,-0.6065236,0.7768275,-1.767772
RWI,408.787,-0.60628,0.7803618,-1.768466
RWI,408.7954,-0.6058837,0.7842404,-1.768826
RWI,408.8032,-0.6054107,0.7879711,-1.769219
RWI,408.8125,-0.6049689,0.7911876,-1.769554
RWI,408.8215,-0.6041806,0.7952442,-1.769974
RWI,408.8298,-0.6037366,0.7983442,-1.770285
RWI,408.8375,-0.6030972,0.8021384,-1.770436
RWI,408.8481,-0.6027232,0.8053767,-1.770707
RWI,408.8639,-0.6024307,0.8100333,-1.771321
RWI,408.8711,-0.6025593,0.8163151,-1.772277
RWI,408.8785,-0.6030466,0.8190954,-1.772284
RWI,408.8863,-0.603555,0.8225299,-1.772657
RWI,408.8994,-0.6042371,0.8259084,-1.773079
RWI,408.9046,-0.6051397,0.8314277,-1.774012
RWI,408.9138,-0.6055047,0.8336053,-1.774042
RWI,408.9244,-0.6061302,0.8373834,-1.774388
RWI,408.9315,-0.6071534,0.8416673,-1.774834
RWI,408.9429,-0.6079017,0.8447815,-1.775122
RWI,408.9554,-0.6087241,0.8497692,-1.775741
RWI,408.961,-0.6103968,0.8553543,-1.776286
RWI,408.9695,-0.611021,0.8580441,-1.776536
RWI,408.978,-0.6121652,0.8614011,-1.776766
RWI,408.9863,-0.6135024,0.8649683,-1.776973
RWI,408.9943,-0.6148211,0.8688214,-1.777261
RWI,409.003,-0.6162254,0.8726503,-1.777257
RWI,409.0112,-0.6174684,0.8766554,-1.777324
RWI,409.0193,-0.6186385,0.880955,-1.777121
RWI,409.028,-0.619431,0.8855914,-1.77677
RWI,409.0359,-0.620444,0.8900378,-1.776541
RWI,409.0442,-0.6213499,0.8950895,-1.775955
RWI,409.053,-0.6223159,0.8997676,-1.77542
RWI,409.062,-0.6233645,0.9052591,-1.774572
RWI,409.0699,-0.6244677,0.9104997,-1.773697
RWI,409.0778,-0.6257384,0.9159777,-1.772712
RWI,409.0865,-0.6273032,0.921686,-1.771733
RWI,409.0959,-0.6290033,0.9279361,-1.770418
RWI,409.1032,-0.6309619,0.9348693,-1.76916
RWI,409.1112,-0.632334,0.940128,-1.768073
RWI,409.1194,-0.6340894,0.9466012,-1.766669
RWI,409.128,-0.6358575,0.953189,-1.765218
RWI,409.1372,-0.6377184,0.9601136,-1.763976
RWI,409.1446,-0.6396897,0.9673074,-1.762611
RWI,409.1531,-0.6415848,0.9743701,-1.761066
RWI,409.1613,-0.6436744,0.9818541,-1.759366
RWI,409.1696,-0.6458192,0.9887624,-1.757978
RWI,409.1778,-0.6483557,0.9961847,-1.756347
RWI,409.1864,-0.6506265,1.003376,-1.754918
RWI,409.1945,-0.6532661,1.011289,-1.753273
RWI,409.2035,-0.6555588,1.018691,-1.7518
RWI,409.2108,-0.6579967,1.026117,-1.750082
RWI,409.2203,-0.6606319,1.033687,-1.748439
RWI,409.228,-0.6634735,1.041185,-1.746897
RWI,409.2362,-0.6662912,1.048638,-1.745214
RWI,409.2441,-0.6692101,1.056015,-1.743623
RWI,409.2527,-0.6724576,1.06344,-1.741955
RWI,409.2608,-0.6754604,1.070745,-1.740316
RWI,409.2707,-0.6787573,1.078062,-1.738553
RWI,409.2775,-0.6823022,1.085395,-1.736844
RWI,409.2862,-0.6856197,1.092441,-1.735085
RWI,409.2941,-0.6894159,1.09939,-1.733442
RWI,409.3039,-0.6928712,1.106335,-1.731779
RWI,409.3111,-0.6968427,1.113212,-1.730201
RWI,409.3195,-0.7003185,1.119928,-1.728671
RWI,409.3275,-0.7038704,1.126959,-1.726864
RWI,409.3396,-0.7074313,1.134022,-1.725505
RWI,409.349,-0.7109761,1.141178,-1.724006
RWI,409.3547,-0.7161593,1.151062,-1.721812
RWI,409.3612,-0.7188501,1.155992,-1.720604
RWI,409.3692,-0.7215431,1.160825,-1.719324
RWI,409.378,-0.7256917,1.166769,-1.71728
RWI,409.3862,-0.729416,1.17261,-1.715152
RWI,409.3947,-0.7331872,1.178209,-1.713081
RWI,409.403,-0.7369096,1.18425,-1.711227
RWI,409.4109,-0.7404148,1.189846,-1.709104
RWI,409.4192,-0.7438051,1.195469,-1.707232
RWI,409.4281,-0.7471318,1.201163,-1.705032
RWI,409.4358,-0.7503577,1.206831,-1.70288
RWI,409.4452,-0.7536665,1.212304,-1.70085
RWI,409.4528,-0.7573393,1.217643,-1.698689
RWI,409.4613,-0.7610279,1.222739,-1.696521
RWI,409.4725,-0.7646865,1.227666,-1.694399
RWI,409.4818,-0.7690159,1.233663,-1.691631
RWI,409.4868,-0.7730713,1.239197,-1.688516
RWI,409.4941,-0.775163,1.241744,-1.687476
RWI,409.5032,-0.7775225,1.24581,-1.684824
RWI,409.5111,-0.7800165,1.250078,-1.68189
RWI,409.5193,-0.7827308,1.254509,-1.679185
RWI,409.5275,-0.785279,1.258797,-1.676402
RWI,409.5362,-0.7878846,1.263032,-1.673777
RWI,409.5444,-0.7907993,1.266907,-1.671127
RWI,409.5531,-0.7936935,1.270937,-1.66842
RWI,409.5608,-0.7969553,1.274564,-1.665246
RWI,409.5691,-0.7998582,1.278154,-1.662535
RWI,409.5777,-0.8026397,1.281798,-1.659759
RWI,409.586,-0.8052405,1.285299,-1.656896
RWI,409.5942,-0.8074844,1.28898,-1.654118
RWI,409.6034,-0.8096496,1.292745,-1.651414
RWI,409.6111,-0.8117797,1.296745,-1.648473
RWI,409.6192,-0.8140299,1.300368,-1.645832
RWI,409.6276,-0.8162076,1.30391,-1.643111
RWI,409.636,-0.8184382,1.307386,-1.640296
RWI,409.6443,-0.8209632,1.310715,-1.637314
RWI,409.6526,-0.8232071,1.313934,-1.634433
RWI,409.6608,-0.8251812,1.316809,-1.63147
RWI,409.6695,-0.8272577,1.319647,-1.62852
RWI,409.678,-0.8292333,1.322552,-1.625785
RWI,409.6859,-0.8311616,1.325194,-1.622911
RWI,409.6942,-0.8331544,1.32797,-1.6202
RWI,409.7032,-0.8351426,1.330449,-1.617415
RWI,409.7112,-0.8372036,1.333126,-1.614592
RWI,409.7194,-0.8390276,1.335079,-1.611795
RWI,409.7278,-0.8407947,1.3372,-1.609061
RWI,409.7367,-0.8425158,1.338893,-1.60628
RWI,409.7441,-0.8442544,1.340602,-1.603504
RWI,409.7528,-0.8455607,1.34195,-1.601085
RWI,409.7609,-0.8470041,1.343514,-1.598453
RWI,409.7697,-0.8482056,1.345013,-1.59613
RWI,409.7789,-0.8494657,1.346641,-1.593857
RWI,409.7876,-0.8511149,1.348086,-1.591097
RWI,409.7945,-0.8528105,1.34946,-1.588872
RWI,409.8038,-0.8541691,1.350662,-1.586562
RWI,409.8123,-0.8558088,1.351075,-1.584077
RWI,409.8211,-0.8571329,1.350967,-1.581607
RWI,409.8285,-0.8581785,1.350488,-1.579042
RWI,409.8374,-0.8590664,1.349548,-1.576639
RWI,409.8464,-0.859683,1.348599,-1.574282
RWI,409.8554,-0.8607555,1.347607,-1.572459
RWI,409.8632,-0.861641,1.346689,-1.570482
RWI,409.8722,-0.8625327,1.34642,-1.569011
RWI,409.8799,-0.8634762,1.346593,-1.567936
RWI,409.888,-0.8641912,1.346158,-1.566014
RWI,409.8965,-0.8650438,1.346515,-1.564865
RWI,409.9053,-0.8657749,1.346528,-1.562988
RWI,409.9129,-0.8664755,1.346903,-1.562008
RWI,409.9216,-0.8668404,1.347054,-1.560554
RWI,409.9301,-0.8673168,1.34693,-1.559526
RWI,409.9402,-0.8674663,1.346906,-1.558435
RWI,409.9468,-0.8676773,1.346753,-1.557851
RWI,409.955,-0.8676898,1.346451,-1.557198
RWI,409.9635,-0.8673311,1.345925,-1.556589
RWI,409.9718,-0.8669659,1.345479,-1.556161
RWI,409.9796,-0.8664895,1.344966,-1.55551
RWI,409.9878,-0.8659011,1.344107,-1.555206
RWI,409.9963,-0.8652977,1.342899,-1.554792
RWI,410.0058,-0.8644428,1.341888,-1.554265
RWI,410.013,-0.8638256,1.339978,-1.554159
RWI,410.0226,-0.8635134,1.338751,-1.553631
RWI,410.0298,-0.8625349,1.336949,-1.55331
RWI,410.0382,-0.8619937,1.335461,-1.552981
RWI,410.0465,-0.8611251,1.333998,-1.552495
RWI,410.0552,-0.8603626,1.332161,-1.552445
RWI,410.0632,-0.8593059,1.330247,-1.552195
RWI,410.0729,-0.8585403,1.328606,-1.5521
RWI,410.0838,-0.8574054,1.327289,-1.552522
RWI,410.0934,-0.8552763,1.326089,-1.552903
RWI,410.0985,-0.8531186,1.325688,-1.553361
RWI,410.1043,-0.852185,1.325493,-1.553568
RWI,410.111,-0.8514186,1.32463,-1.554167
RWI,410.1193,-0.8508856,1.323462,-1.554593
RWI,410.1273,-0.849543,1.321694,-1.55474
RWI,410.1364,-0.8484031,1.320756,-1.55597
RWI,410.145,-0.8468968,1.319975,-1.556249
RWI,410.1525,-0.8454238,1.319437,-1.556926
RWI,410.1607,-0.8441269,1.318419,-1.558151
RWI,410.1695,-0.8421538,1.317953,-1.558495
RWI,410.1782,-0.8402278,1.317404,-1.559309
RWI,410.186,-0.8383114,1.316768,-1.559842
RWI,410.1941,-0.8363777,1.316127,-1.56055
RWI,410.2031,-0.8343219,1.315973,-1.561583
RWI,410.2112,-0.8321948,1.315655,-1.562752
RWI,410.2191,-0.8301769,1.31494,-1.563226
RWI,410.2284,-0.8277702,1.314535,-1.564139
RWI,410.2379,-0.8255932,1.313876,-1.564825
RWI,410.2468,-0.8226257,1.313199,-1.565912
RWI,410.2526,-0.8206109,1.312603,-1.566699
RWI,410.2609,-0.8186922,1.312397,-1.567432
RWI,410.2701,-0.8161927,1.31212,-1.568595
RWI,410.2776,-0.8131543,1.311991,-1.569499
RWI,410.286,-0.8104876,1.311676,-1.57077
RWI,410.294,-0.8077522,1.311346,-1.571904
RWI,410.3034,-0.8047651,1.311112,-1.573035
RWI,410.3108,-0.8015016,1.310887,-1.574681
RWI,410.3191,-0.7988693,1.310584,-1.575807
RWI,410.3272,-0.7957151,1.31031,-1.5773
RWI,410.336,-0.7925892,1.309913,-1.578826
RWI,410.3451,-0.7890499,1.309692,-1.580116
RWI,410.3526,-0.7853593,1.309145,-1.581852
RWI,410.3612,-0.7819118,1.30855,-1.583768
RWI,410.369,-0.7782663,1.307901,-1.585496
RWI,410.3776,-0.7746896,1.307206,-1.587288
RWI,410.3863,-0.7711611,1.306545,-1.589396
RWI,410.3941,-0.767355,1.305668,-1.5913
RWI,410.4032,-0.7634655,1.305088,-1.59315
RWI,410.4107,-0.7594757,1.304064,-1.595132
RWI,410.4196,-0.7555977,1.302804,-1.597082
RWI,410.4281,-0.7515028,1.301603,-1.599263
RWI,410.4365,-0.7473261,1.300115,-1.601503
RWI,410.4452,-0.7431065,1.29835,-1.60359
RWI,410.4534,-0.738819,1.296513,-1.605911
RWI,410.4619,-0.7345324,1.294239,-1.608338
RWI,410.4708,-0.7302945,1.291813,-1.610656
RWI,410.4785,-0.7258685,1.2896,-1.612872
RWI,410.4872,-0.7217393,1.286528,-1.61559
RWI,410.4955,-0.7175553,1.28349,-1.618069
RWI,410.5042,-0.7133831,1.28044,-1.620796
RWI,410.5124,-0.7089831,1.276967,-1.623476
RWI,410.5208,-0.7048813,1.273148,-1.626234
RWI,410.5294,-0.7006525,1.269515,-1.628837
RWI,410.538,-0.6963607,1.265536,-1.631746
RWI,410.5463,-0.6919237,1.261244,-1.634674
RWI,410.5543,-0.6875672,1.256675,-1.637533
RWI,410.5633,-0.6831859,1.25199,-1.640364
RWI,410.571,-0.6789346,1.246483,-1.643311
RWI,410.5795,-0.6745793,1.241571,-1.646091
RWI,410.5879,-0.6702632,1.236382,-1.648965
RWI,410.5975,-0.6659058,1.231351,-1.651866
RWI,410.6052,-0.6614777,1.226005,-1.65458
RWI,410.6132,-0.6569618,1.22063,-1.657244
RWI,410.6221,-0.6524728,1.215086,-1.659707
RWI,410.6301,-0.6480875,1.209208,-1.661991
RWI,410.6378,-0.6438757,1.203052,-1.664083
RWI,410.6469,-0.639851,1.196676,-1.666157
RWI,410.6545,-0.6360313,1.190333,-1.668281
RWI,410.6635,-0.6324804,1.184128,-1.670375
RWI,410.6722,-0.6291128,1.17796,-1.672446
RWI,410.6798,-0.6256258,1.172058,-1.674583
RWI,410.6884,-0.6227068,1.165981,-1.676484
RWI,410.6964,-0.6194708,1.159708,-1.678362
RWI,410.7052,-0.6160359,1.153626,-1.680171
RWI,410.713,-0.6127994,1.147178,-1.681837
RWI,410.7224,-0.6098952,1.140741,-1.683275
RWI,410.73,-0.6065295,1.134342,-1.684503
RWI,410.7385,-0.6034004,1.127793,-1.685725
RWI,410.7473,-0.6005635,1.121029,-1.686969
RWI,410.7545,-0.598351,1.11453,-1.688268
RWI,410.7634,-0.595688,1.107973,-1.689505
RWI,410.7716,-0.5934851,1.10161,-1.690469
RWI,410.7797,-0.5914991,1.094843,-1.69159
RWI,410.7879,-0.589451,1.088187,-1.692585
RWI,410.7968,-0.5874249,1.081414,-1.693593
RWI,410.8056,-0.585599,1.074387,-1.694503
RWI,410.8128,-0.5837729,1.067381,-1.695258
RWI,410.8223,-0.5820821,1.060498,-1.696103
RWI,410.83,-0.5801977,1.05328,-1.69706
RWI,410.8377,-0.5790074,1.046171,-1.69791
RWI,410.8471,-0.5778368,1.039145,-1.698793
RWI,410.8547,-0.5767643,1.032023,-1.699596
RWI,410.8638,-0.5757772,1.024992,-1.700295
RWI,410.8723,-0.5749773,1.017989,-1.701092
RWI,410.8795,-0.5741718,1.01093,-1.701875
RWI,410.8878,-0.5735136,1.003963,-1.702555
RWI,410.8969,-0.5728952,0.9969198,-1.703273
RWI,410.9051,-0.5723598,0.9897407,-1.703908
RWI,410.913,-0.5720745,0.9827431,-1.704545
RWI,410.9216,-0.5715577,0.9756951,-1.705163
RWI,410.9301,-0.5716286,0.968316,-1.705596
RWI,410.9384,-0.5711844,0.9613494,-1.706201
RWI,410.9469,-0.5713806,0.9542354,-1.706443
RWI,410.9548,-0.5715591,0.9469107,-1.706806
RWI,410.963,-0.5721093,0.9395279,-1.707039
RWI,410.9715,-0.5723994,0.9321489,-1.707306
RWI,410.9799,-0.5730244,0.9248828,-1.707566
RWI,410.9878,-0.5738316,0.917622,-1.707832
RWI,410.9964,-0.5746605,0.9104483,-1.708151
RWI,411.0057,-0.5754536,0.9030875,-1.708454
RWI,411.0132,-0.5763134,0.8958361,-1.708677
RWI,411.0226,-0.5773683,0.888459,-1.708979
RWI,411.0299,-0.5782921,0.8813961,-1.70923
RWI,411.038,-0.5793406,0.8741361,-1.709551
RWI,411.0462,-0.580294,0.8670744,-1.709923
RWI,411.0544,-0.5813535,0.8599575,-1.710103
RWI,411.0634,-0.5825391,0.852877,-1.710589
RWI,411.0716,-0.5838919,0.8456714,-1.71095
RWI,411.0799,-0.5852633,0.8383263,-1.711289
RWI,411.088,-0.5871897,0.830833,-1.711955
RWI,411.0983,-0.5889392,0.8235972,-1.712471
RWI,411.1055,-0.5912851,0.8146788,-1.713166
RWI,411.1133,-0.5928348,0.8089633,-1.713524
RWI,411.1214,-0.5947454,0.8016146,-1.714008
RWI,411.1294,-0.5970583,0.7941602,-1.714638
RWI,411.1392,-0.5994467,0.7865064,-1.715336
RWI,411.147,-0.6022025,0.7787671,-1.716272
RWI,411.1548,-0.6051171,0.770892,-1.717149
RWI,411.163,-0.6084008,0.7629294,-1.718239
RWI,411.171,-0.6114237,0.7550074,-1.719023
RWI,411.1797,-0.6146241,0.7469753,-1.719719
RWI,411.1883,-0.6179606,0.738646,-1.720117
RWI,411.1968,-0.6217352,0.730314,-1.720583
RWI,411.2051,-0.6259924,0.7211599,-1.721309
RWI,411.2128,-0.6305133,0.7131003,-1.721783
RWI,411.2223,-0.6348369,0.705157,-1.721746
RWI,411.2298,-0.6396197,0.6973699,-1.72185
RWI,411.2378,-0.6448166,0.6896982,-1.721872
RWI,411.2461,-0.6504983,0.6823639,-1.722174
RWI,411.2546,-0.6558324,0.6754769,-1.721785
RWI,411.2629,-0.6608617,0.6675219,-1.721076
RWI,411.2722,-0.6654876,0.6610149,-1.720225
RWI,411.2795,-0.6717105,0.6589985,-1.720587
RWI,411.2878,-0.67757,0.6574554,-1.72058
RWI,411.2967,-0.6827894,0.6562427,-1.72005
RWI,411.305,-0.6881478,0.6550356,-1.720316
RWI,411.3135,-0.6935052,0.6537414,-1.720994
RWI,411.3211,-0.6984304,0.6522726,-1.722001
RWI,411.3297,-0.7024251,0.651438,-1.722005
RWI,411.3385,-0.7054397,0.650623,-1.722504
RWI,411.3472,-0.7093067,0.6496602,-1.723056
RWI,411.3545,-0.7110517,0.6492031,-1.72302
RWI,411.363,-0.7115534,0.6490398,-1.722329
RWI,411.3713,-0.7127881,0.6486948,-1.722358
RWI,411.3796,-0.7124019,0.648237,-1.723514
RWI,411.3882,-0.7130558,0.6479173,-1.72451
RWI,411.3967,-0.7121795,0.6474863,-1.72576
RWI,411.4053,-0.7105156,0.6473487,-1.727027
RWI,411.4127,-0.7089299,0.6471757,-1.728438
RWI,411.4222,-0.7065209,0.6474004,-1.729129
RWI,411.4301,-0.7042788,0.6476251,-1.730193
RWI,411.4379,-0.7016361,0.6483626,-1.730754
RWI,411.4466,-0.6987848,0.6491151,-1.731298
RWI,411.4544,-0.6956877,0.650151,-1.731317
RWI,411.4633,-0.6922399,0.6512058,-1.731591
RWI,411.4727,-0.6887523,0.6523449,-1.731421
RWI,411.4835,-0.6849847,0.6536518,-1.731208
RWI,411.4924,-0.6791819,0.6552092,-1.731412
RWI,411.5029,-0.6750168,0.6566454,-1.731321
RWI,411.5104,-0.6706578,0.6591312,-1.731463
RWI,411.5189,-0.6675056,0.6645362,-1.732392
RWI,411.5275,-0.6648451,0.6688024,-1.734179
RWI,411.536,-0.6613463,0.673161,-1.734911
RWI,411.5439,-0.6582025,0.6771459,-1.736074
RWI,411.5526,-0.6546341,0.6811781,-1.736523
RWI,411.5605,-0.6508958,0.6850783,-1.736653
RWI,411.5687,-0.6476205,0.688946,-1.737598
RWI,411.5775,-0.6442699,0.6926775,-1.737863
RWI,411.5858,-0.6412152,0.6966121,-1.739162
RWI,411.5939,-0.6380921,0.7010003,-1.739901
RWI,411.6028,-0.6356239,0.7054803,-1.741271
RWI,411.6105,-0.6328656,0.7103297,-1.742239
RWI,411.6192,-0.6301752,0.7142666,-1.742903
RWI,411.628,-0.6274348,0.7182707,-1.744034
RWI,411.6355,-0.6241807,0.7222453,-1.744416
RWI,411.6441,-0.6212767,0.7267092,-1.745384
RWI,411.6526,-0.6184389,0.7302989,-1.746004
RWI,411.6606,-0.6160887,0.7335752,-1.746661
RWI,411.669,-0.6144123,0.7363858,-1.748102
RWI,411.6775,-0.6126773,0.7395596,-1.749175
RWI,411.6858,-0.6113855,0.7426125,-1.75029
RWI,411.6937,-0.6109234,0.7455955,-1.751653
RWI,411.7028,-0.6106775,0.7488032,-1.752921
RWI,411.7108,-0.6104329,0.7516053,-1.753761
RWI,411.7187,-0.6098166,0.7541702,-1.754293
RWI,411.7274,-0.6093892,0.7565307,-1.75471
RWI,411.7361,-0.6090158,0.7585128,-1.755088
RWI,411.744,-0.608874,0.7606111,-1.755869
RWI,411.7892,-0.6087385,0.7618099,-1.756085
RWI,411.7953,-0.609278,0.767603,-1.756962
RWI,411.8024,-0.6092894,0.7677884,-1.756292
RWI,411.811,-0.609423,0.7680271,-1.755826
RWI,411.8191,-0.6097454,0.7680272,-1.755488
RWI,411.8272,-0.6102822,0.7678968,-1.754952
RWI,411.8355,-0.6109042,0.7680716,-1.754585
RWI,411.8437,-0.611771,0.767558,-1.754054
RWI,411.8531,-0.613073,0.7669743,-1.753742
RWI,411.8623,-0.6150532,0.7660416,-1.75332
RWI,411.8703,-0.6173973,0.7648143,-1.75295
RWI,411.8773,-0.6201189,0.7637061,-1.752601
RWI,411.8856,-0.6230773,0.7620258,-1.752352
RWI,411.8941,-0.6264977,0.7601663,-1.752122
RWI,411.9033,-0.6304202,0.7578345,-1.751818
RWI,411.9105,-0.6348709,0.7552763,-1.751463
RWI,411.9192,-0.6396378,0.7524921,-1.751203
RWI,411.9273,-0.6460105,0.7494145,-1.75105
RWI,411.9361,-0.6513031,0.7469137,-1.750858
RWI,411.9443,-0.6558181,0.7448022,-1.750607
RWI,411.9552,-0.658127,0.7431546,-1.750141
RWI,411.9642,-0.6566826,0.7411112,-1.747774
RWI,411.9695,-0.6531561,0.7389858,-1.743159
RWI,411.977,-0.6523654,0.7375984,-1.740615
RWI,411.9856,-0.653775,0.7361593,-1.736693
RWI,411.994,-0.6526066,0.7335703,-1.73085
RWI,412.0026,-0.6541319,0.7335579,-1.725869
RWI,412.0106,-0.6580889,0.7359528,-1.719704
RWI,412.0194,-0.659634,0.7341371,-1.715394
RWI,412.0273,-0.6634469,0.7360138,-1.711909
RWI,412.0354,-0.6665888,0.7361897,-1.707576
RWI,412.0439,-0.6690891,0.7363952,-1.704001
RWI,412.0524,-0.6703243,0.7353386,-1.700683
RWI,412.0602,-0.6718093,0.7380391,-1.700599
RWI,412.07,-0.6738108,0.7375541,-1.698783
RWI,412.0772,-0.674811,0.7397246,-1.700435
RWI,412.0865,-0.6764635,0.7413448,-1.702386
RWI,412.0938,-0.6768019,0.7449768,-1.705266
RWI,412.1033,-0.6770687,0.7485554,-1.708232
RWI,412.1109,-0.6785795,0.7501951,-1.709988
RWI,412.1188,-0.6784483,0.7540081,-1.714194
RWI,412.1273,-0.67826,0.7560429,-1.716273
RWI,412.1358,-0.6772774,0.7580754,-1.71988
RWI,412.1439,-0.6767844,0.7596415,-1.722883
RWI,412.1525,-0.6745429,0.7607051,-1.7251
RWI,412.1604,-0.6696381,0.7615121,-1.725605
RWI,412.1688,-0.6678995,0.7627196,-1.728762
RWI,412.177,-0.6640344,0.7644657,-1.729383
RWI,412.1855,-0.6608806,0.7660426,-1.730702
RWI,412.1943,-0.6592062,0.7684387,-1.733133
RWI,412.2027,-0.6563616,0.7712333,-1.73434
RWI,412.2104,-0.6550481,0.7731535,-1.736712
RWI,412.2187,-0.6532192,0.7763129,-1.738444
RWI,412.2276,-0.652488,0.7772657,-1.740434
RWI,412.2353,-0.6522157,0.7806246,-1.743464
RWI,412.2435,-0.6522611,0.7838218,-1.746062
RWI,412.2521,-0.6517549,0.787075,-1.748506
RWI,412.2603,-0.6517251,0.7901643,-1.751021
RWI,412.2694,-0.6511635,0.7930066,-1.753352
RWI,412.2772,-0.6508672,0.7965868,-1.755607
RWI,412.2852,-0.6505491,0.7998412,-1.757921
RWI,412.2946,-0.6511421,0.8037795,-1.760604
RWI,412.3044,-0.6517985,0.8079796,-1.763335
RWI,412.3126,-0.6521767,0.8119532,-1.766067
RWI,412.3207,-0.6525243,0.8151619,-1.768534
RWI,412.3294,-0.6531271,0.8184392,-1.771012
RWI,412.3378,-0.6536601,0.821474,-1.773532
RWI,412.3466,-0.6539779,0.8241528,-1.77594
RWI,412.3545,-0.6546125,0.8270031,-1.778465
RWI,412.3629,-0.6552184,0.829433,-1.780916
RWI,412.3712,-0.6560086,0.832346,-1.783411
RWI,412.3795,-0.6570876,0.8351101,-1.785887
RWI,412.3877,-0.6581033,0.8377692,-1.788287
RWI,412.3962,-0.6595088,0.8404725,-1.790783
RWI,412.4051,-0.6610118,0.8431065,-1.793259
RWI,412.4135,-0.6627444,0.8456831,-1.79572
RWI,412.4238,-0.6644672,0.8478878,-1.798108
RWI,412.4325,-0.666635,0.8510149,-1.801184
RWI,412.4376,-0.6688151,0.8534012,-1.803859
RWI,412.4439,-0.6699929,0.8548414,-1.805348
RWI,412.4528,-0.6716741,0.8567328,-1.807142
RWI,412.461,-0.6736006,0.8589464,-1.809468
RWI,412.4694,-0.6760194,0.8613487,-1.811952
RWI,412.4777,-0.678701,0.8637009,-1.814292
RWI,412.4859,-0.681243,0.8660112,-1.816681
RWI,412.4938,-0.6840777,0.8681746,-1.818956
RWI,412.5035,-0.6869268,0.8702141,-1.821261
RWI,412.5112,-0.6899058,0.8722653,-1.823712
RWI,412.5194,-0.6932141,0.874035,-1.825997
RWI,412.5276,-0.6963565,0.8758231,-1.82841
RWI,412.5362,-0.699613,0.8775869,-1.830645
RWI,412.5443,-0.7028205,0.879371,-1.833046
RWI,412.5529,-0.705822,0.8809199,-1.835124
RWI,412.5613,-0.7087513,0.8827633,-1.837389
RWI,412.5692,-0.7117672,0.8844898,-1.839539
RWI,412.5773,-0.7146372,0.885852,-1.841615
RWI,412.5861,-0.7177334,0.8874869,-1.84383
RWI,412.594,-0.7208701,0.8887308,-1.845691
RWI,412.6026,-0.72409,0.8903258,-1.847799
RWI,412.6115,-0.7274079,0.8913684,-1.84952
RWI,412.619,-0.7311788,0.8925598,-1.851441
RWI,412.6278,-0.7346027,0.8934131,-1.853012
RWI,412.6357,-0.7382488,0.8943849,-1.854592
RWI,412.6445,-0.741671,0.8954493,-1.856127
RWI,412.6524,-0.7451893,0.8963764,-1.857526
RWI,412.6612,-0.7485543,0.8974926,-1.859036
RWI,412.6693,-0.7518588,0.8983118,-1.860169
RWI,412.6772,-0.7552534,0.8993528,-1.861631
RWI,412.6858,-0.7586444,0.9002046,-1.862749
RWI,412.6941,-0.762388,0.9009524,-1.863518
RWI,412.7034,-0.766448,0.9017572,-1.864686
RWI,412.7116,-0.7705934,0.9024739,-1.865357
RWI,412.72,-0.774615,0.9032014,-1.866162
RWI,412.7277,-0.7786343,0.9039322,-1.866848
RWI,412.7366,-0.7824416,0.9046401,-1.867606
RWI,412.7456,-0.7861365,0.9053591,-1.868253
RWI,412.7533,-0.7896153,0.9060426,-1.868917
RWI,412.7622,-0.7928411,0.9068703,-1.869693
RWI,412.7706,-0.7960654,0.9074945,-1.870031
RWI,412.7787,-0.799023,0.9083315,-1.87061
RWI,412.7872,-0.8022158,0.9089407,-1.871029
RWI,412.796,-0.8054545,0.9094331,-1.87128
RWI,412.8047,-0.8087789,0.9099881,-1.871306
RWI,412.8126,-0.8119311,0.910697,-1.871611
RWI,412.8221,-0.8151253,0.9112312,-1.871535
RWI,412.8296,-0.8183083,0.9117509,-1.871598
RWI,412.8374,-0.8214809,0.9121918,-1.871994
RWI,412.8466,-0.8244962,0.9126828,-1.871766
RWI,412.8542,-0.8271248,0.9131089,-1.871792
RWI,412.8629,-0.8300232,0.9132964,-1.871599
RWI,412.8725,-0.832616,0.9134672,-1.871367
RWI,412.8795,-0.8351003,0.9136139,-1.871072
RWI,412.8876,-0.8373032,0.9136702,-1.87075
RWI,412.8963,-0.839775,0.9138873,-1.870415
RWI,412.9048,-0.8421901,0.9138254,-1.869898
RWI,412.9128,-0.8446744,0.9138381,-1.869436
RWI,412.9207,-0.8471061,0.913911,-1.868973
RWI,412.9291,-0.8496845,0.9139699,-1.86857
RWI,412.9382,-0.8523787,0.9138261,-1.868254
RWI,412.9466,-0.8549093,0.9139246,-1.867863
RWI,412.9544,-0.8571147,0.9141313,-1.867553
RWI,412.9625,-0.8592118,0.9143826,-1.86704
RWI,412.9708,-0.8610834,0.914405,-1.866478
RWI,412.9798,-0.8629735,0.9143457,-1.865785
RWI,412.9876,-0.8648824,0.9141695,-1.865138
RWI,412.9959,-0.8667964,0.914004,-1.864598
RWI,413.0049,-0.8688049,0.9138225,-1.863914
RWI,413.0124,-0.8709234,0.91351,-1.863383
RWI,413.022,-0.8731238,0.913035,-1.862823
RWI,413.0298,-0.8754824,0.912155,-1.862208
RWI,413.0375,-0.8774625,0.911559,-1.861667
RWI,413.0458,-0.8795716,0.9109699,-1.861043
RWI,413.0545,-0.8813448,0.9101469,-1.860267
RWI,413.0627,-0.8833738,0.9093109,-1.859566
RWI,413.0712,-0.8854122,0.9085112,-1.858886
RWI,413.079,-0.8875419,0.9074798,-1.858284
RWI,413.0874,-0.889596,0.906422,-1.857556
RWI,413.0962,-0.8917738,0.9052363,-1.856866
RWI,413.1048,-0.8936048,0.9038731,-1.856061
RWI,413.1127,-0.8953134,0.9027618,-1.855058
RWI,413.1209,-0.8969611,0.9015688,-1.854232
RWI,413.1294,-0.8979067,0.9002263,-1.853091
RWI,413.1382,-0.8992409,0.8989533,-1.852124
RWI,413.146,-0.9000641,0.8977714,-1.850954
RWI,413.1545,-0.901428,0.8967688,-1.849995
RWI,413.1627,-0.9026337,0.8958834,-1.849074
RWI,413.1708,-0.9044726,0.8954267,-1.84855
RWI,413.1792,-0.9061933,0.894853,-1.848107
RWI,413.1882,-0.9076808,0.8943822,-1.847715
RWI,413.1959,-0.9094554,0.8941875,-1.847312
RWI,413.205,-0.9107888,0.8938013,-1.846796
RWI,413.2128,-0.9119966,0.893678,-1.846304
RWI,413.2216,-0.9128294,0.8933555,-1.845569
RWI,413.2295,-0.9135585,0.8932537,-1.844687
RWI,413.2375,-0.9143471,0.892962,-1.843893
RWI,413.2456,-0.9147435,0.8927962,-1.842923
RWI,413.2541,-0.9155191,0.8926328,-1.842115
RWI,413.2623,-0.9164065,0.8922618,-1.84143
RWI,413.2715,-0.9175084,0.8919529,-1.840815
RWI,413.2788,-0.9184164,0.8918209,-1.84042
RWI,413.2874,-0.9191954,0.8917544,-1.839864
RWI,413.2956,-0.9201381,0.8916201,-1.839287
RWI,413.3046,-0.9208028,0.8917306,-1.838669
RWI,413.3129,-0.9215551,0.8916988,-1.838004
RWI,413.3211,-0.9218674,0.8916119,-1.837263
RWI,413.3295,-0.9220487,0.8912669,-1.836477
RWI,413.3385,-0.9222836,0.890937,-1.835652
RWI,413.3464,-0.9223473,0.8905308,-1.834827
RWI,413.3539,-0.9220024,0.8899029,-1.833652
RWI,413.3627,-0.9220861,0.8894957,-1.832741
RWI,413.3704,-0.9219902,0.889105,-1.831797
RWI,413.3791,-0.9222232,0.888878,-1.830987
RWI,413.3874,-0.9225525,0.8887334,-1.830315
RWI,413.3961,-0.922865,0.8885098,-1.8296
RWI,413.4046,-0.9234118,0.8883254,-1.829033
RWI,413.4123,-0.9236965,0.8882169,-1.828363
RWI,413.4216,-0.9238867,0.8879969,-1.827686
RWI,413.429,-0.9240209,0.887786,-1.82685
RWI,413.4371,-0.9241399,0.8876159,-1.825942
RWI,413.4459,-0.9243053,0.8872001,-1.825065
RWI,413.4543,-0.9243189,0.8868147,-1.82415
RWI,413.4627,-0.9244034,0.8863754,-1.823197
RWI,413.4714,-0.9245171,0.8859422,-1.82228
RWI,413.479,-0.9251571,0.8854418,-1.821378
RWI,413.4872,-0.9253993,0.8849134,-1.820271
RWI,413.4957,-0.925668,0.8843558,-1.819255
RWI,413.5044,-0.9258547,0.8837641,-1.818183
RWI,413.5123,-0.925947,0.8830809,-1.816956
RWI,413.5213,-0.9265112,0.8820364,-1.815229
RWI,413.5291,-0.9265372,0.8812803,-1.813926
RWI,413.5379,-0.9265771,0.8804958,-1.812444
RWI,413.5459,-0.9265804,0.8796977,-1.810975
RWI,413.5539,-0.9264597,0.8788368,-1.809486
RWI,413.5627,-0.9262953,0.8778933,-1.807856
RWI,413.571,-0.9261569,0.8770261,-1.806388
RWI,413.5787,-0.9255247,0.8759362,-1.804974
RWI,413.5872,-0.9254162,0.8751816,-1.803333
RWI,413.5954,-0.9253123,0.8745375,-1.801874
RWI,413.6052,-0.9251849,0.8739949,-1.800447
RWI,413.6123,-0.9250208,0.8733752,-1.799009
RWI,413.6211,-0.9248796,0.8729132,-1.797458
RWI,413.6293,-0.9243926,0.8724439,-1.796189
RWI,413.6375,-0.9238788,0.8718908,-1.794898
RWI,413.6459,-0.9232053,0.8714355,-1.793799
RWI,413.6542,-0.9226364,0.8710273,-1.792828
RWI,413.6623,-0.9220826,0.87061,-1.791836
RWI,413.6718,-0.9216713,0.8704224,-1.790974
RWI,413.6791,-0.9209132,0.8701857,-1.790321
RWI,413.6872,-0.9201031,0.8698769,-1.789537
RWI,413.6955,-0.9195997,0.8704093,-1.789089
RWI,413.7045,-0.9187723,0.8701948,-1.788582
RWI,413.7125,-0.9180729,0.869975,-1.788188
RWI,413.7206,-0.9179201,0.8704648,-1.788275
RWI,413.7297,-0.9173071,0.8703231,-1.788028
RWI,413.7377,-0.9167509,0.8703275,-1.787799
RWI,413.7458,-0.9161462,0.8701298,-1.787757
RWI,413.7543,-0.9156279,0.8697624,-1.787892
RWI,413.7624,-0.915152,0.8693901,-1.787916
RWI,413.7709,-0.9145949,0.8691268,-1.787881
RWI,413.7791,-0.9139521,0.8686595,-1.787994
RWI,413.7874,-0.9132884,0.8682268,-1.788159
RWI,413.7957,-0.9125015,0.8675403,-1.788556
RWI,413.8045,-0.9118523,0.8668003,-1.788819
RWI,413.8127,-0.911052,0.8663043,-1.789117
RWI,413.8213,-0.9101837,0.8657245,-1.789434
RWI,413.8288,-0.9094119,0.8653275,-1.789753
RWI,413.8371,-0.9086257,0.864853,-1.790105
RWI,413.8459,-0.9079142,0.8645784,-1.790436
RWI,413.8542,-0.9071019,0.8641477,-1.790738
RWI,413.8626,-0.9063584,0.8642238,-1.791059
RWI,413.8718,-0.9056701,0.8640354,-1.791316
RWI,413.8793,-0.9048969,0.8638408,-1.791649
RWI,413.8875,-0.9043568,0.8637471,-1.791804
RWI,413.8959,-0.9036936,0.8635901,-1.791908
RWI,413.9046,-0.9029881,0.8635384,-1.792005
RWI,413.9125,-0.9023535,0.8634114,-1.792034
RWI,413.9205,-0.9015362,0.8634154,-1.79197
RWI,413.9291,-0.9007742,0.8631278,-1.791988
RWI,413.9387,-0.9001185,0.862776,-1.791856
RWI,413.946,-0.8994126,0.8623402,-1.791622
RWI,413.9538,-0.898813,0.8618594,-1.791435
RWI,413.9627,-0.8982102,0.8613439,-1.791168
RWI,413.9705,-0.8976037,0.860762,-1.790834
RWI,413.9789,-0.8969735,0.8602902,-1.79063
RWI,413.9876,-0.8962068,0.8596776,-1.7905
RWI,413.9959,-0.8955927,0.8590931,-1.790227
RWI,414.0042,-0.8950157,0.8585495,-1.789965
RWI,414.0123,-0.8944354,0.8580739,-1.789647
RWI,414.0219,-0.893919,0.8575088,-1.789402
RWI,414.0292,-0.8934623,0.8569773,-1.789188
RWI,414.0373,-0.8928022,0.8564792,-1.788982
RWI,414.0457,-0.8922175,0.8558329,-1.788849
RWI,414.054,-0.8917683,0.8552155,-1.788739
RWI,414.0623,-0.8912748,0.8546824,-1.788548
RWI,414.0711,-0.8908539,0.8541757,-1.788481
RWI,414.0786,-0.8904502,0.8536838,-1.788403
RWI,414.0892,-0.8900447,0.8532065,-1.788408
RWI,414.1015,-0.8895581,0.8527096,-1.788244
RWI,414.1107,-0.8890916,0.8523693,-1.787975
RWI,414.1209,-0.8886845,0.8519611,-1.787953
RWI,414.1291,-0.8883959,0.8514913,-1.787818
RWI,414.1378,-0.8882302,0.8514014,-1.787694
RWI,414.1465,-0.8881032,0.8511088,-1.787693
RWI,414.1542,-0.8879493,0.8510236,-1.787664
RWI,414.1623,-0.8878729,0.8507534,-1.787604
RWI,414.1707,-0.8878359,0.8506988,-1.787591
RWI,414.1789,-0.8878616,0.8508188,-1.78748
RWI,414.1873,-0.8879738,0.8508272,-1.787461
RWI,414.1957,-0.8881515,0.8512236,-1.787474
RWI,414.2047,-0.8883148,0.8513579,-1.787402
RWI,414.2123,-0.8886032,0.8515928,-1.787281
RWI,414.2213,-0.8889484,0.8519955,-1.787181
RWI,414.2292,-0.889325,0.8523042,-1.787069
RWI,414.2371,-0.8897875,0.8525382,-1.78704
RWI,414.2459,-0.8901514,0.8527613,-1.786924
RWI,414.2542,-0.8905062,0.8531156,-1.786808
RWI,414.2622,-0.8910383,0.8534651,-1.786795
RWI,414.2714,-0.8914563,0.8537914,-1.786654
RWI,414.2791,-0.8918655,0.8541685,-1.786522
RWI,414.2872,-0.8922299,0.8546007,-1.78644
RWI,414.2954,-0.8927203,0.8549808,-1.786304
RWI,414.3044,-0.8931612,0.8553565,-1.786198
RWI,414.3123,-0.8934289,0.8556936,-1.786226
RWI,414.3207,-0.893845,0.8560923,-1.786199
RWI,414.3289,-0.8942479,0.8564076,-1.7861
RWI,414.3372,-0.8947368,0.8565543,-1.786095
RWI,414.3465,-0.8951066,0.8567867,-1.786018
RWI,414.3545,-0.8954242,0.8569121,-1.78597
RWI,414.3623,-0.8955381,0.8570042,-1.785942
RWI,414.3703,-0.8957998,0.8571267,-1.785885
RWI,414.3791,-0.8958428,0.8572502,-1.785872
RWI,414.3871,-0.8959858,0.8571756,-1.785856
RWI,414.3956,-0.8961471,0.8571177,-1.785789
RWI,414.4047,-0.896331,0.8569679,-1.785642
RWI,414.4121,-0.8965033,0.8569912,-1.785668
RWI,414.4215,-0.8965841,0.8569027,-1.785517
RWI,414.4291,-0.8968309,0.8568107,-1.785459
RWI,414.4371,-0.8969013,0.8567071,-1.785257
RWI,414.4458,-0.8969584,0.8565443,-1.78504
RWI,414.4541,-0.8970416,0.8564684,-1.784845
RWI,414.4623,-0.8969368,0.8564445,-1.784636
RWI,414.4709,-0.8969507,0.8563211,-1.784453
RWI,414.4788,-0.8968652,0.8561246,-1.784317
RWI,414.4874,-0.8968415,0.8559791,-1.784136
RWI,414.4958,-0.8968551,0.8557774,-1.784059
RWI,414.5042,-0.8967787,0.8558647,-1.783879
RWI,414.5121,-0.8967381,0.8556207,-1.783703
RWI,414.5205,-0.896733,0.8555043,-1.783532
RWI,414.5288,-0.8967378,0.8552281,-1.783425
RWI,414.5377,-0.8967484,0.8551185,-1.783271
RWI,414.5458,-0.8968326,0.8549075,-1.783101
RWI,414.5537,-0.8968349,0.8548524,-1.783071
RWI,414.5626,-0.8968275,0.8547567,-1.782948
RWI,414.5704,-0.8967813,0.8546968,-1.78291
RWI,414.5792,-0.8968282,0.8547096,-1.782883
RWI,414.5872,-0.8966357,0.8548934,-1.782849
RWI,414.5957,-0.8966308,0.8549538,-1.782933
RWI,414.6045,-0.8965873,0.8550709,-1.782928
RWI,414.6125,-0.8966663,0.8551019,-1.782882
RWI,414.6212,-0.8966134,0.8550701,-1.782852
RWI,414.6292,-0.8965163,0.855053,-1.782908
RWI,414.6371,-0.8964216,0.855229,-1.783002
RWI,414.6458,-0.8965001,0.8550093,-1.783085
RWI,414.6538,-0.8963684,0.8550277,-1.783081
RWI,414.6622,-0.8961327,0.8550873,-1.783121
RWI,414.671,-0.896079,0.855099,-1.783159
RWI,414.6788,-0.8958062,0.8550587,-1.783212
RWI,414.6872,-0.8956181,0.8549618,-1.783267
RWI,414.6956,-0.8954294,0.8550035,-1.78337
RWI,414.7043,-0.8952242,0.8549064,-1.783396
RWI,414.7121,-0.895031,0.8548042,-1.783393
RWI,414.7205,-0.8947527,0.8546526,-1.783436
RWI,414.7287,-0.8944864,0.8544052,-1.783531
RWI,414.7379,-0.8941892,0.8542885,-1.783506
RWI,414.7459,-0.8939493,0.8541547,-1.78356
RWI,414.7538,-0.8936872,0.854009,-1.78355
RWI,414.762,-0.8934321,0.853866,-1.783561
RWI,414.7708,-0.8932685,0.8537623,-1.783568
RWI,414.7787,-0.8930178,0.8536178,-1.783554
RWI,414.787,-0.8928703,0.8534997,-1.783609
RWI,414.7954,-0.8926039,0.8533278,-1.783608
RWI,414.8044,-0.8923692,0.8531405,-1.783575
RWI,414.812,-0.892115,0.8529403,-1.783579
RWI,414.8213,-0.8918543,0.8527383,-1.783594
RWI,414.8289,-0.8917531,0.8526292,-1.783598
RWI,414.837,-0.8914639,0.8524427,-1.783619
RWI,414.8459,-0.8913379,0.8522678,-1.783635
RWI,414.8539,-0.8911887,0.8521493,-1.783638
RWI,414.8625,-0.8909893,0.8521519,-1.783637
RWI,414.8721,-0.8908693,0.852082,-1.783627
RWI,414.879,-0.890726,0.8521254,-1.783574
RWI,414.8873,-0.8906252,0.8520876,-1.783538
RWI,414.8959,-0.890554,0.8521248,-1.783572
RWI,414.9046,-0.8904424,0.8520875,-1.78355
RWI,414.9121,-0.8903481,0.8520635,-1.78353
RWI,414.9205,-0.890336,0.8518567,-1.783539
RWI,414.9285,-0.8902842,0.8518178,-1.783519
RWI,414.9377,-0.8902915,0.8516695,-1.78356
RWI,414.9463,-0.8902734,0.8516306,-1.783561
RWI,414.9536,-0.8901602,0.8515993,-1.78353
RWI,414.9624,-0.8901028,0.8517242,-1.783541
RWI,414.9705,-0.8900476,0.8516868,-1.783577
RWI,414.979,-0.8899428,0.8519027,-1.783708
RWI,414.987,-0.8898839,0.8518958,-1.783732
RWI,414.9952,-0.8898968,0.8518776,-1.783851
RWI,415.0046,-0.8899326,0.851678,-1.78389
RWI,415.0119,-0.8898782,0.8516492,-1.783947
RWI,415.0213,-0.8898554,0.8517514,-1.784092
RWI,415.029,-0.8898098,0.8517581,-1.784168
RWI,415.0372,-0.889857,0.8518902,-1.784248
RWI,415.0453,-0.8898063,0.8518179,-1.784372
RWI,415.0538,-0.8898172,0.8519349,-1.78454
RWI,415.0624,-0.8897613,0.8519887,-1.784657
RWI,415.0707,-0.8897445,0.8520373,-1.784714
RWI,415.0787,-0.8897026,0.8521525,-1.784802
RWI,415.0872,-0.8898003,0.8522688,-1.784873
RWI,415.0958,-0.8897904,0.8524334,-1.784969
RWI,415.1042,-0.8897859,0.8525326,-1.785052
RWI,415.112,-0.889814,0.8526352,-1.785129
RWI,415.1204,-0.8898484,0.8527443,-1.785201
RWI,415.1284,-0.8898557,0.8527828,-1.78536
RWI,415.1377,-0.889881,0.8529106,-1.78547
RWI,415.1457,-0.8899977,0.8530248,-1.785579
RWI,415.1541,-0.8900559,0.8532109,-1.785704
RWI,415.1623,-0.890216,0.8535445,-1.78588
RWI,415.1703,-0.8903894,0.8537507,-1.786017
RWI,415.1785,-0.8907981,0.8542228,-1.786407
RWI,415.1869,-0.8912894,0.8547946,-1.786734
RWI,415.1958,-0.8919131,0.8554254,-1.787051
RWI,415.2045,-0.8925233,0.8562648,-1.78754
RWI,415.2123,-0.8932292,0.8573155,-1.787995
RWI,415.2211,-0.8939183,0.8585049,-1.788407
RWI,415.229,-0.89477,0.8600014,-1.788956
RWI,415.2371,-0.8954942,0.8615422,-1.789386
RWI,415.2452,-0.8959665,0.8632413,-1.789851
RWI,415.2539,-0.8961828,0.8650159,-1.790473
RWI,415.2619,-0.8955203,0.8668365,-1.791118
RWI,415.2709,-0.8948371,0.8689383,-1.791951
RWI,415.2786,-0.893549,0.8707933,-1.792864
RWI,415.2871,-0.8915732,0.8734929,-1.793619
RWI,415.2952,-0.8889649,0.8762743,-1.793841
RWI,415.3041,-0.884878,0.8804244,-1.793284
RWI,415.3129,-0.8817557,0.8853548,-1.793216
RWI,415.3205,-0.8782682,0.8909522,-1.792754
RWI,415.3286,-0.8748254,0.8984591,-1.791876
RWI,415.3372,-0.8713212,0.9060423,-1.791123
RWI,415.3456,-0.8677217,0.9155519,-1.789328
RWI,415.3539,-0.8641664,0.9229558,-1.788856
RWI,415.3629,-0.8599277,0.9313373,-1.787834
RWI,415.3702,-0.8558217,0.9393561,-1.787226
RWI,415.3792,-0.8516812,0.9473549,-1.786828
RWI,415.3868,-0.8478271,0.9553804,-1.787131
RWI,415.3955,-0.8436734,0.9628652,-1.787423
RWI,415.4043,-0.8394842,0.9706382,-1.787513
RWI,415.4125,-0.8343242,0.9797505,-1.787087
RWI,415.4211,-0.8299322,0.9878399,-1.786759
RWI,415.429,-0.8256482,0.9968324,-1.786241
RWI,415.4371,-0.8218186,1.006348,-1.78551
RWI,415.4455,-0.8177539,1.014938,-1.784933
RWI,415.4538,-0.8142658,1.024178,-1.784289
RWI,415.4619,-0.8105379,1.03273,-1.783721
RWI,415.4714,-0.8069035,1.041075,-1.783512
RWI,415.4785,-0.8037528,1.049414,-1.782857
RWI,415.4869,-0.8007193,1.057683,-1.78235
RWI,415.4955,-0.7979439,1.065856,-1.781669
RWI,415.5042,-0.7960144,1.074369,-1.781211
RWI,415.512,-0.7937322,1.082537,-1.780759
RWI,415.521,-0.79145,1.090424,-1.780128
RWI,415.5288,-0.7901378,1.098957,-1.779647
RWI,415.5372,-0.7887576,1.106569,-1.779188
RWI,415.5458,-0.787249,1.114179,-1.778493
RWI,415.5537,-0.7862962,1.122122,-1.778403
RWI,415.562,-0.7857237,1.128919,-1.777737
RWI,415.5706,-0.7849181,1.136124,-1.776821
RWI,415.5785,-0.7840173,1.143041,-1.775861
RWI,415.5871,-0.7836623,1.149562,-1.775155
RWI,415.5952,-0.7830344,1.156022,-1.774146
RWI,415.6037,-0.7825618,1.16222,-1.773127
RWI,415.6123,-0.7821915,1.168205,-1.77209
RWI,415.6214,-0.7829646,1.173873,-1.771648
RWI,415.6289,-0.7827354,1.179664,-1.770629
RWI,415.6369,-0.7836198,1.185081,-1.769675
RWI,415.6456,-0.7836634,1.190011,-1.7684
RWI,415.6539,-0.7838845,1.195044,-1.767313
RWI,415.6619,-0.7841523,1.19997,-1.766175
RWI,415.6713,-0.7844565,1.204677,-1.765088
RWI,415.6814,-0.7848148,1.209389,-1.763987
RWI,415.6904,-0.7859186,1.216025,-1.762492
RWI,415.6956,-0.7864709,1.220581,-1.761404
RWI,415.7025,-0.7869772,1.222732,-1.760511
RWI,415.7103,-0.7874477,1.226025,-1.759763
RWI,415.7188,-0.7879026,1.22985,-1.758714
RWI,415.7267,-0.7883375,1.23394,-1.757631
RWI,415.7358,-0.7892651,1.237898,-1.756807
RWI,415.7436,-0.789578,1.241697,-1.755761
RWI,415.7522,-0.7898352,1.245248,-1.754692
RWI,415.7601,-0.7898818,1.248862,-1.753703
RWI,415.7687,-0.7900547,1.251876,-1.75287
RWI,415.7769,-0.7902863,1.254777,-1.752138
RWI,415.7854,-0.7903417,1.257838,-1.751316
RWI,415.7935,-0.7906863,1.260422,-1.750762
RWI,415.803,-0.7911151,1.262693,-1.750206
RWI,415.8101,-0.7914135,1.264887,-1.749728
RWI,415.8188,-0.7908239,1.267798,-1.749354
RWI,415.8274,-0.7910942,1.269861,-1.748635
RWI,415.8353,-0.7909123,1.271898,-1.748208
RWI,415.8435,-0.7908671,1.273575,-1.747769
RWI,415.852,-0.7907782,1.275205,-1.747332
RWI,415.861,-0.7908791,1.276993,-1.746753
RWI,415.8699,-0.7908408,1.278661,-1.746289
RWI,415.877,-0.7908199,1.279539,-1.745923
RWI,415.8851,-0.7907355,1.280505,-1.745603
RWI,415.8937,-0.7908795,1.281598,-1.745082
RWI,415.9027,-0.7907462,1.282299,-1.744755
RWI,415.9104,-0.7907743,1.282872,-1.744688
RWI,415.9188,-0.7905036,1.282704,-1.744412
RWI,415.9269,-0.7903894,1.282967,-1.744204
RWI,415.9353,-0.7902787,1.282903,-1.743925
RWI,415.9436,-0.7902541,1.283022,-1.74357
RWI,415.9523,-0.7898375,1.282862,-1.743167
RWI,415.9604,-0.7893972,1.282486,-1.742979
RWI,415.9691,-0.7892129,1.282143,-1.7428
RWI,415.9775,-0.789032,1.281677,-1.742512
RWI,415.9862,-0.7888024,1.281037,-1.742228
RWI,415.9944,-0.7885464,1.280527,-1.742033
RWI,416.0037,-0.7882747,1.279562,-1.742032
RWI,416.0109,-0.7879516,1.278443,-1.741739
RWI,416.0198,-0.78771,1.277433,-1.741647
RWI,416.0282,-0.787468,1.276344,-1.741567
RWI,416.0366,-0.7873961,1.275407,-1.741555
RWI,416.045,-0.7869629,1.274095,-1.741425
RWI,416.0536,-0.7866913,1.272932,-1.74139
RWI,416.0618,-0.7864544,1.271929,-1.741492
RWI,416.071,-0.786159,1.270544,-1.741529
RWI,416.0785,-0.7857856,1.269293,-1.741339
RWI,416.0869,-0.7855088,1.268044,-1.741239
RWI,416.0956,-0.7852504,1.266631,-1.741103
RWI,416.1041,-0.7849044,1.265174,-1.741035
RWI,416.1125,-0.7844349,1.263903,-1.740699
RWI,416.1206,-0.7841703,1.262574,-1.740499
RWI,416.1287,-0.7840314,1.261206,-1.740182
RWI,416.1372,-0.7837994,1.259885,-1.739947
RWI,416.1458,-0.7835317,1.258602,-1.739507
RWI,416.1537,-0.7832121,1.257243,-1.73908
RWI,416.1621,-0.7829807,1.255844,-1.738755
RWI,416.1701,-0.7827486,1.254393,-1.738511
RWI,416.1786,-0.782662,1.252764,-1.738345
RWI,416.1868,-0.7825496,1.251322,-1.738116
RWI,416.1957,-0.7823996,1.249807,-1.737813
RWI,416.2037,-0.7821721,1.248422,-1.737594
RWI,416.2121,-0.7818719,1.24717,-1.737354
RWI,416.2208,-0.7816483,1.245951,-1.737163
RWI,416.2289,-0.781333,1.245026,-1.737033
RWI,416.2369,-0.7811396,1.24399,-1.736825
RWI,416.2457,-0.781009,1.243005,-1.736571
RWI,416.2534,-0.7807677,1.242078,-1.736308
RWI,416.2622,-0.7804484,1.241044,-1.735978
RWI,416.2707,-0.7801502,1.240093,-1.735784
RWI,416.2787,-0.7798262,1.239195,-1.735592
RWI,416.287,-0.7793367,1.238484,-1.735329
RWI,416.2952,-0.7790629,1.23782,-1.73514
RWI,416.3043,-0.778767,1.237456,-1.734813
RWI,416.3118,-0.7783915,1.236917,-1.734578
RWI,416.3203,-0.7779167,1.236624,-1.734216
RWI,416.3287,-0.7773358,1.236333,-1.73377
RWI,416.3372,-0.7766522,1.235956,-1.733508
RWI,416.3455,-0.7760757,1.235708,-1.733165
RWI,416.3534,-0.7757422,1.235249,-1.732795
RWI,416.362,-0.7751206,1.234972,-1.732435
RWI,416.3704,-0.7744474,1.234684,-1.732075
RWI,416.3784,-0.7736503,1.234367,-1.731602
RWI,416.3867,-0.7728332,1.23406,-1.73113
RWI,416.3955,-0.7719687,1.233599,-1.730595
RWI,416.4041,-0.7710651,1.233295,-1.730075
RWI,416.412,-0.7701089,1.232894,-1.729474
RWI,416.4207,-0.769215,1.232378,-1.728903
RWI,416.4289,-0.7682434,1.231879,-1.728427
RWI,416.4368,-0.7672663,1.231192,-1.728059
RWI,416.4453,-0.766408,1.230637,-1.727704
RWI,416.4536,-0.7656739,1.230092,-1.727532
RWI,416.4619,-0.764876,1.229596,-1.727231
RWI,416.4709,-0.7641175,1.229267,-1.726996
RWI,416.4783,-0.7633067,1.228876,-1.72671
RWI,416.4871,-0.7624881,1.228669,-1.726594
RWI,416.4953,-0.7617226,1.228402,-1.726417
RWI,416.5039,-0.7606804,1.228261,-1.726112
RWI,416.5119,-0.7600613,1.227916,-1.726082
RWI,416.5202,-0.7594902,1.227782,-1.725948
RWI,416.5287,-0.7588323,1.227612,-1.725947
RWI,416.537,-0.7582286,1.227395,-1.726095
RWI,416.5457,-0.7576292,1.227179,-1.726164
RWI,416.5534,-0.7572116,1.226835,-1.7263
RWI,416.5623,-0.7566962,1.226637,-1.726431
RWI,416.5701,-0.7562822,1.226495,-1.726634
RWI,416.5786,-0.7561625,1.225858,-1.727268
RWI,416.5871,-0.7558729,1.225735,-1.727584
RWI,416.595,-0.7557427,1.225562,-1.728106
RWI,416.6038,-0.7554982,1.225489,-1.728451
RWI,416.6119,-0.7552372,1.225562,-1.728794
RWI,416.6208,-0.7549707,1.225498,-1.729177
RWI,416.6285,-0.7547288,1.225448,-1.729563
RWI,416.6367,-0.7545781,1.225336,-1.729734
RWI,416.6455,-0.7544088,1.225322,-1.73013
RWI,416.6536,-0.7542547,1.225343,-1.730361
RWI,416.6621,-0.7541116,1.225343,-1.730756
RWI,416.6709,-0.7539585,1.225325,-1.731153
RWI,416.6784,-0.7537942,1.225309,-1.731528
RWI,416.6868,-0.7535784,1.225273,-1.731532
RWI,416.6954,-0.7533727,1.225283,-1.731858
RWI,416.704,-0.7531828,1.225304,-1.732145
RWI,416.7117,-0.7531384,1.225579,-1.732349
RWI,416.7201,-0.7528674,1.225972,-1.732609
RWI,416.7282,-0.7526981,1.226006,-1.732868
RWI,416.7383,-0.7525552,1.225969,-1.733043
RWI,416.7455,-0.7524163,1.225977,-1.733256
RWI,416.7536,-0.7524245,1.225865,-1.733331
RWI,416.7616,-0.7523301,1.225831,-1.733514
RWI,416.7701,-0.7522148,1.225544,-1.733804
RWI,416.7783,-0.7521476,1.225472,-1.733998
RWI,416.787,-0.7519814,1.225281,-1.734027
RWI,416.7951,-0.7519242,1.225216,-1.734159
RWI,416.8038,-0.7517765,1.225182,-1.734159
RWI,416.8119,-0.7517081,1.225156,-1.734164
RWI,416.8211,-0.7518462,1.225156,-1.734305
RWI,416.8285,-0.7517118,1.225055,-1.73407
RWI,416.8368,-0.751726,1.225011,-1.734118
RWI,416.8453,-0.751756,1.224946,-1.734166
RWI,416.8536,-0.751801,1.224856,-1.734174
RWI,416.862,-0.7517912,1.224815,-1.734208
RWI,416.8714,-0.7518041,1.224769,-1.734269
RWI,416.879,-0.7518129,1.224721,-1.734336
RWI,416.8867,-0.7518018,1.224704,-1.73436
RWI,416.8958,-0.7517003,1.224562,-1.734275
RWI,416.904,-0.7517383,1.224467,-1.734329
RWI,416.9122,-0.7517537,1.224414,-1.734407
RWI,416.9206,-0.7517753,1.224382,-1.734478
RWI,416.9287,-0.7516521,1.224387,-1.73448
RWI,416.9373,-0.7516379,1.224355,-1.73455
RWI,416.946,-0.7515014,1.224389,-1.734561
RWI,416.9538,-0.7514875,1.224355,-1.734639
RWI,416.9616,-0.7514836,1.224205,-1.734661
RWI,416.9699,-0.7514622,1.224223,-1.734734
RWI,416.9787,-0.7514313,1.224231,-1.734799
RWI,416.9869,-0.7513506,1.22428,-1.73485
RWI,416.9954,-0.7512958,1.22429,-1.734915
RWI,417.0041,-0.7512213,1.224317,-1.735007
RWI,417.0117,-0.7511709,1.224359,-1.735094
RWI,417.0212,-0.7510396,1.224461,-1.73508
RWI,417.0286,-0.7509561,1.224494,-1.735165
RWI,417.0366,-0.7508504,1.224517,-1.735253
RWI,417.0451,-0.7507291,1.22454,-1.735343
RWI,417.0538,-0.7507685,1.224638,-1.73475
RWI,417.0617,-0.7505924,1.224684,-1.734826
RWI,417.0705,-0.7504553,1.224733,-1.734859
RWI,417.0786,-0.7503193,1.224803,-1.734889
RWI,417.0869,-0.7502089,1.224895,-1.734955
RWI,417.0958,-0.7499775,1.225092,-1.734866
RWI,417.104,-0.749911,1.22518,-1.734905
RWI,417.1118,-0.7497593,1.225295,-1.734937
RWI,417.1205,-0.7496719,1.22547,-1.734819
RWI,417.1285,-0.7496204,1.225496,-1.734879
RWI,417.1371,-0.7495061,1.225621,-1.734898
RWI,417.1457,-0.7493922,1.225738,-1.734743
RWI,417.1537,-0.749299,1.225844,-1.734772
RWI,417.1617,-0.749224,1.225944,-1.734818
RWI,417.1699,-0.7491718,1.226046,-1.734872
RWI,417.1783,-0.7492822,1.225935,-1.734884
RWI,417.1865,-0.7492625,1.22602,-1.734946
RWI,417.1952,-0.7492893,1.226043,-1.735017
RWI,417.2043,-0.7492418,1.226217,-1.734949
RWI,417.212,-0.74923,1.22622,-1.735072
RWI,417.2207,-0.7491864,1.226322,-1.735139
RWI,417.2286,-0.7491213,1.226447,-1.735156
RWI,417.2368,-0.7490146,1.226555,-1.735161
RWI,417.2453,-0.7489172,1.226759,-1.735137
RWI,417.2535,-0.7489375,1.226657,-1.735083
RWI,417.2617,-0.7489332,1.226786,-1.735119
RWI,417.3178,-0.7487782,1.22695,-1.735098
RWI,417.3244,-0.7487868,1.227687,-1.735525
RWI,417.3291,-0.748692,1.227676,-1.735616
RWI,417.3346,-0.748678,1.227728,-1.735645
RWI,417.3435,-0.7487459,1.227836,-1.735608
RWI,417.3512,-0.7485438,1.22785,-1.735675
RWI,417.3598,-0.7485073,1.227884,-1.735758
RWI,417.368,-0.7484806,1.22804,-1.735911
RWI,417.3763,-0.7484943,1.228071,-1.736071
RWI,417.3845,-0.7485144,1.228144,-1.73617
RWI,417.3926,-0.7483222,1.228155,-1.736106
RWI,417.4019,-0.7483156,1.228224,-1.736233
RWI,417.4097,-0.7484378,1.228004,-1.736348
RWI,417.418,-0.7483936,1.22804,-1.736464
RWI,417.4265,-0.7482828,1.2281,-1.73656
RWI,417.4342,-0.7483205,1.228077,-1.736645
RWI,417.4431,-0.7481569,1.228206,-1.736758
RWI,417.4514,-0.7480945,1.228221,-1.736916
RWI,417.4592,-0.7479463,1.228227,-1.737009
RWI,417.4682,-0.7479859,1.22822,-1.737114
RWI,417.4761,-0.7480249,1.228179,-1.737327
RWI,417.4842,-0.7478951,1.22817,-1.73748
RWI,417.4932,-0.7478701,1.228162,-1.73757
RWI,417.502,-0.747723,1.228188,-1.73765
RWI,417.5099,-0.7476114,1.228285,-1.737725
RWI,417.5181,-0.7475356,1.228364,-1.737892
RWI,417.5258,-0.7473885,1.228425,-1.738063
RWI,417.5349,-0.7472229,1.228529,-1.738242
RWI,417.5432,-0.7470767,1.22861,-1.738401
RWI,417.5514,-0.7468433,1.228703,-1.738498
RWI,417.5591,-0.746576,1.228889,-1.738604
RWI,417.5676,-0.7464242,1.229009,-1.738754
RWI,417.5762,-0.7462548,1.229148,-1.738876
RWI,417.5844,-0.7460942,1.229274,-1.739027
RWI,417.5926,-0.7459379,1.22946,-1.739148
RWI,417.6013,-0.7459491,1.229424,-1.739344
RWI,417.6099,-0.7457501,1.229545,-1.739481
RWI,417.618,-0.7455134,1.229676,-1.73961
RWI,417.6261,-0.7452905,1.229858,-1.739689
RWI,417.6342,-0.7451589,1.230012,-1.739765
RWI,417.6428,-0.7449977,1.230181,-1.739845
RWI,417.6511,-0.7448449,1.230365,-1.739959
RWI,417.6595,-0.7447469,1.230696,-1.740092
RWI,417.6685,-0.7445477,1.230978,-1.740154
RWI,417.6761,-0.7441508,1.231396,-1.740091
RWI,417.6843,-0.7439076,1.231533,-1.740086
RWI,417.6929,-0.7437603,1.231747,-1.740184
RWI,417.7021,-0.7436543,1.231998,-1.740195
RWI,417.7094,-0.7436351,1.232128,-1.740268
RWI,417.7178,-0.7435745,1.232415,-1.740318
RWI,417.7259,-0.7435278,1.23272,-1.740355
RWI,417.7346,-0.7435281,1.233032,-1.740477
RWI,417.7439,-0.7434577,1.233366,-1.740437
RWI,417.7512,-0.7433497,1.233721,-1.740326
RWI,417.7594,-0.7434033,1.234091,-1.740315
RWI,417.7679,-0.7433953,1.234331,-1.740321
RWI,417.7764,-0.7434782,1.234569,-1.740347
RWI,417.7844,-0.7434903,1.234825,-1.740387
RWI,417.7926,-0.7433701,1.235045,-1.740418
RWI,417.8017,-0.7432528,1.235198,-1.74047
RWI,417.8095,-0.7432567,1.235444,-1.740537
RWI,417.8177,-0.7432663,1.235611,-1.740607
RWI,417.8272,-0.7432563,1.235759,-1.740685
RWI,417.8366,-0.7432237,1.235832,-1.740718
RWI,417.8451,-0.7431543,1.236031,-1.740675
RWI,417.8531,-0.7431064,1.23609,-1.740719
RWI,417.8616,-0.7430749,1.236144,-1.740778
RWI,417.8711,-0.743026,1.236202,-1.740826
RWI,417.8788,-0.7429868,1.23619,-1.740888
RWI,417.8876,-0.7428631,1.236101,-1.74099
RWI,417.895,-0.7428147,1.236076,-1.741013
RWI,417.9041,-0.7428063,1.235798,-1.741068
RWI,417.9117,-0.7427379,1.235723,-1.741126
RWI,417.9197,-0.7425386,1.235579,-1.741071
RWI,417.9285,-0.7424414,1.235436,-1.741122
RWI,417.9367,-0.7423276,1.235287,-1.741178
RWI,417.945,-0.7422987,1.235149,-1.741258
RWI,417.9537,-0.742234,1.23502,-1.741303
RWI,417.9616,-0.7420804,1.234833,-1.741229
RWI,417.9698,-0.741984,1.234706,-1.741251
RWI,417.9784,-0.7418472,1.234454,-1.741227
RWI,417.9868,-0.7417511,1.23431,-1.741253
RWI,417.9946,-0.7416329,1.234179,-1.741294
RWI,418.0034,-0.741474,1.234089,-1.741341
RWI,418.0116,-0.7415351,1.234093,-1.741334
RWI,418.0202,-0.7414588,1.234202,-1.741292
RWI,418.0282,-0.7414178,1.234236,-1.741287
RWI,418.0365,-0.7413633,1.234382,-1.741272
RWI,418.0451,-0.7413249,1.234505,-1.741163
RWI,418.0534,-0.7413082,1.234643,-1.741151
RWI,418.0613,-0.7412904,1.2348,-1.741104
RWI,418.0701,-0.7413381,1.23497,-1.741108
RWI,418.078,-0.741411,1.235183,-1.7411
RWI,418.0868,-0.7414571,1.235404,-1.741076
RWI,418.0956,-0.7415557,1.235693,-1.74107
RWI,418.1038,-0.7416655,1.235886,-1.741157
RWI,418.1115,-0.7417504,1.236146,-1.741155
RWI,418.1198,-0.7418487,1.236406,-1.741152
RWI,418.1281,-0.7419224,1.236534,-1.741079
RWI,418.1367,-0.741912,1.236786,-1.741113
RWI,418.1452,-0.7420642,1.237114,-1.740934
RWI,418.153,-0.7420704,1.237403,-1.740891
RWI,418.162,-0.7420268,1.237709,-1.740955
RWI,418.1696,-0.7420832,1.237988,-1.740997
RWI,418.1783,-0.7421866,1.238092,-1.740984
RWI,418.1864,-0.7423337,1.238342,-1.741069
RWI,418.195,-0.742408,1.238572,-1.741079
RWI,418.2031,-0.742463,1.238803,-1.741096
RWI,418.2115,-0.7424598,1.239031,-1.741084
RWI,418.2199,-0.7424754,1.239206,-1.741133
RWI,418.2282,-0.7426432,1.239267,-1.741205
RWI,418.2363,-0.7426733,1.239433,-1.741243
RWI,418.245,-0.7426466,1.239763,-1.741051
RWI,418.2534,-0.7427717,1.240097,-1.741049
RWI,418.2616,-0.7425615,1.24017,-1.740933
RWI,418.2702,-0.7425836,1.240364,-1.740955
RWI,418.2781,-0.742539,1.240467,-1.740958
RWI,418.2863,-0.742567,1.240626,-1.740999
RWI,418.2951,-0.7425505,1.240769,-1.740964
RWI,418.3036,-0.7425113,1.240882,-1.741016
RWI,418.3114,-0.742487,1.240973,-1.741107
RWI,418.3201,-0.7425366,1.241066,-1.741144
RWI,418.3281,-0.7425354,1.241197,-1.741149
RWI,418.3369,-0.7425146,1.241294,-1.741212
RWI,418.3454,-0.7424624,1.24138,-1.741197
RWI,418.3529,-0.7423009,1.241608,-1.741267
RWI,418.3616,-0.7423735,1.241634,-1.741253
RWI,418.37,-0.742364,1.241774,-1.741288
RWI,418.3779,-0.742379,1.241888,-1.741333
RWI,418.3867,-0.7424332,1.241979,-1.741385
RWI,418.3948,-0.7424485,1.242089,-1.741457
RWI,418.4039,-0.7425361,1.242248,-1.741473
RWI,418.4114,-0.7425597,1.242356,-1.741553
RWI,418.4204,-0.7426146,1.242444,-1.741619
RWI,418.4281,-0.7425138,1.242628,-1.741717
RWI,418.4362,-0.7425164,1.242782,-1.741765
RWI,418.4447,-0.7425384,1.242901,-1.741879
RWI,418.4538,-0.7424862,1.242869,-1.741955
RWI,418.4614,-0.7424376,1.242947,-1.742056
RWI,418.4709,-0.7423533,1.242988,-1.742218
RWI,418.478,-0.7422454,1.243052,-1.742311
RWI,418.4866,-0.7420892,1.243097,-1.742427
RWI,418.4951,-0.7419944,1.243179,-1.742499
RWI,418.5039,-0.7417452,1.24321,-1.742587
RWI,418.5114,-0.7413909,1.243242,-1.742721
RWI,418.52,-0.7409849,1.243225,-1.742807
RWI,418.5282,-0.7404587,1.24311,-1.742975
RWI,418.5369,-0.7397455,1.242873,-1.74315
RWI,418.545,-0.7388667,1.24259,-1.743367
RWI,418.553,-0.7377162,1.24223,-1.743601
RWI,418.5616,-0.7360103,1.241548,-1.743802
RWI,418.5699,-0.7343064,1.24078,-1.744133
RWI,418.5784,-0.7326974,1.240004,-1.744454
RWI,418.5864,-0.7302768,1.238186,-1.745188
RWI,418.5948,-0.7279654,1.23638,-1.746032
RWI,418.6034,-0.7254701,1.233734,-1.746932
RWI,418.6121,-0.7227106,1.230563,-1.748187
RWI,418.6198,-0.7198339,1.22688,-1.749555
RWI,418.6282,-0.7168251,1.222623,-1.751099
RWI,418.6362,-0.7129303,1.217467,-1.752943
RWI,418.6454,-0.7099584,1.212801,-1.754579
RWI,418.6529,-0.7062631,1.206061,-1.757156
RWI,418.6616,-0.702718,1.200576,-1.758841
RWI,418.6701,-0.6993967,1.193324,-1.761189
RWI,418.6778,-0.6959139,1.184484,-1.764068
RWI,418.6866,-0.6922669,1.175812,-1.766694
RWI,418.6948,-0.6894574,1.166181,-1.769387
RWI,418.7036,-0.6874162,1.155674,-1.772519
RWI,418.7118,-0.6852017,1.144079,-1.775268
RWI,418.7201,-0.6832,1.13223,-1.778058
RWI,418.7282,-0.6821517,1.120188,-1.780935
RWI,418.7369,-0.6823496,1.107553,-1.783588
RWI,418.7449,-0.6829984,1.094461,-1.786546
RWI,418.7534,-0.6842237,1.081954,-1.78955
RWI,418.7616,-0.6860141,1.069488,-1.792469
RWI,418.7699,-0.6882005,1.057536,-1.795137
RWI,418.7779,-0.691095,1.046685,-1.797987
RWI,418.7866,-0.6944023,1.035698,-1.800973
RWI,418.7945,-0.6984136,1.024523,-1.801706
RWI,418.8035,-0.7013979,1.013888,-1.804246
RWI,418.8116,-0.7054652,1.00263,-1.806996
RWI,418.82,-0.7095318,0.9921805,-1.809706
RWI,418.8281,-0.7132374,0.9814839,-1.812218
RWI,418.8364,-0.718062,0.9710432,-1.815316
RWI,418.8447,-0.7231266,0.9608176,-1.818461
RWI,418.8531,-0.7279696,0.9503686,-1.821379
RWI,418.8614,-0.7330753,0.9401439,-1.824377
RWI,418.8701,-0.7389854,0.930846,-1.826824
RWI,418.8785,-0.743901,0.9218776,-1.830122
RWI,418.8868,-0.7495356,0.9134868,-1.833224
RWI,418.8955,-0.7546031,0.9060788,-1.836881
RWI,418.9037,-0.7594002,0.8980939,-1.840835
RWI,418.9115,-0.7640439,0.8903377,-1.845092
RWI,418.9197,-0.7683166,0.8832457,-1.84903
RWI,418.9281,-0.7726325,0.8756324,-1.853216
RWI,418.9363,-0.7771665,0.8686481,-1.857586
RWI,418.9456,-0.7813164,0.8611836,-1.861299
RWI,418.9532,-0.7862025,0.8540715,-1.865111
RWI,418.9615,-0.7909756,0.8477367,-1.868325
RWI,418.9694,-0.7956234,0.8433066,-1.871085
RWI,418.9781,-0.7999355,0.8374894,-1.873942
RWI,418.9862,-0.8039486,0.8335626,-1.87599
RWI,418.9951,-0.8077414,0.8287023,-1.878625
RWI,419.0035,-0.8112118,0.8247312,-1.880449
RWI,419.0115,-0.8133215,0.8215986,-1.881824
RWI,419.02,-0.815904,0.8178798,-1.883769
RWI,419.028,-0.8173941,0.8142844,-1.885149
RWI,419.0364,-0.8167354,0.8121262,-1.887006
RWI,419.045,-0.8171744,0.8093558,-1.888752
RWI,419.0531,-0.8143561,0.8091629,-1.889939
RWI,419.0611,-0.8118845,0.8092204,-1.889625
RWI,419.07,-0.8090324,0.810095,-1.889504
RWI,419.0783,-0.8062407,0.810459,-1.889154
RWI,419.0864,-0.8010858,0.8135532,-1.888162
RWI,419.0962,-0.7939842,0.8179311,-1.886938
RWI,419.1035,-0.7871817,0.8216874,-1.8865
RWI,419.1116,-0.7807646,0.8247471,-1.886744
RWI,419.1196,-0.773416,0.8285774,-1.887287
RWI,419.1281,-0.7648572,0.8325026,-1.887713
RWI,419.1365,-0.755933,0.8381774,-1.888156
RWI,419.1452,-0.7445495,0.8450418,-1.887889
RWI,419.1533,-0.7351114,0.8515944,-1.888032
RWI,419.1614,-0.7238362,0.8594288,-1.887402
RWI,419.1694,-0.7118872,0.8681197,-1.886973
RWI,419.1781,-0.6998627,0.879141,-1.88635
RWI,419.1863,-0.6877847,0.8898026,-1.885636
RWI,419.1945,-0.6758488,0.901707,-1.885371
RWI,419.2038,-0.6635271,0.9143201,-1.884798
RWI,419.2112,-0.6517578,0.9293953,-1.884848
RWI,419.2199,-0.6405702,0.9439566,-1.884634
RWI,419.2279,-0.62916,0.9596881,-1.884947
RWI,419.2369,-0.6181951,0.9745376,-1.88465
RWI,419.2446,-0.6096944,0.9919814,-1.886044
RWI,419.253,-0.6007389,1.008792,-1.887121
RWI,419.2611,-0.5928288,1.026524,-1.888754
RWI,419.2704,-0.5850071,1.044194,-1.889995
RWI,419.2779,-0.5788481,1.063785,-1.892058
RWI,419.2866,-0.5710555,1.08167,-1.893095
RWI,419.2945,-0.5656336,1.100333,-1.894818
RWI,419.3036,-0.5625629,1.120928,-1.895917
RWI,419.3113,-0.5594205,1.141711,-1.898537
RWI,419.3196,-0.5565388,1.162025,-1.900009
RWI,419.3278,-0.5543392,1.182599,-1.901691
RWI,419.3367,-0.5519167,1.202329,-1.903554
RWI,419.3447,-0.553355,1.223525,-1.906141
RWI,419.3534,-0.5533437,1.243952,-1.908635
RWI,419.3615,-0.5548639,1.264416,-1.911398
RWI,419.3695,-0.5572933,1.284172,-1.914008
RWI,419.3782,-0.560154,1.303891,-1.916985
RWI,419.3864,-0.563942,1.32232,-1.920026
RWI,419.3949,-0.5681744,1.340765,-1.923031
RWI,419.4034,-0.5731312,1.358711,-1.926076
RWI,419.4114,-0.5793631,1.375625,-1.92938
RWI,419.4194,-0.5858027,1.392517,-1.93282
RWI,419.4281,-0.5930896,1.40937,-1.936324
RWI,419.4361,-0.6009256,1.425527,-1.939494
RWI,419.4448,-0.6091533,1.440561,-1.943137
RWI,419.4528,-0.6187972,1.454351,-1.946433
RWI,419.4615,-0.6282891,1.467074,-1.949702
RWI,419.4697,-0.6367275,1.481126,-1.953064
RWI,419.4776,-0.6473463,1.491523,-1.956526
RWI,419.4864,-0.6573577,1.50254,-1.959737
RWI,419.4947,-0.667069,1.513612,-1.963019
RWI,419.5036,-0.6777259,1.521755,-1.966636
RWI,419.5114,-0.6886857,1.53128,-1.970381
RWI,419.5196,-0.6992574,1.539443,-1.97351
RWI,419.5276,-0.7099535,1.547083,-1.97677
RWI,419.537,-0.7204938,1.553751,-1.97974
RWI,419.5453,-0.7312974,1.559907,-1.982488
RWI,419.5527,-0.7415519,1.565328,-1.985472
RWI,419.5614,-0.7515913,1.569746,-1.988076
RWI,419.5695,-0.7614969,1.573822,-1.990679
RWI,419.578,-0.7712802,1.576699,-1.993002
RWI,419.5863,-0.7804897,1.579463,-1.994767
RWI,419.5947,-0.7883288,1.581085,-1.995875
RWI,419.6032,-0.7959806,1.5843,-1.99715
RWI,419.6113,-0.8009073,1.58573,-1.997817
RWI,419.6204,-0.8055545,1.587649,-1.998409
RWI,419.6279,-0.8094641,1.589151,-1.998917
RWI,419.6359,-0.8130344,1.590325,-1.998868
RWI,419.6451,-0.8161192,1.591327,-1.998518
RWI,419.6529,-0.8184167,1.592153,-1.998234
RWI,419.6613,-0.8200348,1.59307,-1.99661
RWI,419.6701,-0.8193742,1.594069,-1.995527
RWI,419.6779,-0.8182881,1.594153,-1.994074
RWI,419.686,-0.814857,1.595093,-1.993828
RWI,419.6949,-0.811411,1.594787,-1.993464
RWI,419.7036,-0.8075113,1.59344,-1.991697
RWI,419.7116,-0.8021341,1.591931,-1.98988
RWI,419.7194,-0.7980458,1.590876,-1.989045
RWI,419.7278,-0.7913423,1.589772,-1.987718
RWI,419.7364,-0.7851052,1.586692,-1.985369
RWI,419.7456,-0.7791355,1.584283,-1.983602
RWI,419.753,-0.7698419,1.579677,-1.980181
RWI,419.7614,-0.7619007,1.575328,-1.977529
RWI,419.7696,-0.7534275,1.571409,-1.974229
RWI,419.7782,-0.7449719,1.565633,-1.971278
RWI,419.786,-0.7354135,1.559777,-1.968488
RWI,419.7946,-0.7259542,1.552765,-1.966217
RWI,419.8032,-0.7167265,1.544924,-1.963989
RWI,419.811,-0.7075847,1.536549,-1.961708
RWI,419.8196,-0.6985859,1.527393,-1.960313
RWI,419.8285,-0.6890395,1.518317,-1.958537
RWI,419.836,-0.6801432,1.507792,-1.957458
RWI,419.8448,-0.6707136,1.4976,-1.955996
RWI,419.9067,-0.663407,1.485493,-1.95527
RWI,419.918,-0.6038924,1.389802,-1.942358
RWI,419.9268,-0.5951012,1.36788,-1.940337
RWI,419.9344,-0.590237,1.351603,-1.939278
RWI,419.9435,-0.5852774,1.338544,-1.938447
RWI,419.9507,-0.581509,1.322197,-1.937494
RWI,419.959,-0.5775751,1.306847,-1.936892
RWI,419.9672,-0.5742736,1.290628,-1.936199
RWI,419.9758,-0.5715663,1.274067,-1.935628
RWI,419.984,-0.5696828,1.256874,-1.935234
RWI,419.9922,-0.5684975,1.239673,-1.93549
RWI,420.0023,-0.5678732,1.222672,-1.93563
RWI,420.0088,-0.5674927,1.205717,-1.936116
RWI,420.0176,-0.5669652,1.190159,-1.937045
RWI,420.0258,-0.5674162,1.175191,-1.938134
RWI,420.0342,-0.5680825,1.159342,-1.939611
RWI,420.0422,-0.5692983,1.143907,-1.941343
RWI,420.051,-0.572004,1.128898,-1.943197
RWI,420.0591,-0.5747784,1.113373,-1.944997
RWI,420.0674,-0.5776855,1.098261,-1.946981
RWI,420.0757,-0.5811048,1.0837,-1.949103
RWI,420.0843,-0.5847929,1.069085,-1.950473
RWI,420.0933,-0.5882312,1.0541,-1.951667
RWI,420.1013,-0.5947237,1.039144,-1.951915
RWI,420.1093,-0.6004568,1.027305,-1.951972
RWI,420.1173,-0.6070335,1.013803,-1.952449
RWI,420.1253,-0.6136386,1.000988,-1.953739
RWI,420.1345,-0.6209682,0.9888601,-1.955975
RWI,420.143,-0.6282778,0.9765268,-1.959063
RWI,420.1507,-0.6347458,0.9641269,-1.96265
RWI,420.1588,-0.642101,0.9520828,-1.966518
RWI,420.1674,-0.6495538,0.940698,-1.969037
RWI,420.1756,-0.6571688,0.927996,-1.971066
RWI,420.1839,-0.6657193,0.9166936,-1.972924
RWI,420.1922,-0.676213,0.9061996,-1.973004
RWI,420.2012,-0.6857072,0.895205,-1.973918
RWI,420.2093,-0.6963741,0.887039,-1.97397
RWI,420.2172,-0.7062829,0.8786474,-1.974585
RWI,420.226,-0.715378,0.8707222,-1.975516
RWI,420.2338,-0.7243605,0.8633123,-1.976859
RWI,420.2425,-0.7328359,0.8559813,-1.978211
RWI,420.2508,-0.741194,0.8487732,-1.979448
RWI,420.2587,-0.7486551,0.8420499,-1.980533
RWI,420.2675,-0.7559442,0.8359037,-1.981352
RWI,420.2759,-0.762228,0.8304989,-1.98148
RWI,420.2843,-0.7676723,0.826009,-1.981402
RWI,420.2924,-0.7727184,0.8218421,-1.981093
RWI,420.3013,-0.7759336,0.8190781,-1.980074
RWI,420.309,-0.778141,0.8171932,-1.978584
RWI,420.3172,-0.7789643,0.8164793,-1.97661
RWI,420.3256,-0.7764814,0.8184183,-1.973719
RWI,420.3341,-0.7741489,0.8196616,-1.970768
RWI,420.3431,-0.7711658,0.8220472,-1.967539
RWI,420.3507,-0.7671076,0.8253092,-1.964521
RWI,420.3589,-0.7639005,0.8278032,-1.961729
RWI,420.3673,-0.7571337,0.8334072,-1.959023
RWI,420.3758,-0.7506676,0.8385933,-1.956879
RWI,420.384,-0.7434149,0.8444298,-1.954686
RWI,420.392,-0.7347807,0.8508771,-1.951753
RWI,420.4009,-0.7254057,0.8599796,-1.949605
RWI,420.409,-0.7168715,0.8670698,-1.946859
RWI,420.4174,-0.7068673,0.8776463,-1.944141
RWI,420.4262,-0.6975206,0.8859091,-1.940974
RWI,420.4356,-0.6867578,0.8970583,-1.937184
RWI,420.444,-0.6750097,0.912746,-1.933331
RWI,420.4529,-0.6645653,0.9261813,-1.930009
RWI,420.461,-0.6536525,0.9398196,-1.926409
RWI,420.4701,-0.644488,0.9545569,-1.922956
RWI,420.4778,-0.6344251,0.969233,-1.919836
RWI,420.4861,-0.6243893,0.9862881,-1.916614
RWI,420.4943,-0.6157709,1.001683,-1.913543
RWI,420.5038,-0.6068502,1.019922,-1.910736
RWI,420.5113,-0.5979899,1.037737,-1.907829
RWI,420.5197,-0.5898228,1.055557,-1.905187
RWI,420.5275,-0.5815588,1.073335,-1.902133
RWI,420.5363,-0.5755144,1.093619,-1.900952
RWI,420.5452,-0.5689996,1.112912,-1.899297
RWI,420.5527,-0.5638354,1.132745,-1.89746
RWI,420.5608,-0.5593281,1.152818,-1.895991
RWI,420.5694,-0.5563964,1.172834,-1.894783
RWI,420.5778,-0.5542368,1.193542,-1.89385
RWI,420.5859,-0.5541523,1.214941,-1.89312
RWI,420.5941,-0.5540294,1.235793,-1.892754
RWI,420.6031,-0.5550438,1.256116,-1.893129
RWI,420.6111,-0.5592674,1.27688,-1.895175
RWI,420.6196,-0.560578,1.297231,-1.895671
RWI,420.6281,-0.5646117,1.317664,-1.897307
RWI,420.6359,-0.5695935,1.337269,-1.899275
RWI,420.6446,-0.5749065,1.355984,-1.901625
RWI,420.6528,-0.5823417,1.373065,-1.904194
RWI,420.6611,-0.5891675,1.390469,-1.906556
RWI,420.6701,-0.5961976,1.40675,-1.908507
RWI,420.6802,-0.6039001,1.422079,-1.911128
RWI,420.6891,-0.6134671,1.441439,-1.913613
RWI,420.6941,-0.6241735,1.455672,-1.916811
RWI,420.7024,-0.6296751,1.464505,-1.918308
RWI,420.7099,-0.6376151,1.475377,-1.920227
RWI,420.7179,-0.647251,1.488245,-1.923182
RWI,420.7262,-0.6563944,1.501569,-1.925771
RWI,420.7358,-0.6677712,1.511949,-1.929129
RWI,420.7436,-0.6774538,1.524307,-1.932034
RWI,420.7516,-0.6889405,1.53368,-1.93558
RWI,420.7595,-0.6997472,1.543345,-1.939011
RWI,420.7677,-0.7109851,1.553034,-1.942438
RWI,420.7762,-0.7221169,1.562344,-1.945712
RWI,420.7849,-0.7335973,1.569964,-1.949773
RWI,420.7927,-0.7450719,1.578616,-1.953509
RWI,420.8018,-0.7561188,1.585518,-1.957069
RWI,420.8098,-0.767472,1.590929,-1.96058
RWI,420.8179,-0.7790932,1.596424,-1.963656
RWI,420.8268,-0.7903482,1.602774,-1.966697
RWI,420.8364,-0.8026115,1.607339,-1.969266
RWI,420.8452,-0.8169857,1.610744,-1.972787
RWI,420.8512,-0.8284726,1.613285,-1.975374
RWI,420.8594,-0.8371617,1.614044,-1.976998
RWI,420.9243,-0.8478259,1.615408,-1.979529
RWI,420.932,-0.9137893,1.612137,-1.988943
RWI,420.9379,-0.9192749,1.611641,-1.988636
RWI,420.9449,-0.9237231,1.610364,-1.987915
RWI,420.9505,-0.9269003,1.609729,-1.987535
RWI,420.9586,-0.9297724,1.608594,-1.986548
RWI,420.9673,-0.9341677,1.608029,-1.985801
RWI,420.9754,-0.9360691,1.606902,-1.985036
RWI,420.9841,-0.9359847,1.60616,-1.983921
RWI,420.992,-0.9370266,1.605947,-1.983141
RWI,421.0006,-0.9362236,1.605407,-1.982295
RWI,421.0088,-0.9332303,1.605564,-1.981329
RWI,421.0174,-0.9308038,1.605298,-1.980137
RWI,421.0257,-0.9276685,1.605038,-1.978693
RWI,421.0338,-0.9232789,1.605586,-1.976775
RWI,421.0424,-0.9190603,1.605092,-1.974464
RWI,421.0504,-0.9143321,1.604784,-1.971709
RWI,421.0586,-0.9080918,1.603851,-1.968688
RWI,421.0676,-0.9028242,1.603141,-1.966098
RWI,421.0754,-0.8961937,1.601935,-1.962946
RWI,421.0879,-0.8889753,1.600455,-1.959553
RWI,421.097,-0.8776504,1.597585,-1.954647
RWI,421.1096,-0.8675969,1.593896,-1.950442
RWI,421.117,-0.8539137,1.586668,-1.945481
RWI,421.1253,-0.8445473,1.582576,-1.9423
RWI,421.1341,-0.8347456,1.578563,-1.938453
RWI,421.1431,-0.8241844,1.572491,-1.935323
RWI,421.1506,-0.8138454,1.567422,-1.931897
RWI,421.1585,-0.8025815,1.559765,-1.929821
RWI,421.1672,-0.7915316,1.552546,-1.926885
RWI,421.1752,-0.7801313,1.544881,-1.923818
RWI,421.1838,-0.7690538,1.537101,-1.920722
RWI,421.1919,-0.7583438,1.52741,-1.918027
RWI,421.2023,-0.7468722,1.518058,-1.91511
RWI,421.2086,-0.735777,1.507455,-1.912564
RWI,421.217,-0.7250798,1.495058,-1.910002
RWI,421.2258,-0.7139534,1.483436,-1.907641
RWI,421.2337,-0.7029191,1.47052,-1.905413
RWI,421.2419,-0.6928531,1.455971,-1.90399
RWI,421.2508,-0.6824102,1.441932,-1.90231
RWI,421.2587,-0.6717615,1.428124,-1.900201
RWI,421.2671,-0.6632984,1.411083,-1.898943
RWI,421.2758,-0.6551546,1.394207,-1.897878
RWI,421.2838,-0.6470332,1.377134,-1.896814
RWI,421.2924,-0.6396756,1.359535,-1.895805
RWI,421.3016,-0.6328176,1.341423,-1.895014
RWI,421.3089,-0.6267446,1.322308,-1.893904
RWI,421.3169,-0.6219483,1.303439,-1.892799
RWI,421.3255,-0.6175799,1.283946,-1.891712
RWI,421.3346,-0.6143302,1.264591,-1.890824
RWI,421.343,-0.6121193,1.243989,-1.890252
RWI,421.3504,-0.6125007,1.223079,-1.891126
RWI,421.3588,-0.611313,1.20431,-1.892099
RWI,421.3668,-0.6096945,1.184563,-1.892482
RWI,421.3753,-0.6109685,1.165079,-1.894867
RWI,421.384,-0.6118492,1.145933,-1.89634
RWI,421.3918,-0.6121765,1.12624,-1.897345
RWI,421.4008,-0.616557,1.108601,-1.899836
RWI,421.4091,-0.6189729,1.089844,-1.900926
RWI,421.417,-0.6254975,1.072119,-1.903633
RWI,421.4255,-0.6307048,1.054844,-1.905815
RWI,421.4336,-0.6362584,1.037883,-1.908252
RWI,421.4421,-0.6415009,1.023352,-1.911042
RWI,421.4523,-0.6472374,1.008224,-1.91328
RWI,421.4605,-0.6548656,0.9897353,-1.915819
RWI,421.4695,-0.6634952,0.9766632,-1.917941
RWI,421.4774,-0.6721907,0.9615957,-1.920377
RWI,421.4859,-0.6806272,0.9486393,-1.922697
RWI,421.4944,-0.6890681,0.9365688,-1.924639
RWI,421.5034,-0.6967599,0.9255571,-1.927631
RWI,421.5112,-0.7045726,0.9147168,-1.930359
RWI,421.519,-0.7120161,0.9045606,-1.933056
RWI,421.5273,-0.7197303,0.8948774,-1.935877
RWI,421.5361,-0.7276868,0.8854539,-1.937444
RWI,421.5444,-0.7365748,0.8764828,-1.938766
RWI,421.5528,-0.7453351,0.8702374,-1.939529
RWI,421.561,-0.7530004,0.8620307,-1.940456
RWI,421.5692,-0.7591527,0.8572116,-1.94125
RWI,421.5777,-0.7644587,0.8521382,-1.942369
RWI,421.5862,-0.7688901,0.8476695,-1.943159
RWI,421.5941,-0.773614,0.84237,-1.944035
RWI,421.6033,-0.7751979,0.8409601,-1.943611
RWI,421.6111,-0.7771945,0.8385974,-1.943
RWI,421.6194,-0.778648,0.8372438,-1.942153
RWI,421.6276,-0.7795652,0.8365325,-1.941043
RWI,421.6359,-0.7788354,0.8368461,-1.939796
RWI,421.6441,-0.7773564,0.8376355,-1.938339
RWI,421.6526,-0.7749364,0.839704,-1.936983
RWI,421.6607,-0.7696681,0.8430948,-1.935233
RWI,421.6698,-0.7666144,0.8463356,-1.933803
RWI,421.678,-0.7596826,0.8517104,-1.931434
RWI,421.6856,-0.7549067,0.8555638,-1.929326
RWI,421.694,-0.7470967,0.8632129,-1.927115
RWI,421.7033,-0.7396232,0.8698222,-1.924913
RWI,421.7112,-0.7314581,0.8777913,-1.922884
RWI,421.7192,-0.723965,0.8843431,-1.920758
RWI,421.7273,-0.7139705,0.8942053,-1.918801
RWI,421.7363,-0.705256,0.9034464,-1.917044
RWI,421.7446,-0.6958791,0.9134927,-1.914694
RWI,421.7525,-0.6869024,0.9251334,-1.912714
RWI,421.761,-0.6775967,0.9365578,-1.910246
RWI,421.769,-0.668751,0.9505197,-1.907994
RWI,421.7776,-0.6594826,0.9637726,-1.905294
RWI,421.7858,-0.6504223,0.9778842,-1.902302
RWI,421.7943,-0.6430516,0.9928582,-1.900088
RWI,421.8029,-0.6347886,1.008491,-1.897554
RWI,421.8111,-0.6270219,1.024743,-1.895502
RWI,421.819,-0.6207458,1.042881,-1.894501
RWI,421.8278,-0.6156603,1.060673,-1.894347
RWI,421.836,-0.6099598,1.078448,-1.893846
RWI,421.8443,-0.6043764,1.095848,-1.893095
RWI,421.8524,-0.5998065,1.114469,-1.893032
RWI,421.8607,-0.598097,1.133675,-1.893991
RWI,421.8698,-0.593901,1.151622,-1.893768
RWI,421.8776,-0.5933716,1.170513,-1.895289
RWI,421.886,-0.5917959,1.189578,-1.895937
RWI,421.8948,-0.5923562,1.207825,-1.897112
RWI,421.9034,-0.5928668,1.227181,-1.897982
RWI,421.9113,-0.5936764,1.246267,-1.898699
RWI,421.9192,-0.5957299,1.263867,-1.899803
RWI,421.9274,-0.5982214,1.282206,-1.900915
RWI,421.9362,-0.6014169,1.299968,-1.902215
RWI,421.9445,-0.6047419,1.317964,-1.903253
RWI,421.9527,-0.6104734,1.334998,-1.904712
RWI,421.9608,-0.6141288,1.352551,-1.90563
RWI,421.9691,-0.6214325,1.368764,-1.907452
RWI,421.9772,-0.6276729,1.384605,-1.90938
RWI,421.986,-0.6333807,1.40129,-1.910775
RWI,421.9938,-0.6422032,1.415243,-1.913229
RWI,422.0028,-0.6510352,1.428791,-1.915802
RWI,422.0107,-0.6588619,1.44403,-1.917791
RWI,422.0193,-0.6678094,1.456883,-1.920106
RWI,422.0276,-0.6777264,1.468852,-1.922675
RWI,422.0357,-0.6864228,1.481463,-1.92495
RWI,422.0442,-0.696057,1.492589,-1.927623
RWI,422.0527,-0.7058385,1.502956,-1.930244
RWI,422.0608,-0.7158909,1.513008,-1.933184
RWI,422.0696,-0.7259051,1.52076,-1.936277
RWI,422.0774,-0.7355864,1.530446,-1.939166
RWI,422.0862,-0.7457799,1.538309,-1.942315
RWI,422.0942,-0.7564431,1.544558,-1.94536
RWI,422.1029,-0.7666337,1.552598,-1.947946
RWI,422.1113,-0.7770993,1.55773,-1.950197
RWI,422.1191,-0.7870574,1.563346,-1.952315
RWI,422.1273,-0.796501,1.568439,-1.954197
RWI,422.1366,-0.8061159,1.573068,-1.956395
RWI,422.1444,-0.8157387,1.577004,-1.958457
RWI,422.1523,-0.8252603,1.58052,-1.960507
RWI,422.1608,-0.833641,1.582598,-1.962423
RWI,422.169,-0.8420154,1.5853,-1.964411
RWI,422.1772,-0.850002,1.587721,-1.965955
RWI,422.1857,-0.8572907,1.589515,-1.967725
RWI,422.1941,-0.8649439,1.59168,-1.969061
RWI,422.2027,-0.8717237,1.592875,-1.970258
RWI,422.2112,-0.8780854,1.594208,-1.970873
RWI,422.219,-0.8842822,1.594923,-1.971643
RWI,422.2281,-0.8896952,1.595094,-1.971633
RWI,422.2356,-0.8955113,1.595876,-1.972201
RWI,422.2439,-0.899386,1.59591,-1.972339
RWI,422.2523,-0.9040948,1.596267,-1.972703
RWI,422.2607,-0.9074618,1.596023,-1.972886
RWI,422.2698,-0.9096932,1.595135,-1.972365
RWI,422.2771,-0.9121436,1.594626,-1.971958
RWI,422.2857,-0.914008,1.593588,-1.971091
RWI,422.2944,-0.915463,1.592694,-1.970311
RWI,422.3032,-0.9163169,1.591602,-1.969069
RWI,422.3108,-0.9169148,1.590316,-1.967902
RWI,422.3193,-0.9169214,1.589212,-1.966752
RWI,422.3274,-0.9167885,1.587589,-1.965145
RWI,422.3366,-0.9153339,1.58634,-1.963583
RWI,422.3444,-0.9128743,1.584775,-1.961321
RWI,422.3524,-0.9107984,1.583334,-1.958987
RWI,422.3608,-0.9077841,1.581878,-1.956061
RWI,422.3695,-0.9046195,1.58032,-1.953315
RWI,422.3771,-0.9009048,1.57867,-1.950361
RWI,422.3861,-0.8965806,1.576497,-1.947012
RWI,422.3939,-0.8919361,1.574445,-1.943733
RWI,422.4026,-0.8866614,1.571859,-1.940329
RWI,422.4109,-0.8810774,1.569265,-1.937037
RWI,422.4192,-0.8744144,1.566456,-1.933531
RWI,422.4274,-0.8683411,1.562828,-1.930388
RWI,422.4358,-0.8614787,1.559253,-1.926953
RWI,422.4442,-0.8545433,1.555416,-1.923533
RWI,422.4525,-0.8469047,1.550586,-1.920086
RWI,422.4605,-0.8390667,1.546552,-1.916327
RWI,422.4698,-0.8312494,1.54136,-1.912925
RWI,422.4774,-0.8227609,1.534786,-1.909579
RWI,422.4857,-0.8148319,1.529326,-1.906175
RWI,422.4939,-0.8065209,1.522788,-1.902915
RWI,422.5031,-0.7978997,1.515187,-1.899792
RWI,422.5107,-0.7892913,1.507559,-1.896536
RWI,422.5189,-0.7816763,1.498807,-1.893373
RWI,422.527,-0.7732188,1.490197,-1.890607
RWI,422.5365,-0.7650413,1.480954,-1.888456
RWI,422.5448,-0.7566144,1.471175,-1.886266
RWI,422.5524,-0.7482677,1.460842,-1.884194
RWI,422.5608,-0.7398055,1.450405,-1.881725
RWI,422.5689,-0.7319285,1.439382,-1.879923
RWI,422.5771,-0.7240667,1.427705,-1.878087
RWI,422.5858,-0.7170619,1.41548,-1.876313
RWI,422.5941,-0.7104931,1.403033,-1.874305
RWI,422.6029,-0.7037308,1.390171,-1.872243
RWI,422.6108,-0.6978567,1.376682,-1.870243
RWI,422.619,-0.6913788,1.363677,-1.868204
RWI,422.6277,-0.6865378,1.34937,-1.866577
RWI,422.6356,-0.6814951,1.335235,-1.86463
RWI,422.6441,-0.6758716,1.321326,-1.862755
RWI,422.6521,-0.6725957,1.306913,-1.861375
RWI,422.6608,-0.6689752,1.292239,-1.860068
RWI,422.6696,-0.6657114,1.277701,-1.859032
RWI,422.6773,-0.6629128,1.262993,-1.858758
RWI,422.6856,-0.6604147,1.248401,-1.858717
RWI,422.6939,-0.6583166,1.23392,-1.859144
RWI,422.7031,-0.6567028,1.218877,-1.8599
RWI,422.7108,-0.65554,1.203415,-1.860609
RWI,422.719,-0.6553173,1.188292,-1.861507
RWI,422.727,-0.6563584,1.173347,-1.862081
RWI,422.736,-0.6575866,1.158305,-1.862447
RWI,422.7445,-0.6600217,1.143742,-1.862563
RWI,422.7526,-0.6626115,1.129175,-1.863014
RWI,422.7606,-0.6662087,1.11627,-1.864317
RWI,422.7691,-0.668324,1.10227,-1.865229
RWI,422.7772,-0.6718804,1.089293,-1.867737
RWI,422.7857,-0.6756276,1.076046,-1.869524
RWI,422.7939,-0.6795432,1.063015,-1.871958
RWI,422.803,-0.6837974,1.050854,-1.874072
RWI,422.8109,-0.6886468,1.038478,-1.876598
RWI,422.8188,-0.6937456,1.027045,-1.879116
RWI,422.8278,-0.6995914,1.015826,-1.881662
RWI,422.836,-0.7053908,1.004856,-1.883931
RWI,422.844,-0.7115717,0.9943459,-1.886148
RWI,422.8521,-0.718129,0.9843628,-1.888058
RWI,422.8607,-0.7250226,0.9745389,-1.890142
RWI,422.8691,-0.7322074,0.9666296,-1.892576
RWI,422.8774,-0.738586,0.9580272,-1.895132
RWI,422.8857,-0.7444612,0.9503656,-1.898122
RWI,422.8946,-0.7497358,0.9428191,-1.901097
RWI,422.9033,-0.7549071,0.9353285,-1.90396
RWI,422.911,-0.7603705,0.9276443,-1.906392
RWI,422.9191,-0.7659358,0.9207081,-1.908081
RWI,422.9272,-0.7718756,0.9141486,-1.909503
RWI,422.9361,-0.7780591,0.907998,-1.910117
RWI,422.945,-0.7839061,0.9023253,-1.910688
RWI,422.9522,-0.7895613,0.8968804,-1.910847
RWI,422.961,-0.7944362,0.8923303,-1.91126
RWI,422.9688,-0.7990081,0.8880634,-1.911493
RWI,422.9769,-0.8026242,0.8846306,-1.911554
RWI,422.9856,-0.8065478,0.8804541,-1.912053
RWI,422.9936,-0.8092089,0.8780851,-1.912022
RWI,423.0031,-0.8119086,0.8755832,-1.912055
RWI,423.011,-0.8148779,0.8728977,-1.912059
RWI,423.0188,-0.8169794,0.8720307,-1.911212
RWI,423.0275,-0.8193041,0.8706367,-1.910557
RWI,423.0355,-0.8219067,0.8694004,-1.909809
RWI,423.044,-0.8241673,0.868651,-1.908973
RWI,423.0525,-0.8262595,0.8680972,-1.908548
RWI,423.0607,-0.8278731,0.8680403,-1.907782
RWI,423.0692,-0.8287925,0.8682597,-1.907372
RWI,423.0772,-0.8292872,0.8684832,-1.907157
RWI,423.0862,-0.8299399,0.8690233,-1.906492
RWI,423.094,-0.8304884,0.8695047,-1.906059
RWI,423.103,-0.8310066,0.8703208,-1.904989
RWI,423.1108,-0.8307671,0.8715125,-1.903818
RWI,423.1188,-0.831239,0.8722087,-1.903027
RWI,423.1269,-0.8311142,0.8734334,-1.901768
RWI,423.1363,-0.8311198,0.8750146,-1.900412
RWI,423.1443,-0.8311992,0.8765925,-1.898859
RWI,423.1522,-0.831405,0.8782244,-1.897293
RWI,423.1609,-0.8317165,0.8799058,-1.895862
RWI,423.1688,-0.8323162,0.8815225,-1.894305
RWI,423.177,-0.8330267,0.8830727,-1.892968
RWI,423.1857,-0.8339095,0.8846508,-1.891362
RWI,423.1937,-0.8347903,0.8859724,-1.889977
RWI,423.2027,-0.8358828,0.8873525,-1.888386
RWI,423.2104,-0.8374687,0.8884897,-1.886882
RWI,423.2191,-0.838868,0.8899177,-1.885306
RWI,423.2273,-0.8403428,0.8911689,-1.883819
RWI,423.2357,-0.8421269,0.8920052,-1.88246
RWI,423.2439,-0.8437983,0.8930299,-1.881116
RWI,423.2523,-0.8457195,0.8936833,-1.87977
RWI,423.2603,-0.8486179,0.8949361,-1.878128
RWI,423.2695,-0.850741,0.8957307,-1.877022
RWI,423.2769,-0.8537391,0.8967606,-1.875393
RWI,423.2855,-0.8558985,0.8976848,-1.874286
RWI,423.2938,-0.8581706,0.898523,-1.873079
RWI,423.3032,-0.8610101,0.8993229,-1.871779
RWI,423.311,-0.8633983,0.8998908,-1.870589
RWI,423.3189,-0.8660994,0.9003597,-1.86933
RWI,423.327,-0.8684276,0.900753,-1.868235
RWI,423.3359,-0.8708207,0.9013108,-1.867234
RWI,423.3447,-0.8739145,0.901064,-1.866519
RWI,423.3523,-0.8765442,0.9018471,-1.865323
RWI,423.3608,-0.8793164,0.9025042,-1.863978
RWI,423.369,-0.882438,0.902532,-1.863215
RWI,423.3776,-0.8851085,0.9023851,-1.862123
RWI,423.3857,-0.8880283,0.9028472,-1.860667
RWI,423.3939,-0.8909431,0.9032112,-1.85938
RWI,423.4027,-0.8939264,0.9021999,-1.858517
RWI,423.4104,-0.8966769,0.9018827,-1.857255
RWI,423.4188,-0.8984455,0.9007607,-1.856802
RWI,423.4274,-0.9008338,0.9006524,-1.855756
RWI,423.4355,-0.9032318,0.9003894,-1.854568
RWI,423.4439,-0.9056039,0.9001215,-1.853575
RWI,423.4521,-0.9080276,0.9000116,-1.852291
RWI,423.4605,-0.9104517,0.8998302,-1.850991
RWI,423.4694,-0.9125751,0.899617,-1.849315
RWI,423.4772,-0.9146375,0.8989532,-1.848024
RWI,423.4858,-0.9166341,0.898106,-1.846889
RWI,423.4936,-0.9184152,0.8969986,-1.84582
RWI,423.503,-0.9201415,0.8958161,-1.844837
RWI,423.5107,-0.9217923,0.8948808,-1.843664
RWI,423.5188,-0.9232776,0.8937839,-1.842319
RWI,485.0967,-0.8832774,0.8969557,-1.851635
RWI,485.1063,-0.8865998,0.8936617,-1.852699
RWI,485.1117,-0.8913233,0.8880466,-1.853941
RWI,485.1168,-0.8933806,0.88625,-1.854735
RWI,485.1263,-0.8956722,0.8850422,-1.855204
RWI,485.133,-0.8987502,0.883154,-1.856001
RWI,485.1413,-0.9016966,0.8822888,-1.856869
RWI,485.1493,-0.9041725,0.880836,-1.855912
RWI,485.1599,-0.9052901,0.8789839,-1.856472
RWI,485.1665,-0.9073817,0.8763553,-1.857588
RWI,485.1746,-0.9086213,0.8739187,-1.858465
RWI,485.183,-0.910762,0.8720211,-1.858982
RWI,485.1914,-0.9125834,0.8705889,-1.859879
RWI,485.1998,-0.9140513,0.8697245,-1.860866
RWI,485.208,-0.9158047,0.8686551,-1.861571
RWI,485.2162,-0.917073,0.8684513,-1.862022
RWI,485.2253,-0.917401,0.8685795,-1.862195
RWI,485.233,-0.9183802,0.8698283,-1.862373
RWI,485.2413,-0.9188528,0.8710378,-1.861951
RWI,485.2498,-0.918996,0.8717241,-1.860512
RWI,485.2578,-0.9190847,0.8724385,-1.859779
RWI,485.2659,-0.9190272,0.8728695,-1.858869
RWI,485.2748,-0.9190144,0.8731831,-1.858281
RWI,485.2828,-0.9188923,0.8728539,-1.857535
RWI,485.2919,-0.9188637,0.8729969,-1.857002
RWI,485.2998,-0.9187679,0.8731069,-1.856328
RWI,485.308,-0.9186559,0.8731924,-1.855695
RWI,485.3164,-0.9185356,0.8734149,-1.855031
RWI,485.3254,-0.9181929,0.8739138,-1.854121
RWI,485.3328,-0.9176796,0.8743269,-1.853104
RWI,485.3414,-0.9170434,0.8747234,-1.852193
RWI,485.3493,-0.9159859,0.8751434,-1.851081
RWI,485.3597,-0.9149448,0.8753623,-1.850158
RWI,485.3665,-0.9137391,0.876078,-1.849004
RWI,485.3748,-0.9125377,0.8770698,-1.847862
RWI,485.3828,-0.9115717,0.8779971,-1.847081
RWI,485.3913,-0.9104971,0.8795253,-1.846061
RWI,485.3998,-0.9094862,0.8812769,-1.844978
RWI,485.4081,-0.9082395,0.883331,-1.843877
RWI,485.4162,-0.9066784,0.8856496,-1.842792
RWI,485.4253,-0.9045205,0.8880911,-1.841312
RWI,485.4335,-0.9022537,0.8902765,-1.840249
RWI,485.4425,-0.8997463,0.8923032,-1.839109
RWI,485.4508,-0.8971376,0.8946084,-1.83808
RWI,485.4591,-0.8941032,0.8972187,-1.836733
RWI,485.4676,-0.8909101,0.9002391,-1.835139
RWI,485.4757,-0.8872885,0.9039893,-1.833191
RWI,485.4846,-0.8836012,0.9085283,-1.830643
RWI,485.494,-0.8789833,0.913991,-1.827307
RWI,485.5015,-0.874051,0.9199306,-1.823537
RWI,485.5103,-0.8683202,0.9263073,-1.819053
RWI,485.5182,-0.8616974,0.9340414,-1.814035
RWI,485.5272,-0.8562681,0.9414312,-1.809709
RWI,485.5348,-0.8515525,0.9486511,-1.805817
RWI,485.5434,-0.8466966,0.9553756,-1.802331
RWI,485.5516,-0.8420755,0.9621896,-1.799046
RWI,485.5614,-0.8376729,0.9684401,-1.796469
RWI,485.5691,-0.8322224,0.9756675,-1.793423
RWI,485.577,-0.8278575,0.9818386,-1.791528
RWI,485.5851,-0.8226931,0.9891438,-1.789194
RWI,485.5933,-0.8181505,0.997055,-1.78738
RWI,485.6014,-0.8134467,1.004717,-1.785174
RWI,485.6102,-0.8084137,1.01369,-1.78355
RWI,485.6181,-0.8040917,1.022002,-1.781981
RWI,485.6271,-0.7993955,1.029478,-1.780433
RWI,485.6352,-0.7953049,1.038118,-1.779858
RWI,485.6444,-0.791142,1.045746,-1.778957
RWI,485.6517,-0.7872804,1.053696,-1.778005
RWI,485.66,-0.7835343,1.061673,-1.777022
RWI,485.6686,-0.780113,1.069442,-1.776679
RWI,485.6768,-0.7771115,1.077703,-1.776469
RWI,485.6853,-0.7739034,1.085226,-1.775968
RWI,485.6945,-0.7713807,1.093116,-1.776143
RWI,485.702,-0.768752,1.100939,-1.776026
RWI,485.7103,-0.7664645,1.107628,-1.776067
RWI,485.7182,-0.7641925,1.114577,-1.776103
RWI,485.7271,-0.7624837,1.121167,-1.77633
RWI,485.7354,-0.7604471,1.127853,-1.77648
RWI,485.7436,-0.7586815,1.134239,-1.776636
RWI,485.7516,-0.7577354,1.1405,-1.776814
RWI,485.7609,-0.7563328,1.146607,-1.776927
RWI,485.7692,-0.7548847,1.153034,-1.776884
RWI,485.7766,-0.7544973,1.158872,-1.776737
RWI,485.7851,-0.7535218,1.164942,-1.776332
RWI,485.7932,-0.7523186,1.171078,-1.775314
RWI,485.8015,-0.7513519,1.176847,-1.774461
RWI,485.81,-0.7504073,1.182644,-1.773079
RWI,485.8181,-0.7492582,1.188284,-1.771734
RWI,485.8271,-0.7480732,1.193851,-1.770232
RWI,485.8347,-0.746711,1.198987,-1.768415
RWI,485.8448,-0.7455195,1.204136,-1.766831
RWI,485.8517,-0.7444547,1.209349,-1.765229
RWI,485.8601,-0.7434078,1.21409,-1.763549
RWI,485.8684,-0.7427583,1.219297,-1.762119
RWI,485.8767,-0.742388,1.223448,-1.760969
RWI,485.8847,-0.7420568,1.227651,-1.760014
RWI,485.8939,-0.7414525,1.231632,-1.759012
RWI,485.9014,-0.7414095,1.234938,-1.758564
RWI,485.9102,-0.7410387,1.237978,-1.758045
RWI,485.9183,-0.7409381,1.241607,-1.757323
RWI,485.927,-0.7410564,1.243594,-1.757098
RWI,485.9348,-0.7409434,1.245766,-1.75737
RWI,485.9438,-0.7405971,1.24714,-1.757655
RWI,485.9517,-0.7406474,1.248438,-1.758206
RWI,485.9607,-0.7405968,1.249038,-1.75891
RWI,485.9693,-0.7404811,1.249493,-1.75977
RWI,485.9767,-0.7404837,1.24916,-1.760771
RWI,485.9852,-0.7404962,1.248453,-1.762008
RWI,485.9933,-0.7406319,1.247102,-1.763172
RWI,486.0018,-0.7406576,1.245325,-1.764374
RWI,486.01,-0.7405189,1.243245,-1.765457
RWI,486.0182,-0.7402288,1.240091,-1.766639
RWI,486.0272,-0.7399666,1.237641,-1.767529
RWI,486.0349,-0.7397095,1.235076,-1.76836
RWI,486.0444,-0.7392579,1.23222,-1.769222
RWI,486.0515,-0.7389004,1.229552,-1.770039
RWI,486.06,-0.7385482,1.227094,-1.770701
RWI,486.0687,-0.737901,1.224579,-1.771148
RWI,486.0767,-0.7373606,1.22263,-1.771582
RWI,486.085,-0.7368542,1.220795,-1.771789
RWI,486.0938,-0.7366149,1.219397,-1.772083
RWI,486.1015,-0.7365603,1.217883,-1.772471
RWI,486.1104,-0.7363275,1.216486,-1.772588
RWI,486.1188,-0.7361815,1.215448,-1.772753
RWI,486.127,-0.7360358,1.214234,-1.77316
RWI,486.1351,-0.7359499,1.213274,-1.773646
RWI,486.1431,-0.7357634,1.212135,-1.774081
RWI,486.1519,-0.73549,1.211029,-1.774646
RWI,486.1606,-0.7351441,1.210331,-1.775491
RWI,486.1689,-0.7347801,1.209239,-1.77601
RWI,486.1767,-0.7343208,1.208308,-1.776763
RWI,486.1848,-0.7337811,1.208013,-1.777645
RWI,486.1933,-0.7333162,1.207533,-1.778266
RWI,486.2015,-0.7325051,1.207131,-1.778753
RWI,486.2099,-0.7320797,1.207143,-1.779493
RWI,486.2179,-0.731267,1.207273,-1.780009
RWI,486.2271,-0.7305783,1.207458,-1.780172
RWI,486.2352,-0.7298832,1.207696,-1.780531
RWI,486.2444,-0.7291675,1.207991,-1.780998
RWI,486.2515,-0.7285775,1.208524,-1.781238
RWI,486.2599,-0.7279792,1.209102,-1.781618
RWI,486.2682,-0.7274147,1.209586,-1.782075
RWI,486.2771,-0.7269865,1.210107,-1.782426
RWI,486.2846,-0.7265298,1.210473,-1.782734
RWI,486.2942,-0.7263469,1.211086,-1.783067
RWI,486.3016,-0.7258146,1.211617,-1.783524
RWI,486.3099,-0.7256811,1.212327,-1.783899
RWI,486.3183,-0.7255985,1.213165,-1.784155
RWI,486.3271,-0.7254053,1.213918,-1.784473
RWI,486.335,-0.7256505,1.214712,-1.784865
RWI,486.3434,-0.7256124,1.215608,-1.78515
RWI,486.3512,-0.725648,1.216622,-1.785476
RWI,486.3611,-0.7256465,1.217571,-1.785769
RWI,486.369,-0.7258239,1.218441,-1.786119
RWI,486.3768,-0.7258255,1.219362,-1.78653
RWI,486.3851,-0.7259296,1.220222,-1.786919
RWI,486.3931,-0.7260768,1.220996,-1.787344
RWI,486.4018,-0.7262017,1.221735,-1.787826
RWI,486.4102,-0.7261726,1.222341,-1.788253
RWI,486.418,-0.7262125,1.222964,-1.788642
RWI,486.4271,-0.726108,1.223329,-1.78897
RWI,486.435,-0.7259928,1.223799,-1.789293
RWI,486.4447,-0.7256645,1.224466,-1.789527
RWI,486.4517,-0.7254072,1.224922,-1.789734
RWI,486.4597,-0.7252322,1.22546,-1.789912
RWI,486.4683,-0.7248461,1.226084,-1.790035
RWI,486.4766,-0.7247085,1.22663,-1.790105
RWI,486.485,-0.7245636,1.227091,-1.790091
RWI,486.4933,-0.7244068,1.227581,-1.790089
RWI,486.5015,-0.7242907,1.227902,-1.790088
RWI,486.5102,-0.724093,1.228324,-1.789983
RWI,486.5183,-0.7238932,1.228754,-1.789749
RWI,486.527,-0.7236497,1.229154,-1.789541
RWI,486.5349,-0.7235107,1.22953,-1.789299
RWI,486.5435,-0.7235726,1.229717,-1.789128
RWI,486.5517,-0.7235392,1.229893,-1.788952
RWI,486.5614,-0.7235082,1.230108,-1.78877
RWI,486.5691,-0.7237579,1.230192,-1.788545
RWI,486.5763,-0.723889,1.230263,-1.788402
RWI,486.5847,-0.7242237,1.230302,-1.788231
RWI,486.5933,-0.7244914,1.230412,-1.788106
RWI,486.6015,-0.7248042,1.230528,-1.788038
RWI,486.6099,-0.7250986,1.230715,-1.787894
RWI,486.6183,-0.7252973,1.230965,-1.787726
RWI,486.6271,-0.7254624,1.231174,-1.787728
RWI,486.6349,-0.7255734,1.231459,-1.787538
RWI,486.6445,-0.7257632,1.231596,-1.787394
RWI,486.6517,-0.725935,1.231667,-1.787356
RWI,486.6599,-0.7260448,1.231785,-1.787285
RWI,486.6682,-0.7261757,1.23172,-1.787318
RWI,486.6767,-0.726325,1.231727,-1.7873
RWI,486.6857,-0.7264953,1.231559,-1.7873
RWI,486.694,-0.7265778,1.23151,-1.78736
RWI,486.7037,-0.7264808,1.231458,-1.787312
RWI,486.7102,-0.7266006,1.231416,-1.7874
RWI,486.7181,-0.7265283,1.231497,-1.787316
RWI,486.7271,-0.7265474,1.231472,-1.787332
RWI,486.735,-0.7265873,1.231452,-1.787339
RWI,486.7437,-0.7263262,1.231674,-1.787212
RWI,486.7522,-0.7262717,1.231714,-1.787181
RWI,486.7641,-0.7262965,1.231547,-1.787256
RWI,486.7742,-0.7262918,1.231573,-1.78721
RWI,486.7826,-0.7262934,1.231593,-1.787199
RWI,486.791,-0.7264858,1.231371,-1.787274
RWI,486.7993,-0.7265365,1.231332,-1.787176
RWI,486.8077,-0.7265059,1.231336,-1.787226
RWI,486.8159,-0.7264579,1.231313,-1.787241
RWI,486.8255,-0.726431,1.231353,-1.787271
RWI,486.8329,-0.7263929,1.231333,-1.787295
RWI,486.8413,-0.7263505,1.231452,-1.787328
RWI,486.8495,-0.7263843,1.231459,-1.787315
RWI,486.8575,-0.7264651,1.231529,-1.787269
RWI,486.8661,-0.7265697,1.231509,-1.787298
RWI,486.8744,-0.7264873,1.23167,-1.787298
RWI,486.8828,-0.7264611,1.231784,-1.787277
RWI,486.8912,-0.7263296,1.231965,-1.787272
RWI,486.8992,-0.7262174,1.232089,-1.787249
RWI,486.9078,-0.7261646,1.232182,-1.787236
RWI,486.9158,-0.7260783,1.232277,-1.787335
RWI,486.9249,-0.725997,1.232422,-1.787404
RWI,486.9327,-0.7260867,1.232484,-1.787451
RWI,486.941,-0.7260875,1.232615,-1.787556
RWI,486.9493,-0.7260775,1.232696,-1.787634
RWI,486.9577,-0.7259419,1.232631,-1.787768
RWI,486.9659,-0.725917,1.232586,-1.787871
RWI,486.9745,-0.7258368,1.232667,-1.787989
RWI,486.9827,-0.725943,1.23253,-1.788154
RWI,486.991,-0.725909,1.232604,-1.788249
RWI,486.9995,-0.7259115,1.232788,-1.788195
RWI,487.0075,-0.725884,1.232864,-1.788282
RWI,487.0159,-0.7257652,1.232947,-1.788382
RWI,487.0243,-0.7256811,1.233057,-1.788464
RWI,487.0327,-0.7255136,1.233065,-1.788623
RWI,487.0411,-0.7253963,1.233137,-1.788715
RWI,487.0491,-0.7253214,1.23314,-1.788757
RWI,487.0578,-0.7252157,1.233035,-1.788785
RWI,487.0658,-0.7251183,1.233083,-1.788808
RWI,487.0747,-0.7250072,1.233178,-1.78885
RWI,487.0826,-0.7249496,1.233096,-1.788894
RWI,487.0926,-0.7248685,1.233234,-1.788859
RWI,487.0993,-0.724815,1.233312,-1.788872
RWI,487.1077,-0.7247522,1.233361,-1.788903
RWI,487.116,-0.7247108,1.233525,-1.788876
RWI,487.1248,-0.7246397,1.233746,-1.788882
RWI,487.1329,-0.7245777,1.233835,-1.788858
RWI,487.1416,-0.7245663,1.233905,-1.788885
RWI,487.1498,-0.7246364,1.234022,-1.788877
RWI,487.1592,-0.7247784,1.234174,-1.788727
RWI,487.167,-0.7247767,1.234226,-1.788792
RWI,487.1756,-0.7247996,1.234405,-1.788765
RWI,487.1841,-0.7248152,1.234593,-1.788738
RWI,487.1926,-0.7248088,1.234775,-1.788713
RWI,487.2013,-0.7247761,1.234988,-1.788637
RWI,487.2097,-0.7247857,1.235308,-1.78848
RWI,487.2178,-0.7248048,1.23555,-1.788397
RWI,487.2269,-0.7249253,1.235755,-1.788342
RWI,487.2344,-0.7249982,1.235967,-1.788293
RWI,487.2443,-0.7251442,1.236167,-1.788255
RWI,487.2513,-0.7252737,1.236385,-1.788227
RWI,487.2599,-0.7252728,1.236619,-1.788209
RWI,487.268,-0.7254055,1.236918,-1.788145
RWI,487.2764,-0.7254434,1.23707,-1.788163
RWI,487.2848,-0.7256278,1.237256,-1.788195
RWI,487.2936,-0.7257277,1.237306,-1.788247
RWI,487.3015,-0.725841,1.237402,-1.788262
RWI,487.31,-0.7258595,1.237352,-1.78828
RWI,487.3182,-0.7257435,1.237185,-1.788394
RWI,487.3268,-0.7256359,1.236928,-1.788444
RWI,487.3346,-0.7253304,1.236383,-1.78868
RWI,487.343,-0.7250423,1.235828,-1.788898
RWI,487.3512,-0.724535,1.235104,-1.789214
RWI,487.3607,-0.7237529,1.234179,-1.789636
RWI,487.3691,-0.7228414,1.233045,-1.790088
RWI,487.3766,-0.7216643,1.231646,-1.790548
RWI,487.3846,-0.7201878,1.230112,-1.791173
RWI,487.393,-0.7184705,1.227881,-1.792023
RWI,487.4015,-0.7165086,1.225341,-1.792798
RWI,487.4099,-0.7144073,1.222239,-1.793771
RWI,487.4181,-0.7121001,1.218441,-1.794983
RWI,487.4267,-0.7097217,1.213996,-1.796329
RWI,487.4344,-0.7072861,1.208885,-1.797933
RWI,487.4445,-0.7042222,1.203257,-1.799534
RWI,487.4514,-0.7018051,1.197865,-1.801038
RWI,487.4597,-0.6987256,1.190467,-1.802942
RWI,487.468,-0.6963466,1.183962,-1.804722
RWI,487.4763,-0.6933001,1.176216,-1.806692
RWI,487.4848,-0.6902789,1.1674,-1.808786
RWI,487.4944,-0.6876333,1.15847,-1.810862
RWI,487.5014,-0.6853822,1.148517,-1.813185
RWI,487.51,-0.6830847,1.138055,-1.815446
RWI,487.5187,-0.6813903,1.127401,-1.817823
RWI,487.5301,-0.6800411,1.116025,-1.820231
RWI,487.5406,-0.6792403,1.098696,-1.82387
RWI,487.5494,-0.6789945,1.082616,-1.82694
RWI,487.5578,-0.6796408,1.069052,-1.829957
RWI,487.566,-0.680779,1.056949,-1.832628
RWI,487.5745,-0.6821436,1.044273,-1.8354
RWI,487.5826,-0.6844499,1.032786,-1.838713
RWI,487.5908,-0.6867183,1.021419,-1.842027
RWI,487.5991,-0.688603,1.00996,-1.845245
RWI,487.6079,-0.6912475,0.9993331,-1.848965
RWI,487.6156,-0.6937041,0.9882051,-1.852942
RWI,487.6247,-0.6968526,0.9778472,-1.857418
RWI,487.6326,-0.700583,0.9667199,-1.861212
RWI,487.6408,-0.7043544,0.9560139,-1.865499
RWI,487.6493,-0.7086401,0.9453191,-1.868795
RWI,487.6576,-0.7147661,0.9352297,-1.872657
RWI,487.6659,-0.7210337,0.9262209,-1.87612
RWI,487.6744,-0.7265165,0.9161117,-1.87964
RWI,487.6826,-0.73343,0.9084526,-1.882773
RWI,487.6916,-0.7397478,0.8996,-1.886768
RWI,487.6997,-0.7474796,0.8909534,-1.889549
RWI,487.7076,-0.7537844,0.8834108,-1.892615
RWI,487.7158,-0.7598243,0.8757043,-1.896111
RWI,487.725,-0.7658274,0.867984,-1.899578
RWI,487.7325,-0.7712018,0.8602629,-1.903905
RWI,487.7408,-0.7755276,0.8540841,-1.908062
RWI,487.7495,-0.7796265,0.8470489,-1.912016
RWI,487.7576,-0.783504,0.8404338,-1.916196
RWI,487.7658,-0.7867591,0.8348216,-1.919463
RWI,487.7742,-0.7893589,0.8310332,-1.922084
RWI,487.7824,-0.7924286,0.8256073,-1.924588
RWI,487.7909,-0.7946717,0.822571,-1.926012
RWI,487.7988,-0.7942529,0.8225908,-1.926993
RWI,487.8074,-0.7943029,0.8212075,-1.927945
RWI,487.8157,-0.7932581,0.8205199,-1.92872
RWI,487.8247,-0.7908757,0.8202832,-1.929349
RWI,487.8325,-0.7876472,0.8207704,-1.929453
RWI,487.841,-0.7835447,0.8225908,-1.92961
RWI,487.8495,-0.778389,0.824865,-1.92972
RWI,487.8575,-0.7723383,0.8278429,-1.929536
RWI,487.8658,-0.7659452,0.8315566,-1.929219
RWI,487.874,-0.7585365,0.8361639,-1.929256
RWI,487.8821,-0.7510525,0.8415388,-1.929295
RWI,487.8925,-0.7418647,0.8478383,-1.929684
RWI,487.8994,-0.7339846,0.8538748,-1.929802
RWI,487.9081,-0.7240633,0.8614927,-1.930221
RWI,487.9166,-0.7148774,0.8697221,-1.929908
RWI,487.9255,-0.7045956,0.8787631,-1.929751
RWI,487.9336,-0.6944599,0.8896801,-1.929811
RWI,487.9422,-0.6849142,0.9014923,-1.929641
RWI,487.9507,-0.6745015,0.9135209,-1.928994
RWI,487.9601,-0.6648349,0.9278701,-1.928103
RWI,487.9683,-0.6545792,0.9429208,-1.92703
RWI,487.9765,-0.6455446,0.9556296,-1.926031
RWI,487.9846,-0.6362354,0.9709109,-1.92547
RWI,487.9933,-0.627364,0.9882835,-1.924082
RWI,488.0013,-0.6190048,1.005318,-1.922573
RWI,488.0095,-0.6112529,1.023045,-1.92076
RWI,488.0176,-0.6047002,1.041711,-1.919574
RWI,488.0268,-0.5977569,1.061446,-1.917516
RWI,488.0344,-0.5918832,1.08095,-1.915545
RWI,488.0443,-0.587234,1.101557,-1.913962
RWI,488.051,-0.5835528,1.122023,-1.912334
RWI,488.0597,-0.5800586,1.143104,-1.910846
RWI,488.0681,-0.5777277,1.164044,-1.909869
RWI,488.0766,-0.5764704,1.185845,-1.909141
RWI,488.0844,-0.575706,1.20745,-1.909361
RWI,488.0939,-0.5766719,1.228531,-1.90932
RWI,488.1011,-0.5801811,1.249892,-1.911057
RWI,488.1096,-0.5810461,1.270288,-1.911283
RWI,488.1183,-0.5849749,1.291494,-1.912005
RWI,488.1267,-0.5913813,1.311393,-1.913638
RWI,488.1346,-0.5950344,1.331841,-1.914766
RWI,488.1431,-0.6029057,1.35104,-1.916311
RWI,488.1509,-0.6097347,1.368642,-1.91751
RWI,488.1599,-0.6187463,1.388208,-1.918429
RWI,488.1689,-0.6278714,1.40546,-1.919878
RWI,488.1764,-0.6368698,1.422176,-1.921917
RWI,488.1844,-0.6469219,1.437939,-1.923693
RWI,488.1927,-0.6564149,1.452781,-1.926209
RWI,488.2015,-0.6670668,1.467208,-1.928466
RWI,488.2098,-0.6776193,1.479757,-1.931363
RWI,488.2178,-0.6890563,1.492429,-1.933834
RWI,488.2266,-0.7005855,1.503374,-1.936452
RWI,488.2346,-0.7125518,1.513982,-1.939257
RWI,488.2438,-0.7243701,1.521481,-1.941885
RWI,488.2512,-0.7359154,1.52964,-1.944085
RWI,488.2595,-0.7475251,1.536883,-1.946764
RWI,488.2676,-0.7591949,1.543302,-1.949401
RWI,488.2762,-0.7706319,1.548249,-1.95172
RWI,488.2844,-0.7818498,1.554519,-1.954106
RWI,488.2939,-0.791535,1.55721,-1.956411
RWI,488.3011,-0.8017412,1.560071,-1.958107
RWI,488.3095,-0.811035,1.562532,-1.959664
RWI,488.3176,-0.8200976,1.564759,-1.960394
RWI,488.3268,-0.8284707,1.566287,-1.961115
RWI,488.3347,-0.835845,1.566803,-1.960878
RWI,488.343,-0.8435187,1.568576,-1.961062
RWI,488.3513,-0.8500339,1.569313,-1.960901
RWI,488.3602,-0.8548782,1.568367,-1.960389
RWI,488.3678,-0.8621225,1.569271,-1.96013
RWI,488.3765,-0.8667305,1.568323,-1.96001
RWI,488.3844,-0.8725361,1.567246,-1.960168
RWI,488.3927,-0.8777474,1.56656,-1.959614
RWI,488.4014,-0.8817093,1.565506,-1.95987
RWI,488.4097,-0.8855169,1.564523,-1.959793
RWI,488.4177,-0.8881532,1.56433,-1.960851
RWI,488.4266,-0.8883359,1.563951,-1.959983
RWI,488.4345,-0.8900887,1.562963,-1.959947
RWI,488.4433,-0.8902373,1.563122,-1.958735
RWI,488.4513,-0.8905287,1.56172,-1.958089
RWI,488.4595,-0.8900961,1.561383,-1.956802
RWI,488.4676,-0.8888912,1.560938,-1.954853
RWI,488.4764,-0.8871368,1.561242,-1.952982
RWI,488.4843,-0.8849895,1.561297,-1.95093
RWI,488.4936,-0.8805416,1.561392,-1.949678
RWI,488.5013,-0.8779838,1.561259,-1.947866
RWI,488.5096,-0.8727812,1.560804,-1.947469
RWI,488.5177,-0.8689264,1.560894,-1.945345
RWI,488.5265,-0.8636731,1.560753,-1.944189
RWI,488.5346,-0.8563282,1.560347,-1.943466
RWI,488.5432,-0.8500147,1.559903,-1.942771
RWI,488.553,-0.8429725,1.558977,-1.941955
RWI,488.5631,-0.8335229,1.557739,-1.941716
RWI,488.5695,-0.8246098,1.556077,-1.941434
RWI,488.576,-0.8186094,1.555069,-1.94105
RWI,488.5848,-0.8105152,1.55262,-1.940882
RWI,488.5927,-0.8017495,1.55036,-1.940639
RWI,488.6015,-0.7928622,1.547819,-1.940385
RWI,488.6097,-0.7835985,1.543777,-1.940537
RWI,488.6178,-0.7739977,1.540057,-1.940706
RWI,488.6264,-0.7642333,1.536143,-1.940823
RWI,488.6345,-0.7540545,1.530582,-1.941267
RWI,488.6436,-0.7441688,1.525229,-1.94105
RWI,488.6512,-0.734557,1.518997,-1.940827
RWI,488.6599,-0.7246309,1.512497,-1.940087
RWI,488.6678,-0.7146065,1.504818,-1.939144
RWI,488.6761,-0.7048175,1.496561,-1.93838
RWI,488.6847,-0.6951861,1.487727,-1.936971
RWI,488.6941,-0.6858408,1.477906,-1.93514
RWI,488.7015,-0.6767426,1.467714,-1.932529
RWI,488.7103,-0.6682317,1.456647,-1.929564
RWI,488.7176,-0.6601899,1.4445,-1.926606
RWI,488.7265,-0.653345,1.432711,-1.924785
RWI,488.7345,-0.6465311,1.420169,-1.923123
RWI,488.7433,-0.6402298,1.407336,-1.922436
RWI,488.7508,-0.6341864,1.393179,-1.922667
RWI,488.76,-0.6283343,1.379175,-1.923072
RWI,488.7683,-0.6234701,1.363171,-1.92449
RWI,488.776,-0.6192625,1.347636,-1.92476
RWI,488.7845,-0.6143785,1.33247,-1.925116
RWI,488.7931,-0.6134546,1.315485,-1.925716
RWI,488.801,-0.6110861,1.299074,-1.925637
RWI,488.8096,-0.6097832,1.282743,-1.925294
RWI,488.8174,-0.6089218,1.265887,-1.924744
RWI,488.8267,-0.608678,1.248753,-1.924449
RWI,488.8345,-0.6088493,1.231322,-1.924711
RWI,488.8436,-0.610126,1.213706,-1.925717
RWI,488.8511,-0.6119877,1.195787,-1.927461
RWI,488.8596,-0.6136379,1.178706,-1.929546
RWI,488.8681,-0.6163914,1.161287,-1.93151
RWI,488.8763,-0.6192696,1.144208,-1.933068
RWI,488.8843,-0.6222943,1.1275,-1.933684
RWI,488.8937,-0.6281558,1.109794,-1.933689
RWI,488.9011,-0.6338086,1.092396,-1.934261
RWI,488.9094,-0.6387041,1.075141,-1.934453
RWI,488.9179,-0.6463572,1.058601,-1.935653
RWI,488.9266,-0.6528558,1.042662,-1.937493
RWI,488.9345,-0.6599933,1.026237,-1.939931
RWI,488.9429,-0.6674773,1.010545,-1.942192
RWI,488.9511,-0.6749623,0.9946049,-1.944354
RWI,488.9599,-0.6833738,0.9790213,-1.946138
RWI,488.9679,-0.692434,0.9634045,-1.946825
RWI,488.9763,-0.7024022,0.9481787,-1.947769
RWI,488.9841,-0.7133667,0.93303,-1.948341
RWI,488.9926,-0.7251333,0.9191271,-1.949544
RWI,489.0011,-0.7349322,0.9055176,-1.951326
RWI,489.0097,-0.7448474,0.8921499,-1.953413
RWI,489.0177,-0.755067,0.8784781,-1.955251
RWI,489.0269,-0.7642083,0.868842,-1.957241
RWI,489.0341,-0.7744983,0.8581719,-1.958308
RWI,489.0443,-0.7844263,0.8484617,-1.958294
RWI,489.0548,-0.7943307,0.8402984,-1.957877
RWI,489.0639,-0.8067197,0.8312049,-1.956153
RWI,489.0688,-0.8158279,0.8245093,-1.95513
RWI,489.0741,-0.8207794,0.8204432,-1.955013
RWI,489.0821,-0.8251597,0.8172289,-1.954387
RWI,489.0908,-0.8304077,0.8145065,-1.952901
RWI,489.0991,-0.8370723,0.8094652,-1.951665
RWI,489.1071,-0.840346,0.8079749,-1.949473
RWI,489.1157,-0.8441433,0.805816,-1.947904
RWI,489.1251,-0.8457428,0.8054847,-1.946325
RWI,489.132,-0.8412885,0.808384,-1.945616
RWI,489.1407,-0.8382939,0.8095669,-1.944505
RWI,489.1489,-0.8362697,0.8100672,-1.943241
RWI,489.1576,-0.8322192,0.8130956,-1.941351
RWI,489.1661,-0.8286029,0.8152546,-1.939821
RWI,489.1739,-0.8242479,0.8178411,-1.93793
RWI,489.1823,-0.8184839,0.8215246,-1.936432
RWI,489.1905,-0.8132773,0.825823,-1.935323
RWI,489.1989,-0.8034669,0.8324475,-1.933915
RWI,489.2088,-0.7946668,0.8385417,-1.932304
RWI,489.2181,-0.784048,0.8461266,-1.93022
RWI,489.224,-0.7741524,0.8557937,-1.928508
RWI,489.2325,-0.7676066,0.8608896,-1.927943
RWI,489.2406,-0.7572842,0.8696257,-1.925952
RWI,489.2491,-0.7456483,0.880228,-1.923977
RWI,489.2571,-0.7355211,0.8907734,-1.922548
RWI,489.2656,-0.7246884,0.9020306,-1.920202
RWI,489.274,-0.7144784,0.914593,-1.917822
RWI,489.2821,-0.7046192,0.9290351,-1.915967
RWI,489.2913,-0.694348,0.944422,-1.913584
RWI,489.2989,-0.6845322,0.958353,-1.911455
RWI,489.3073,-0.6748512,0.9733906,-1.908883
RWI,489.3156,-0.66631,0.9888088,-1.907794
RWI,489.3248,-0.6571069,1.005298,-1.906187
RWI,489.3326,-0.6482789,1.022284,-1.904701
RWI,489.3406,-0.6421077,1.040812,-1.904624
RWI,489.3485,-0.6341038,1.057836,-1.902992
RWI,489.358,-0.6296007,1.076883,-1.90256
RWI,489.3702,-0.6226766,1.095039,-1.901085
RWI,489.3799,-0.6169264,1.123132,-1.899957
RWI,489.385,-0.6133447,1.148823,-1.899215
RWI,489.3904,-0.6113265,1.160553,-1.898852
RWI,489.3985,-0.6109414,1.173544,-1.899238
RWI,489.4071,-0.609929,1.192989,-1.899099
RWI,489.4157,-0.6094884,1.21283,-1.899704
RWI,489.4249,-0.6099958,1.232828,-1.900156
RWI,489.4323,-0.6111084,1.252505,-1.900858
RWI,489.4402,-0.6136604,1.271609,-1.901498
RWI,489.4488,-0.6173068,1.290036,-1.902243
RWI,489.4568,-0.6214923,1.309234,-1.903176
RWI,489.4657,-0.6278865,1.327104,-1.90488
RWI,489.4736,-0.632373,1.344721,-1.906117
RWI,489.4823,-0.6386856,1.362243,-1.907891
RWI,489.4909,-0.6455419,1.378479,-1.909854
RWI,489.499,-0.654627,1.393536,-1.912197
RWI,489.5071,-0.6631575,1.408628,-1.91454
RWI,489.5159,-0.6717721,1.423004,-1.916889
RWI,489.5246,-0.6806849,1.436446,-1.919426
RWI,489.5321,-0.6907156,1.449723,-1.922246
RWI,489.5408,-0.7002535,1.461259,-1.924863
RWI,489.549,-0.7105389,1.472663,-1.928162
RWI,489.5587,-0.7211692,1.483522,-1.931192
RWI,489.5655,-0.7313788,1.492481,-1.934448
RWI,489.5741,-0.74222,1.501278,-1.937757
RWI,489.5819,-0.7528422,1.509143,-1.941214
RWI,489.5903,-0.7635496,1.515746,-1.944425
RWI,489.5989,-0.7743368,1.521844,-1.947538
RWI,489.6072,-0.7850562,1.525449,-1.95046
RWI,489.6152,-0.7954861,1.53134,-1.953342
RWI,489.6243,-0.8057348,1.534578,-1.95627
RWI,489.6322,-0.8155447,1.536319,-1.958854
RWI,489.6402,-0.8246036,1.538433,-1.961248
RWI,489.6489,-0.8334906,1.541631,-1.963635
RWI,489.657,-0.8419386,1.541581,-1.96558
RWI,489.6654,-0.8496187,1.542426,-1.967175
RWI,489.674,-0.85768,1.542631,-1.968831
RWI,489.6822,-0.8643817,1.542881,-1.970228
RWI,489.692,-0.8707144,1.542569,-1.971383
RWI,489.6993,-0.8776319,1.542436,-1.972572
RWI,489.7074,-0.8819685,1.541633,-1.973233
RWI,489.7158,-0.8863286,1.54057,-1.973977
RWI,489.7249,-0.8909931,1.539444,-1.974573
RWI,489.7323,-0.8942666,1.538085,-1.974665
RWI,489.7409,-0.8966464,1.536221,-1.97457
RWI,489.7495,-0.8992212,1.535126,-1.9745
RWI,489.7585,-0.8997965,1.533189,-1.97406
RWI,489.7665,-0.9001155,1.531754,-1.973467
RWI,489.7754,-0.9010727,1.530151,-1.97322
RWI,489.7836,-0.8991634,1.527967,-1.972423
RWI,489.7923,-0.8972855,1.526453,-1.971662
RWI,489.8006,-0.8938172,1.524297,-1.970849
RWI,489.8092,-0.8916896,1.522447,-1.97022
RWI,489.8172,-0.8879772,1.519624,-1.969552
RWI,489.8269,-0.8847824,1.517546,-1.968585
RWI,489.8339,-0.8801376,1.515094,-1.967356
RWI,489.8439,-0.8739247,1.512311,-1.964824
RWI,489.8509,-0.8683004,1.509288,-1.962587
RWI,489.859,-0.8630792,1.50548,-1.960597
RWI,489.8677,-0.8568634,1.501742,-1.958051
RWI,489.8761,-0.8501031,1.49761,-1.955766
RWI,489.8846,-0.8429094,1.493114,-1.953468
RWI,489.8929,-0.8351251,1.48814,-1.951315
RWI,489.9006,-0.8273799,1.482031,-1.948964
RWI,489.9096,-0.8192712,1.476537,-1.946365
RWI,489.9175,-0.8105595,1.469939,-1.943904
RWI,489.9262,-0.8018419,1.463294,-1.941134
RWI,489.9341,-0.7926812,1.455836,-1.938434
RWI,489.9424,-0.7836195,1.447723,-1.935545
RWI,489.951,-0.7742909,1.438015,-1.932456
RWI,489.9596,-0.7652885,1.42974,-1.929519
RWI,489.9674,-0.7561326,1.418264,-1.92741
RWI,489.9757,-0.7470195,1.407816,-1.925375
RWI,489.9846,-0.7375873,1.397383,-1.923463
RWI,489.9927,-0.7280032,1.384459,-1.923453
RWI,490.0012,-0.7183205,1.371938,-1.922857
RWI,490.0092,-0.7086451,1.360156,-1.921914
RWI,490.0174,-0.7001036,1.345324,-1.922756
RWI,490.0259,-0.6916996,1.330892,-1.922537
RWI,490.034,-0.6841774,1.31646,-1.922395
RWI,490.0435,-0.6774978,1.300681,-1.922021
RWI,490.051,-0.6728795,1.283181,-1.922185
RWI,490.0595,-0.6663878,1.267445,-1.921527
RWI,490.0675,-0.6626039,1.249536,-1.922285
RWI,490.0758,-0.6583002,1.231638,-1.922788
RWI,490.0843,-0.6546798,1.213071,-1.924377
RWI,490.0929,-0.6513928,1.19464,-1.926147
RWI,490.101,-0.6498167,1.175819,-1.93021
RWI,490.1092,-0.6475949,1.157488,-1.932784
RWI,490.1176,-0.6457145,1.139421,-1.935899
RWI,490.1264,-0.645125,1.121309,-1.938469
RWI,490.1342,-0.6454871,1.102527,-1.941168
RWI,490.143,-0.6473972,1.08413,-1.943176
RWI,490.1505,-0.6510083,1.06566,-1.944977
RWI,490.1597,-0.654624,1.048321,-1.947346
RWI,490.1679,-0.6591886,1.031305,-1.95051
RWI,490.176,-0.6634007,1.015149,-1.953623
RWI,490.1843,-0.6676395,0.9989234,-1.957805
RWI,490.1924,-0.6729562,0.9827719,-1.961702
RWI,490.2009,-0.6789412,0.9670849,-1.964764
RWI,490.209,-0.6865479,0.9516828,-1.967487
RWI,490.2175,-0.693152,0.9351109,-1.970433
RWI,490.2263,-0.7034218,0.9209102,-1.972704
RWI,490.2339,-0.7126916,0.9071705,-1.974406
RWI,490.2431,-0.7231802,0.8962275,-1.975404
RWI,490.2509,-0.7333095,0.8848101,-1.977163
RWI,490.2592,-0.7437904,0.8754289,-1.978644
RWI,490.2674,-0.7539471,0.8665221,-1.980437
RWI,490.2758,-0.7631876,0.8595969,-1.982218
RWI,490.2839,-0.7713679,0.8532546,-1.984496
RWI,490.2941,-0.7783647,0.8476508,-1.986532
RWI,490.3004,-0.7851202,0.8420252,-1.988154
RWI,490.3091,-0.791739,0.8375379,-1.989364
RWI,490.3173,-0.7984088,0.8334063,-1.98936
RWI,490.3268,-0.803946,0.82978,-1.988354
RWI,490.3341,-0.8085073,0.8286706,-1.985417
RWI,490.3425,-0.8117844,0.8277853,-1.98409
RWI,490.3505,-0.8141138,0.8270637,-1.981894
RWI,490.3598,-0.8143839,0.8268839,-1.979746
RWI,490.368,-0.8136296,0.8278138,-1.977551
RWI,490.3759,-0.8132529,0.8281497,-1.975126
RWI,490.3839,-0.8083144,0.8316249,-1.971933
RWI,490.3928,-0.803576,0.8348507,-1.96838
RWI,490.4007,-0.7977777,0.8389653,-1.964987
RWI,490.409,-0.7908522,0.843631,-1.961492
RWI,490.4175,-0.7837599,0.8487607,-1.958413
RWI,490.4263,-0.7755657,0.8546082,-1.955311
RWI,490.4342,-0.7669069,0.860936,-1.95223
RWI,490.4431,-0.7582229,0.8682815,-1.949863
RWI,490.4509,-0.7488733,0.8760024,-1.946868
RWI,490.459,-0.7382855,0.8868659,-1.944471
RWI,490.4674,-0.7286434,0.8947982,-1.941731
RWI,490.4758,-0.7182458,0.9063476,-1.938714
RWI,490.484,-0.7073155,0.9189653,-1.935504
RWI,490.4931,-0.6977805,0.9323502,-1.932501
RWI,490.5009,-0.6872764,0.9460283,-1.92882
RWI,490.5091,-0.6773596,0.9601867,-1.925735
RWI,490.5174,-0.6683087,0.976229,-1.923185
RWI,490.5266,-0.6590195,0.9920709,-1.920048
RWI,490.5342,-0.6502456,1.008514,-1.917975
RWI,490.5427,-0.6431993,1.025355,-1.916599
RWI,490.5507,-0.6361592,1.041928,-1.91511
RWI,490.5605,-0.6291752,1.059504,-1.913861
RWI,490.5678,-0.6225355,1.078429,-1.912253
RWI,490.576,-0.6181672,1.095223,-1.912333
RWI,490.5842,-0.6140841,1.113165,-1.911428
RWI,490.5923,-0.6127673,1.131868,-1.912273
RWI,490.6006,-0.6107465,1.149758,-1.911905
RWI,490.6093,-0.6083609,1.167528,-1.911524
RWI,490.6172,-0.6095551,1.185317,-1.912635
RWI,490.6259,-0.6097804,1.202734,-1.913113
RWI,490.6341,-0.6108866,1.220079,-1.914336
RWI,490.643,-0.610777,1.237483,-1.915095
RWI,490.6507,-0.6132827,1.254309,-1.916768
RWI,490.659,-0.617916,1.270477,-1.91915
RWI,490.6674,-0.6221936,1.285631,-1.920839
RWI,490.6756,-0.6264771,1.300938,-1.922311
RWI,490.6843,-0.631721,1.315804,-1.923863
RWI,490.693,-0.6375266,1.32979,-1.92572
RWI,490.7011,-0.6439459,1.343438,-1.927788
RWI,490.7097,-0.6506305,1.35647,-1.930296
RWI,490.7175,-0.6573884,1.369123,-1.932787
RWI,490.7261,-0.6642704,1.380308,-1.935722
RWI,490.7342,-0.6716646,1.391876,-1.938767
RWI,490.7427,-0.6786113,1.402506,-1.941518
RWI,490.7507,-0.6859797,1.412617,-1.944824
RWI,490.7597,-0.6944774,1.421138,-1.948392
RWI,490.7677,-0.7022547,1.429625,-1.951959
RWI,490.7756,-0.7104878,1.438124,-1.955275
RWI,490.7839,-0.7185384,1.445528,-1.958786
RWI,490.7927,-0.7269791,1.452628,-1.962094
RWI,490.8008,-0.7353926,1.459099,-1.965299
RWI,490.8089,-0.7437803,1.464982,-1.96846
RWI,490.8173,-0.7524478,1.470475,-1.971328
RWI,490.826,-0.7606342,1.475436,-1.973819
RWI,490.8343,-0.7692032,1.480144,-1.976707
RWI,490.8429,-0.7774528,1.483176,-1.979251
RWI,490.8509,-0.7855231,1.487103,-1.981876
RWI,490.8591,-0.7933878,1.491845,-1.985021
RWI,490.8673,-0.8007401,1.494136,-1.986714
RWI,490.8759,-0.8082204,1.49749,-1.988959
RWI,490.8838,-0.8152563,1.499365,-1.99046
RWI,490.8928,-0.8214377,1.500457,-1.991328
RWI,490.9007,-0.8279181,1.501549,-1.992147
RWI,490.9093,-0.8336438,1.502317,-1.992596
RWI,490.9177,-0.8393181,1.503352,-1.993002
RWI,490.9261,-0.8445557,1.504001,-1.993667
RWI,490.9339,-0.8492807,1.504585,-1.994331
RWI,490.9426,-0.8534311,1.505366,-1.99546
RWI,490.9504,-0.8570487,1.505689,-1.996384
RWI,490.9595,-0.8605807,1.506379,-1.997185
RWI,490.968,-0.8627239,1.506078,-1.997782
RWI,490.9756,-0.8649386,1.506046,-1.998487
RWI,490.9839,-0.8669891,1.506167,-1.998765
RWI,490.9924,-0.8677242,1.506355,-1.998764
RWI,491.0008,-0.8690032,1.506402,-1.999048
RWI,491.009,-0.8678153,1.505494,-1.998491
RWI,491.017,-0.8679951,1.505036,-1.998517
RWI,491.0258,-0.8662345,1.504844,-1.998271
RWI,491.0339,-0.8653817,1.504504,-1.998035
RWI,491.0435,-0.8629698,1.503603,-1.997108
RWI,491.0506,-0.8604999,1.502821,-1.996341
RWI,491.0588,-0.8575571,1.501753,-1.995313
RWI,491.0675,-0.8541041,1.500847,-1.994049
RWI,491.0763,-0.8501891,1.499339,-1.992928
RWI,491.0839,-0.84619,1.496925,-1.991624
RWI,491.0927,-0.8417963,1.495027,-1.989919
RWI,491.1008,-0.8367843,1.492515,-1.988547
RWI,491.1089,-0.8322212,1.489607,-1.986847
RWI,491.1172,-0.8265426,1.486357,-1.985417
RWI,491.1265,-0.8201295,1.482148,-1.983486
RWI,491.134,-0.8138121,1.478575,-1.981352
RWI,491.1424,-0.8078558,1.474381,-1.980128
RWI,491.1507,-0.8016973,1.470073,-1.978331
RWI,491.1596,-0.7946246,1.464766,-1.976624
RWI,491.1675,-0.7878993,1.459128,-1.974858
RWI,491.1758,-0.781001,1.453118,-1.972873
RWI,491.184,-0.7734709,1.44613,-1.970922
RWI,491.1923,-0.7661958,1.439459,-1.96909
RWI,491.2005,-0.7587636,1.432108,-1.967241
RWI,491.2089,-0.7518052,1.423999,-1.9656
RWI,491.2171,-0.7445312,1.415877,-1.963847
RWI,491.2265,-0.7370628,1.407899,-1.962131
RWI,491.2338,-0.7296771,1.398965,-1.96101
RWI,491.243,-0.7224288,1.389667,-1.959956
RWI,491.2506,-0.7161742,1.379113,-1.959635
RWI,491.259,-0.7100533,1.368677,-1.958746
RWI,491.2675,-0.7032905,1.358606,-1.957047
RWI,491.2754,-0.6980947,1.347543,-1.95575
RWI,491.2838,-0.6943367,1.33482,-1.953671
RWI,491.2927,-0.6893106,1.323256,-1.952026
RWI,491.3003,-0.6852988,1.310726,-1.950463
RWI,491.3091,-0.683327,1.297281,-1.949293
RWI,491.317,-0.6803622,1.284214,-1.948323
RWI,491.3263,-0.6777744,1.271156,-1.947915
RWI,491.3339,-0.6747555,1.257999,-1.947651
RWI,491.3423,-0.6722183,1.244974,-1.94759
RWI,491.3504,-0.6700195,1.231311,-1.947907
RWI,491.3593,-0.6684303,1.217313,-1.947871
RWI,491.3673,-0.6674752,1.203071,-1.947993
RWI,491.3757,-0.6676674,1.189136,-1.947918
RWI,491.3846,-0.6683875,1.174917,-1.94767
RWI,491.3925,-0.6707398,1.160893,-1.947309
RWI,491.4006,-0.6715909,1.14768,-1.946807
RWI,491.4089,-0.6731707,1.134168,-1.94656
RWI,491.4177,-0.675047,1.120737,-1.946449
RWI,491.4261,-0.6770146,1.107427,-1.946476
RWI,491.4338,-0.6794037,1.094276,-1.946578
RWI,491.4427,-0.6818009,1.08139,-1.946703
RWI,491.4505,-0.6856099,1.068845,-1.946787
RWI,491.4589,-0.6880431,1.056733,-1.94609
RWI,491.4672,-0.6920688,1.044886,-1.945586
RWI,491.4755,-0.6963139,1.033396,-1.944942
RWI,491.4839,-0.700786,1.022153,-1.944173
RWI,491.4934,-0.7051634,1.011191,-1.943624
RWI,491.5003,-0.7098229,1.000375,-1.943414
RWI,491.5089,-0.7146345,0.9905829,-1.943661
RWI,491.5175,-0.7190385,0.9798666,-1.943158
RWI,491.5264,-0.7239706,0.9701779,-1.943271
RWI,491.5338,-0.7289195,0.9601617,-1.94307
RWI,491.5431,-0.7333333,0.9508595,-1.943263
RWI,491.5508,-0.7376927,0.9410581,-1.943268
RWI,491.5607,-0.7421932,0.9334401,-1.943348
RWI,491.567,-0.7465992,0.9246253,-1.9437
RWI,491.5759,-0.7502238,0.9185656,-1.943119
RWI,491.5839,-0.7542704,0.9119342,-1.943137
RWI,491.5927,-0.7585487,0.905938,-1.942511
RWI,491.6004,-0.7633929,0.900705,-1.941116
RWI,491.609,-0.7678528,0.896346,-1.940562
RWI,491.6173,-0.7723161,0.8926226,-1.939201
RWI,491.626,-0.7762362,0.8895852,-1.938793
RWI,491.6342,-0.7801816,0.8871842,-1.938098
RWI,491.6429,-0.7830062,0.8852473,-1.937786
RWI,491.6509,-0.7850291,0.8843522,-1.938038
RWI,491.6588,-0.7878377,0.8821547,-1.93765
RWI,491.6681,-0.7901083,0.8810753,-1.937007
RWI,491.6756,-0.7933095,0.8792912,-1.936031
RWI,491.6838,-0.7966664,0.8782727,-1.934901
RWI,491.6936,-0.8005638,0.877369,-1.933411
RWI,491.7049,-0.8042082,0.8761159,-1.932039
RWI,491.7138,-0.8105375,0.8763689,-1.929038
RWI,491.7197,-0.8145456,0.8765382,-1.92648
RWI,491.726,-0.8169315,0.8761306,-1.925359
RWI,491.7318,-0.8195266,0.8767311,-1.9233
RWI,491.7401,-0.8220206,0.8775334,-1.921863
RWI,491.7487,-0.825198,0.8781914,-1.919445
RWI,491.7569,-0.8282663,0.8788058,-1.917012
RWI,491.765,-0.8319539,0.8788117,-1.914701
RWI,491.7734,-0.8353455,0.8793365,-1.912029
RWI,491.7814,-0.8392018,0.8793601,-1.909725
RWI,491.7899,-0.8423496,0.8796888,-1.907506
RWI,491.7986,-0.8459345,0.8792486,-1.90514
RWI,491.8066,-0.8487395,0.8795404,-1.903004
RWI,491.8149,-0.8512878,0.8800794,-1.900792
RWI,491.8237,-0.853561,0.8807449,-1.898487
RWI,491.8318,-0.8555832,0.8812534,-1.896183
RWI,491.8401,-0.8580064,0.88176,-1.893708
RWI,491.8488,-0.8603837,0.8828233,-1.891271
RWI,491.8564,-0.8631535,0.8836342,-1.888927
RWI,491.865,-0.8656158,0.8845398,-1.886554
RWI,491.8733,-0.8680951,0.8856453,-1.88402
RWI,491.8817,-0.8705214,0.8860925,-1.882452
RWI,491.8904,-0.8733529,0.8870132,-1.880244
RWI,491.8985,-0.8764903,0.8875141,-1.878116
RWI,491.9064,-0.8796668,0.8884394,-1.876118
RWI,491.9149,-0.8826078,0.8888878,-1.874362
RWI,491.9246,-0.8856779,0.8892264,-1.872837
RWI,491.9315,-0.8883451,0.8894966,-1.871141
RWI,491.9403,-0.8911484,0.8897117,-1.869662
RWI,491.948,-0.893482,0.8900051,-1.868242
RWI,491.9572,-0.8958235,0.8899726,-1.866733
RWI,491.9651,-0.897683,0.8907124,-1.865377
RWI,491.9735,-0.8997278,0.89069,-1.864129
RWI,491.9818,-0.9018237,0.8905337,-1.862864
RWI,491.99,-0.903793,0.8905901,-1.861812
RWI,491.9982,-0.9059913,0.890044,-1.860996
RWI,492.0072,-0.907423,0.8895627,-1.860329
RWI,492.0148,-0.9084943,0.8885974,-1.859759
RWI,492.0236,-0.9099705,0.8875339,-1.859073
RWI,492.0318,-0.9110532,0.8865285,-1.858638
RWI,492.0405,-0.9122919,0.8850777,-1.858205
RWI,492.0489,-0.9135596,0.8835039,-1.858443
RWI,492.0572,-0.9145445,0.8816215,-1.858622
RWI,492.0657,-0.9156992,0.879256,-1.859687
RWI,492.0744,-0.9166915,0.8766108,-1.860739
RWI,492.083,-0.9177309,0.8740134,-1.862066
RWI,492.0918,-0.9185587,0.8715788,-1.863113
RWI,492.0999,-0.9186564,0.8689373,-1.864755
RWI,492.1082,-0.9185871,0.8661748,-1.866581
RWI,492.1169,-0.9188561,0.8643358,-1.868345
RWI,492.1258,-0.9188715,0.861949,-1.869871
RWI,492.1339,-0.9192981,0.8599241,-1.871596
RWI,492.1422,-0.9191677,0.8582593,-1.872799
RWI,492.1502,-0.9179698,0.857718,-1.873842
RWI,492.1596,-0.9173885,0.8567293,-1.874593
RWI,492.1674,-0.9161819,0.8566688,-1.874829
RWI,492.1759,-0.9150618,0.8569524,-1.874439
RWI,492.1838,-0.9139884,0.8567584,-1.874637
RWI,492.1921,-0.9129497,0.8566924,-1.874741
RWI,492.2003,-0.9119827,0.8560864,-1.874837
RWI,492.2085,-0.9111199,0.8560081,-1.874832
RWI,492.2175,-0.9113301,0.8543745,-1.875246
RWI,492.226,-0.9110651,0.8536612,-1.875482
RWI,492.2337,-0.9107617,0.8524249,-1.875564
RWI,492.243,-0.9104412,0.8517855,-1.875638
RWI,492.2505,-0.910077,0.8510689,-1.875764
RWI,492.2587,-0.9099535,0.8504533,-1.875662
RWI,492.2669,-0.9096695,0.8495873,-1.875674
RWI,492.2753,-0.9096359,0.8489017,-1.8756
RWI,492.2835,-0.9095697,0.8484682,-1.875599
RWI,492.2936,-0.9093492,0.8479932,-1.875508
RWI,492.3005,-0.9093552,0.8474746,-1.875342
RWI,492.3088,-0.9093454,0.8468958,-1.875068
RWI,492.3171,-0.909103,0.8462555,-1.874732
RWI,492.3259,-0.9089984,0.8458417,-1.874419
RWI,492.3337,-0.9089234,0.8454865,-1.874056
RWI,492.3424,-0.9088152,0.8452104,-1.87384
RWI,492.35,-0.9083747,0.8454154,-1.873445
RWI,492.3594,-0.9081785,0.8456872,-1.873044
RWI,492.3671,-0.9082669,0.8461719,-1.872421
RWI,492.3755,-0.9082708,0.846675,-1.871918
RWI,492.384,-0.908247,0.8470965,-1.871395
RWI,492.3921,-0.9083425,0.8474836,-1.870864
RWI,492.4005,-0.9082991,0.8477462,-1.870384
RWI,492.4088,-0.9083721,0.8479075,-1.869955
RWI,492.417,-0.9082156,0.8480934,-1.869522
RWI,492.426,-0.9080741,0.8481017,-1.869308
RWI,492.4337,-0.9079994,0.8482191,-1.869015
RWI,492.4424,-0.9079198,0.8482656,-1.868737
RWI,492.4505,-0.9079068,0.8484001,-1.868633
RWI,492.4586,-0.9077951,0.8484945,-1.868458
RWI,492.4673,-0.907562,0.8487568,-1.868236
RWI,492.4753,-0.9074674,0.8486723,-1.868106
RWI,492.4835,-0.9073207,0.8484282,-1.868104
RWI,492.4926,-0.9072043,0.8482561,-1.86807
RWI,492.5006,-0.9071307,0.8479559,-1.86803
RWI,492.5089,-0.9069509,0.8476425,-1.868026
RWI,492.5172,-0.9067895,0.8473297,-1.867979
RWI,492.5258,-0.9067019,0.8470487,-1.867997
RWI,492.5338,-0.9066687,0.8468297,-1.868032
RWI,492.5425,-0.9067912,0.84666,-1.868242
RWI,492.5508,-0.9067591,0.8465469,-1.868359
RWI,492.5602,-0.9068081,0.8465323,-1.868513
RWI,492.5668,-0.9068311,0.8463504,-1.868686
RWI,492.5755,-0.9068295,0.846262,-1.868809
RWI,492.5839,-0.9068543,0.8460833,-1.86901
RWI,492.592,-0.9068605,0.8459166,-1.869209
RWI,492.6004,-0.9068684,0.8457474,-1.869439
RWI,492.6088,-0.9068835,0.8455336,-1.86973
RWI,492.6171,-0.9072017,0.8450575,-1.869827
RWI,492.6258,-0.9071949,0.8449142,-1.870112
RWI,492.6337,-0.9072131,0.844707,-1.870363
RWI,492.6425,-0.9072112,0.8445255,-1.870582
RWI,492.6504,-0.9072388,0.8443938,-1.870882
RWI,492.6588,-0.9072343,0.8442839,-1.871092
RWI,492.6668,-0.9072344,0.8443127,-1.871232
RWI,492.6754,-0.907215,0.8442959,-1.871372
RWI,492.6839,-0.9071311,0.8444875,-1.871378
RWI,492.6926,-0.9071053,0.8445067,-1.871471
RWI,492.7007,-0.9070563,0.8445408,-1.871513
RWI,492.7094,-0.9069594,0.8443478,-1.871536
RWI,492.7172,-0.9070241,0.8443191,-1.871419
RWI,492.726,-0.9069464,0.8442829,-1.871394
RWI,492.7336,-0.9068845,0.8441753,-1.871347
RWI,492.7443,-0.906956,0.8441109,-1.871228
RWI,492.751,-0.9068619,0.8440582,-1.871144
RWI,492.7596,-0.9066625,0.8440892,-1.870938
RWI,492.7668,-0.9065404,0.844096,-1.870844
RWI,492.7756,-0.9062465,0.844238,-1.870658
RWI,492.7838,-0.9061378,0.8443907,-1.870313
RWI,492.7937,-0.9059191,0.8444677,-1.870112
RWI,492.8026,-0.9057412,0.8446228,-1.869803
RWI,492.8083,-0.9055742,0.8446941,-1.869494
RWI,492.8158,-0.9054525,0.844742,-1.86929
RWI,492.8248,-0.9053304,0.8446993,-1.86904
RWI,492.8327,-0.9052835,0.8448499,-1.868758
RWI,492.842,-0.9051291,0.8449142,-1.868437
RWI,492.8497,-0.9049976,0.8449765,-1.868162
RWI,492.8591,-0.9048292,0.8452724,-1.867765
RWI,492.8661,-0.904704,0.8453291,-1.867536
RWI,492.8746,-0.9046944,0.8453791,-1.867206
RWI,492.8828,-0.904587,0.8454708,-1.866962
RWI,492.8926,-0.9045998,0.8455197,-1.86671
RWI,492.8994,-0.9045475,0.8456556,-1.866483
RWI,492.9076,-0.9044933,0.845813,-1.866276
RWI,492.9164,-0.9044816,0.8459772,-1.866088
RWI,492.925,-0.9044462,0.84613,-1.865858
RWI,492.9328,-0.9045157,0.8463572,-1.865694
RWI,492.9414,-0.904546,0.8465047,-1.865595
RWI,492.9495,-0.9046168,0.8467018,-1.865427
RWI,492.9579,-0.9047433,0.8468907,-1.86539
RWI,492.9664,-0.9047759,0.8471078,-1.86526
RWI,492.9744,-0.9049244,0.8472458,-1.86513
RWI,492.983,-0.9049398,0.8473876,-1.865029
RWI,492.991,-0.9049299,0.8476179,-1.864911
RWI,492.9995,-0.904929,0.8479304,-1.86479
RWI,493.0079,-0.9048684,0.848193,-1.864638
RWI,493.0158,-0.9046947,0.8484876,-1.864377
RWI,493.0253,-0.9046316,0.8486987,-1.864262
RWI,493.0325,-0.9046185,0.8490238,-1.864065
RWI,493.0411,-0.9045901,0.8494283,-1.86406
RWI,493.0496,-0.9046575,0.8496199,-1.86395
RWI,493.0577,-0.9047424,0.8498597,-1.863953
RWI,493.0659,-0.904985,0.8498237,-1.863926
RWI,493.075,-0.9050566,0.849967,-1.863957
RWI,493.0826,-0.9051737,0.850115,-1.863936
RWI,493.0926,-0.9052445,0.8501717,-1.863969
RWI,493.0999,-0.9054042,0.850165,-1.864027
RWI,493.1082,-0.9055624,0.8503554,-1.863971
RWI,493.1165,-0.9056261,0.8504543,-1.863995
RWI,493.126,-0.9054872,0.8507685,-1.863989
RWI,493.1335,-0.9054974,0.8510295,-1.863971
RWI,493.1419,-0.9054874,0.8512664,-1.863972
RWI,493.1499,-0.9055229,0.8515549,-1.864001
RWI,493.1592,-0.9057812,0.8516653,-1.863916
RWI,493.1668,-0.9058198,0.8522215,-1.864041
RWI,493.1756,-0.9057072,0.8529878,-1.863935
RWI,493.1835,-0.9057003,0.8538603,-1.863789
RWI,493.1922,-0.9055712,0.855143,-1.863514
RWI,493.2002,-0.9051726,0.8567146,-1.862879
RWI,493.2089,-0.9041715,0.8588631,-1.861834
RWI,493.2167,-0.903288,0.8604107,-1.861103
RWI,493.2257,-0.9018748,0.8624533,-1.859794
RWI,493.2336,-0.9009005,0.8642672,-1.858807
RWI,493.2431,-0.8997911,0.8665856,-1.857681
RWI,493.2545,-0.89834,0.8692973,-1.856106
RWI,493.2634,-0.8969056,0.8739859,-1.853408
RWI,493.2732,-0.8958461,0.8777563,-1.851622
RWI,493.2812,-0.8943475,0.8824694,-1.849265
RWI,493.2905,-0.8921545,0.8873818,-1.846932
RWI,493.2981,-0.8879989,0.8956856,-1.842005
RWI,493.3066,-0.884285,0.9032431,-1.837476
RWI,493.3145,-0.8810704,0.9099638,-1.833732
RWI,493.3239,-0.8770543,0.9180502,-1.828824
RWI,493.3316,-0.8742037,0.92577,-1.82478
RWI,493.3399,-0.8715979,0.9332209,-1.820825
RWI,493.348,-0.8700718,0.9415532,-1.817713
RWI,493.3569,-0.8684962,0.9496748,-1.814343
RWI,493.3656,-0.8669598,0.9582389,-1.810555
RWI,493.373,-0.8648921,0.9671403,-1.806564
RWI,493.3815,-0.8628559,0.9758153,-1.802581
RWI,493.3896,-0.8601238,0.9850262,-1.798125
RWI,493.3981,-0.8577339,0.994228,-1.793853
RWI,493.4064,-0.8548197,1.004158,-1.789325
RWI,493.4148,-0.8522225,1.013302,-1.784723
RWI,493.4246,-0.8494606,1.024025,-1.78028
RWI,493.4314,-0.8468407,1.034742,-1.775681
RWI,493.4395,-0.8441219,1.045542,-1.77115
RWI,493.4483,-0.8415735,1.056264,-1.766466
RWI,493.4565,-0.8391815,1.067064,-1.761891
RWI,493.4645,-0.8372189,1.077309,-1.757204
RWI,493.4732,-0.8352713,1.087691,-1.752765
RWI,493.4813,-0.8336442,1.097531,-1.748267
RWI,493.4901,-0.8319219,1.108004,-1.744007
RWI,493.4981,-0.8306458,1.118628,-1.739655
RWI,493.5064,-0.8292569,1.129289,-1.735436
RWI,493.5146,-0.8281085,1.139568,-1.731497
RWI,493.5242,-0.8272816,1.150054,-1.727609
RWI,493.5315,-0.8262439,1.160177,-1.723041
RWI,493.5402,-0.8256022,1.170006,-1.718925
RWI,493.5478,-0.8250511,1.179584,-1.71459
RWI,493.5583,-0.8246928,1.188754,-1.709966
RWI,493.5647,-0.8241849,1.199483,-1.70509
RWI,493.5731,-0.8244271,1.207533,-1.701433
RWI,493.5814,-0.8241277,1.217067,-1.697116
RWI,493.5899,-0.8239811,1.226102,-1.692901
RWI,493.5984,-0.8237493,1.235473,-1.688493
RWI,493.6071,-0.8235331,1.244282,-1.684086
RWI,493.6152,-0.822688,1.253342,-1.678882
RWI,493.6245,-0.8227221,1.261433,-1.674046
RWI,493.6325,-0.8230444,1.269192,-1.668919
RWI,493.6412,-0.8231609,1.277131,-1.663898
RWI,493.6495,-0.8234724,1.284325,-1.658663
RWI,493.658,-0.8239354,1.29129,-1.653484
RWI,493.6663,-0.8243456,1.297737,-1.648479
RWI,493.675,-0.8249083,1.303987,-1.64334
RWI,493.6835,-0.8256276,1.310352,-1.638174
RWI,493.6921,-0.8263155,1.316233,-1.633255
RWI,493.7014,-0.8273188,1.322016,-1.62843
RWI,493.7092,-0.8283099,1.327386,-1.623774
RWI,493.7198,-0.8293677,1.33239,-1.61933
RWI,493.7298,-0.8303345,1.339,-1.613173
RWI,493.7347,-0.8313565,1.34506,-1.607383
RWI,493.7401,-0.8318242,1.347467,-1.604632
RWI,493.7485,-0.8325438,1.34995,-1.602039
RWI,493.7563,-0.8336267,1.353565,-1.597568
RWI,493.7654,-0.8345512,1.356887,-1.593182
RWI,493.7728,-0.8352583,1.359851,-1.588883
RWI,493.7813,-0.8362277,1.362582,-1.585134
RWI,493.7896,-0.8372889,1.365584,-1.581868
RWI,493.798,-0.8385854,1.368703,-1.578354
RWI,493.8066,-0.8399664,1.371912,-1.574986
RWI,493.8143,-0.8413587,1.374756,-1.57144
RWI,493.8234,-0.8423696,1.377479,-1.567968
RWI,493.8313,-0.8433214,1.378701,-1.565112
RWI,493.8398,-0.843662,1.380678,-1.561399
RWI,493.8483,-0.844686,1.381788,-1.558635
RWI,493.8564,-0.8455046,1.382854,-1.555603
RWI,493.8646,-0.8467186,1.384123,-1.553592
RWI,493.8731,-0.8477543,1.385335,-1.551713
RWI,493.8812,-0.8484335,1.386834,-1.549652
RWI,493.89,-0.8493351,1.388528,-1.54759
RWI,493.8979,-0.8499938,1.38988,-1.545569
RWI,493.9062,-0.8506285,1.390587,-1.543369
RWI,493.9146,-0.8512694,1.390637,-1.540955
RWI,493.924,-0.8523436,1.390527,-1.539238
RWI,493.9314,-0.8536634,1.390115,-1.537702
RWI,493.9396,-0.8550519,1.389473,-1.536526
RWI,493.9476,-0.8560509,1.388649,-1.53562
RWI,493.9568,-0.8564021,1.387895,-1.534223
RWI,493.9646,-0.8570136,1.387257,-1.532795
RWI,493.9731,-0.8574744,1.386318,-1.531916
RWI,493.981,-0.8576453,1.385847,-1.530769
RWI,493.9896,-0.8581271,1.385068,-1.530181
RWI,493.9981,-0.8582618,1.384369,-1.529462
RWI,494.0063,-0.8584691,1.383735,-1.528653
RWI,494.0143,-0.8581803,1.383359,-1.52855
RWI,494.0235,-0.8582368,1.382986,-1.528107
RWI,494.0314,-0.8577715,1.382662,-1.527812
RWI,494.04,-0.8577853,1.382093,-1.527819
RWI,494.0486,-0.8576298,1.380816,-1.527741
RWI,494.0571,-0.8573594,1.379678,-1.527951
RWI,494.0652,-0.8566802,1.378221,-1.528589
RWI,494.0742,-0.8561687,1.377189,-1.528633
RWI,494.0823,-0.855426,1.375819,-1.529018
RWI,494.0917,-0.8541834,1.374791,-1.529575
RWI,494.0992,-0.8533484,1.373526,-1.530113
RWI,494.1079,-0.8525293,1.37255,-1.530874
RWI,494.1161,-0.8517859,1.371828,-1.531467
RWI,494.1257,-0.851285,1.371434,-1.532238
RWI,494.1337,-0.8505348,1.371264,-1.532887
RWI,494.1419,-0.8500537,1.371221,-1.533738
RWI,494.1498,-0.8492161,1.371726,-1.534741
RWI,494.1593,-0.8486208,1.371869,-1.535436
RWI,494.1667,-0.8474839,1.371868,-1.536385
RWI,494.1755,-0.846758,1.372294,-1.537114
RWI,494.1861,-0.8460112,1.372706,-1.538166
RWI,494.1952,-0.8452539,1.373415,-1.539179
RWI,494.2008,-0.8444461,1.374001,-1.540451
RWI,494.2063,-0.8441351,1.374509,-1.541183
RWI,494.2151,-0.843794,1.374959,-1.541885
RWI,494.2235,-0.8433685,1.375507,-1.54323
RWI,494.232,-0.8429818,1.376261,-1.544424
RWI,494.24,-0.8424684,1.377009,-1.545682
RWI,494.2484,-0.842037,1.377745,-1.547197
RWI,494.2564,-0.8420051,1.378792,-1.548725
RWI,494.2651,-0.8417645,1.379722,-1.55011
RWI,494.2731,-0.8414209,1.380654,-1.551789
RWI,494.2818,-0.8411733,1.381608,-1.55349
RWI,494.2902,-0.8412452,1.382724,-1.555293
RWI,494.298,-0.8415006,1.383439,-1.557386
RWI,494.3065,-0.8414888,1.384357,-1.55937
RWI,494.3151,-0.8419478,1.385194,-1.561512
RWI,494.3241,-0.842149,1.385955,-1.563707
RWI,494.3317,-0.8427575,1.386795,-1.566009
RWI,494.3404,-0.8435639,1.387623,-1.568361
RWI,494.348,-0.8445822,1.388329,-1.5709
RWI,494.3572,-0.8451068,1.389286,-1.573108
RWI,494.3649,-0.8457472,1.389239,-1.575658
RWI,494.3735,-0.8459038,1.388918,-1.578139
RWI,494.3813,-0.8471259,1.38845,-1.581088
RWI,494.3901,-0.8488681,1.388722,-1.583931
RWI,494.398,-0.850755,1.389034,-1.586623
RWI,494.4064,-0.8520639,1.389152,-1.588907
RWI,494.4146,-0.8537977,1.389175,-1.59144
RWI,494.4238,-0.8553274,1.38904,-1.593494
RWI,494.4315,-0.8566797,1.388608,-1.596176
RWI,494.44,-0.8582263,1.388065,-1.598246
RWI,494.4485,-0.859902,1.38741,-1.600255
RWI,494.4564,-0.8619089,1.386885,-1.602349
RWI,494.465,-0.863689,1.386107,-1.604253
RWI,494.4738,-0.8657373,1.384794,-1.605794
RWI,494.4823,-0.8677747,1.383501,-1.607328
RWI,494.4907,-0.8697335,1.382292,-1.608845
RWI,494.4987,-0.8719193,1.380445,-1.609857
RWI,494.5073,-0.8740868,1.378628,-1.610953
RWI,494.5161,-0.8762867,1.376489,-1.61123
RWI,494.5252,-0.8786567,1.374301,-1.612062
RWI,494.5326,-0.8809108,1.371821,-1.612916
RWI,494.5413,-0.8834836,1.369138,-1.613412
RWI,494.5501,-0.8859344,1.365831,-1.613881
RWI,494.5599,-0.8885286,1.362905,-1.614372
RWI,494.5663,-0.8910874,1.358966,-1.61454
RWI,494.5753,-0.8933929,1.355767,-1.614651
RWI,494.5832,-0.8959746,1.351933,-1.614615
RWI,494.5916,-0.8985358,1.34793,-1.61435
RWI,494.6002,-0.9009001,1.343799,-1.613805
RWI,494.6082,-0.9033873,1.339321,-1.613118
RWI,494.6163,-0.9058526,1.334725,-1.612304
RWI,494.6253,-0.9077468,1.329928,-1.611408
RWI,494.6335,-0.9102083,1.324323,-1.610255
RWI,494.6416,-0.9125204,1.318666,-1.608872
RWI,494.6501,-0.9146725,1.31277,-1.607139
RWI,494.658,-0.91686,1.306643,-1.605276
RWI,494.6665,-0.9185739,1.30051,-1.603052
RWI,494.675,-0.9206854,1.294437,-1.60098
RWI,494.6833,-0.9225732,1.287821,-1.598149
RWI,494.6927,-0.92438,1.281047,-1.59527
RWI,494.7,-0.9262015,1.273836,-1.592238
RWI,494.7084,-0.9280713,1.266678,-1.589326
RWI,494.7169,-0.9299994,1.259477,-1.586255
RWI,494.7257,-0.9318045,1.251575,-1.582806
RWI,494.7338,-0.9337469,1.243675,-1.579388
RWI,494.7419,-0.9355788,1.235763,-1.575902
RWI,494.7498,-0.9375027,1.227598,-1.572316
RWI,494.7594,-0.9392635,1.219499,-1.568635
RWI,494.7664,-0.9410745,1.211058,-1.564635
RWI,494.7753,-0.9427722,1.202607,-1.560666
RWI,494.7832,-0.9444784,1.194079,-1.556647
RWI,494.7919,-0.9459659,1.185539,-1.552654
RWI,494.8001,-0.9478119,1.176622,-1.548755
RWI,494.8087,-0.9493026,1.16793,-1.544824
RWI,494.8164,-0.9505417,1.159019,-1.541013
RWI,494.8257,-0.9518291,1.150275,-1.537236
RWI,494.8331,-0.9537337,1.141752,-1.533006
RWI,494.8432,-0.955561,1.133578,-1.528732
RWI,494.8501,-0.9569506,1.124804,-1.524641
RWI,494.8582,-0.9583989,1.116233,-1.520609
RWI,494.8664,-0.9595876,1.1073,-1.516662
RWI,494.8751,-0.9608306,1.098184,-1.512815
RWI,494.8832,-0.9618255,1.089226,-1.508852
RWI,494.8921,-0.9627384,1.080428,-1.50499
RWI,494.9001,-0.963579,1.071738,-1.501216
RWI,494.9082,-0.9643624,1.063138,-1.497427
RWI,494.9166,-0.9652591,1.054544,-1.493877
RWI,494.9257,-0.9655409,1.045882,-1.49005
RWI,494.9337,-0.9661977,1.03731,-1.486652
RWI,494.9419,-0.9666043,1.029382,-1.483658
RWI,494.95,-0.9672471,1.02116,-1.480554
RWI,494.9586,-0.9679781,1.013276,-1.477598
RWI,494.967,-0.9685078,1.005329,-1.475007
RWI,494.975,-0.9691738,0.9968569,-1.472222
RWI,494.9837,-0.9697315,0.9887469,-1.469567
RWI,494.992,-0.9704963,0.9802293,-1.466755
RWI,495.0002,-0.9708835,0.9714841,-1.464467
RWI,495.0083,-0.9712898,0.9636123,-1.46248
RWI,495.0166,-0.9719046,0.9549262,-1.460523
RWI,495.0252,-0.9724317,0.9466473,-1.458469
RWI,495.0333,-0.972686,0.9383089,-1.45657
RWI,495.0424,-0.9733161,0.930371,-1.455002
RWI,495.0502,-0.9739456,0.922521,-1.453558
RWI,495.0582,-0.9747088,0.9148922,-1.452438
RWI,495.0666,-0.9758682,0.9072281,-1.451182
RWI,495.0749,-0.9764826,0.8994731,-1.449817
RWI,495.0834,-0.9773265,0.8918405,-1.448768
RWI,495.0924,-0.9782389,0.8841225,-1.448366
RWI,495.0999,-0.9789781,0.8764019,-1.44768
RWI,495.1082,-0.9795213,0.8690498,-1.447265
RWI,495.1166,-0.9802042,0.8616809,-1.447353
RWI,495.1257,-0.9808586,0.8545156,-1.447364
RWI,495.1331,-0.9813445,0.8471747,-1.447722
RWI,495.1419,-0.9819775,0.8406035,-1.447918
RWI,495.1497,-0.9823271,0.8346831,-1.448699
RWI,495.1587,-0.9828846,0.8282642,-1.44891
RWI,495.1668,-0.983653,0.822097,-1.44937
RWI,495.1845,-0.9839544,0.8165277,-1.450232
RWI,495.1952,-0.9850396,0.8038493,-1.45152
RWI,495.2062,-0.9851146,0.7965445,-1.452823
RWI,495.2166,-0.9857473,0.7893888,-1.453917
RWI,495.2257,-0.9858143,0.7831242,-1.455175
RWI,495.2331,-0.9861379,0.7782706,-1.456033
RWI,495.242,-0.9863789,0.7733626,-1.456814
RWI,495.2505,-0.9868852,0.7683343,-1.45759
RWI,495.2585,-0.986888,0.7636527,-1.458254
RWI,495.2664,-0.9870115,0.7587559,-1.458927
RWI,495.2748,-0.9871988,0.7538529,-1.459609
RWI,495.2831,-0.9874048,0.7487601,-1.460018
RWI,495.2921,-0.9873794,0.7436628,-1.46055
RWI,495.3001,-0.9872672,0.7385805,-1.46126
RWI,495.3082,-0.9871417,0.7337139,-1.461993
RWI,495.3166,-0.9870547,0.7289456,-1.46277
RWI,495.3257,-0.9871262,0.7246125,-1.463521
RWI,495.3334,-0.9870794,0.7204547,-1.464192
RWI,495.3415,-0.9872705,0.7161746,-1.464781
RWI,495.35,-0.9877759,0.7122443,-1.465322
RWI,495.3585,-0.9880725,0.7082139,-1.465886
RWI,495.3666,-0.9887798,0.704597,-1.466399
RWI,495.3751,-0.9892425,0.7009106,-1.467158
RWI,495.3839,-0.9899771,0.6969537,-1.468128
RWI,495.3914,-0.9906117,0.6933087,-1.469573
RWI,495.3996,-0.9914906,0.6894944,-1.470861
RWI,495.4765,-0.992155,0.6860066,-1.47234
RWI,495.4841,-1.003194,0.653509,-1.489024
RWI,495.4894,-1.00473,0.650206,-1.491702
RWI,495.4981,-1.005724,0.6480225,-1.493087
RWI,495.5062,-1.007524,0.6435218,-1.495445
RWI,495.5145,-1.008888,0.6408179,-1.498358
RWI,495.5235,-1.010145,0.6401066,-1.502105
RWI,495.5311,-1.011064,0.6397387,-1.505965
RWI,495.5393,-1.012352,0.6396866,-1.509585
RWI,495.548,-1.014263,0.6398703,-1.513081
RWI,495.5577,-1.015849,0.6401268,-1.516878
RWI,495.5643,-1.017594,0.6405346,-1.519967
RWI,495.573,-1.019476,0.6409796,-1.523449
RWI,495.5811,-1.021408,0.6415104,-1.52668
RWI,495.5897,-1.023291,0.6422254,-1.529439
RWI,495.5976,-1.024905,0.6430129,-1.532419
RWI,495.6062,-1.026502,0.6439962,-1.535163
RWI,495.6142,-1.028072,0.6451188,-1.537651
RWI,495.6231,-1.029527,0.6464496,-1.539699
RWI,495.6313,-1.030738,0.6475825,-1.541828
RWI,495.6397,-1.031932,0.6491535,-1.54321
RWI,495.6479,-1.033157,0.6506981,-1.544374
RWI,495.6558,-1.03398,0.6523679,-1.545311
RWI,495.6641,-1.034859,0.6542225,-1.544997
RWI,495.6728,-1.035793,0.6561045,-1.545612
RWI,495.6807,-1.036479,0.6582272,-1.544553
RWI,495.6892,-1.036812,0.6602135,-1.544185
RWI,495.6974,-1.036713,0.6623054,-1.543279
RWI,495.7062,-1.036417,0.6645527,-1.542028
RWI,495.7147,-1.036081,0.6669616,-1.540318
RWI,495.7238,-1.034946,0.6692945,-1.53877
RWI,495.731,-1.03404,0.671749,-1.536583
RWI,495.7393,-1.032354,0.6741635,-1.534886
RWI,495.7479,-1.030622,0.6768091,-1.532487
RWI,495.7565,-1.028737,0.6793873,-1.530628
RWI,495.7647,-1.026656,0.6825749,-1.527387
RWI,495.7732,-1.024769,0.685893,-1.523532
RWI,495.781,-1.022572,0.689366,-1.520136
RWI,495.7894,-1.020604,0.6930154,-1.516824
RWI,495.8002,-1.017167,0.6964403,-1.513969
RWI,495.8106,-1.013438,0.7009815,-1.508792
RWI,495.8158,-1.009285,0.7053462,-1.504453
RWI,495.8244,-1.006925,0.7090384,-1.502733
RWI,495.8309,-1.004059,0.7132706,-1.500103
RWI,495.8394,-1.000791,0.7177615,-1.497379
RWI,495.8478,-0.9975469,0.7225372,-1.493948
RWI,495.8559,-0.9940751,0.7274802,-1.490667
RWI,495.8641,-0.9905047,0.732447,-1.487692
RWI,495.8727,-0.986764,0.737435,-1.484892
RWI,495.881,-0.982982,0.7427355,-1.482308
RWI,495.8892,-0.9792391,0.7478724,-1.48027
RWI,495.8981,-0.9759939,0.7530417,-1.47847
RWI,495.9057,-0.9723904,0.7582512,-1.476768
RWI,495.9141,-0.9687403,0.7635831,-1.475586
RWI,495.9235,-0.9651442,0.7689834,-1.474185
RWI,495.9311,-0.961544,0.7746134,-1.472924
RWI,495.9395,-0.9577569,0.7798593,-1.47223
RWI,495.9473,-0.9541593,0.7854882,-1.471421
RWI,495.9559,-0.9506118,0.7909794,-1.470948
RWI,495.9654,-0.9472324,0.7966273,-1.470447
RWI,495.973,-0.9436631,0.802354,-1.470005
RWI,495.981,-0.9405851,0.8077903,-1.470378
RWI,495.9891,-0.9375784,0.8132795,-1.470616
RWI,495.9973,-0.9346278,0.819711,-1.472061
RWI,496.0063,-0.9317128,0.8265387,-1.474393
RWI,496.0142,-0.9291105,0.8325263,-1.476568
RWI,496.0229,-0.9264683,0.8384852,-1.478286
RWI,496.0311,-0.9240713,0.8442609,-1.480516
RWI,496.0389,-0.9216316,0.8498846,-1.482737
RWI,496.0479,-0.9194924,0.8550238,-1.484822
RWI,496.0562,-0.9171897,0.8605223,-1.487402
RWI,496.0641,-0.9150649,0.8660306,-1.490234
RWI,496.0727,-0.9132016,0.8715002,-1.493104
RWI,496.0807,-0.9117513,0.8770417,-1.496371
RWI,496.091,-0.9104229,0.8826598,-1.499314
RWI,496.0994,-0.9091781,0.8879273,-1.502187
RWI,496.1069,-0.9079809,0.8933756,-1.50555
RWI,496.114,-0.9068916,0.8996158,-1.509205
RWI,496.1239,-0.9062858,0.9048987,-1.512396
RWI,496.1315,-0.9054933,0.9101277,-1.515984
RWI,496.1398,-0.9049807,0.9158638,-1.519862
RWI,496.1481,-0.9046817,0.9216146,-1.523626
RWI,496.1571,-0.9041431,0.9269137,-1.52778
RWI,496.1656,-0.9034878,0.9327902,-1.531632
RWI,496.1739,-0.9029474,0.9380965,-1.535639
RWI,496.1826,-0.9026052,0.9435554,-1.539266
RWI,496.1907,-0.9021145,0.9496234,-1.544314
RWI,496.2001,-0.902038,0.9552452,-1.548252
RWI,496.2076,-0.901969,0.9612831,-1.553456
RWI,496.2163,-0.9020371,0.9670995,-1.558481
RWI,496.2252,-0.902047,0.9729947,-1.563711
RWI,496.2333,-0.9021549,0.978778,-1.569072
RWI,496.2419,-0.9023993,0.9845173,-1.57443
RWI,496.2527,-0.9022363,0.9903703,-1.579607
RWI,496.2627,-0.9018887,0.9986072,-1.586636
RWI,496.2679,-0.9018927,1.005519,-1.5924
RWI,496.2736,-0.9017693,1.009669,-1.595671
RWI,496.2806,-0.9014868,1.013559,-1.598798
RWI,496.2891,-0.9013097,1.019248,-1.603235
RWI,496.2978,-0.9010518,1.025588,-1.60801
RWI,496.3056,-0.9005214,1.032146,-1.613095
RWI,496.314,-0.9003921,1.038668,-1.617568
RWI,496.3231,-0.9003524,1.045603,-1.622163
RWI,496.3311,-0.9004481,1.053022,-1.626696
RWI,496.3394,-0.9005628,1.060073,-1.631281
RWI,496.3473,-0.9010291,1.068095,-1.635998
RWI,496.356,-0.9017367,1.075148,-1.640704
RWI,496.364,-0.9020672,1.083656,-1.645103
RWI,496.3727,-0.9025798,1.091486,-1.64946
RWI,496.3808,-0.902741,1.099451,-1.653627
RWI,496.3892,-0.9025718,1.107435,-1.657743
RWI,496.3977,-0.9026185,1.115153,-1.661987
RWI,496.4055,-0.902618,1.122747,-1.666244
RWI,496.4139,-0.9024445,1.129921,-1.670888
RWI,496.4232,-0.9021341,1.137136,-1.675503
RWI,496.4308,-0.901937,1.143835,-1.680343
RWI,496.439,-0.901441,1.150509,-1.6851
RWI,496.4482,-0.9006741,1.157502,-1.689686
RWI,496.4557,-0.9000051,1.164316,-1.694146
RWI,496.464,-0.8991839,1.171401,-1.698514
RWI,496.4728,-0.8980422,1.177997,-1.702402
RWI,496.4807,-0.8966304,1.18495,-1.706175
RWI,496.4894,-0.8950253,1.191224,-1.710148
RWI,496.4976,-0.893761,1.197522,-1.713832
RWI,496.5059,-0.8926041,1.203904,-1.717529
RWI,496.514,-0.891592,1.209904,-1.720801
RWI,496.5228,-0.8903833,1.215908,-1.724196
RWI,496.5306,-0.8891902,1.221633,-1.727403
RWI,496.5389,-0.8876376,1.227023,-1.7305
RWI,496.5484,-0.8865989,1.232307,-1.733334
RWI,496.556,-0.8851327,1.237528,-1.73641
RWI,496.5642,-0.8842044,1.242067,-1.738761
RWI,496.5732,-0.8832076,1.247365,-1.741448
RWI,496.5809,-0.8823133,1.252158,-1.743347
RWI,496.5894,-0.8813179,1.256995,-1.745405
RWI,496.5982,-0.880443,1.262136,-1.746845
RWI,496.6069,-0.8794129,1.267376,-1.748171
RWI,496.6151,-0.8786808,1.272267,-1.749493
RWI,496.624,-0.8776642,1.277539,-1.749711
RWI,496.6322,-0.8768266,1.282605,-1.750148
RWI,496.6409,-0.8760852,1.287609,-1.749986
RWI,496.649,-0.8753662,1.292428,-1.749992
RWI,496.6573,-0.8747803,1.296948,-1.749015
RWI,496.6662,-0.8740139,1.301762,-1.74853
RWI,496.6747,-0.8734688,1.306391,-1.747472
RWI,496.6832,-0.8727903,1.311292,-1.746414
RWI,496.6917,-0.8720952,1.315916,-1.744923
RWI,496.7,-0.8717279,1.320427,-1.743291
RWI,496.7099,-0.8711109,1.324811,-1.741919
RWI,496.7209,-0.8708937,1.330707,-1.739658
RWI,496.729,-0.8709033,1.336863,-1.737073
RWI,496.735,-0.8705848,1.341224,-1.734624
RWI,496.7411,-0.8705139,1.344638,-1.732414
RWI,496.7474,-0.8702309,1.347845,-1.73085
RWI,496.7577,-0.8700837,1.351103,-1.728233
RWI,496.7646,-0.8696194,1.35531,-1.725167
RWI,496.7728,-0.8693112,1.359992,-1.721679
RWI,496.7805,-0.8687057,1.363787,-1.718556
RWI,496.789,-0.8687816,1.367894,-1.714918
RWI,496.7973,-0.8685443,1.371838,-1.711177
RWI,496.8058,-0.8682051,1.375446,-1.707474
RWI,496.8142,-0.8684539,1.378957,-1.703105
RWI,496.8226,-0.8683489,1.381989,-1.698976
RWI,496.8311,-0.8683619,1.38444,-1.694115
RWI,496.8389,-0.8680546,1.387391,-1.689521
RWI,496.8478,-0.8680389,1.389782,-1.684504
RWI,496.8561,-0.8677433,1.391194,-1.678997
RWI,496.864,-0.8675776,1.393316,-1.674001
RWI,496.8725,-0.867282,1.39416,-1.66871
RWI,496.8805,-0.8670957,1.39527,-1.663655
RWI,496.8898,-0.8669481,1.396508,-1.658621
RWI,496.8975,-0.866982,1.397459,-1.653747
RWI,496.9055,-0.867171,1.398429,-1.648867
RWI,496.9142,-0.8670972,1.399457,-1.64398
RWI,496.9229,-0.8674334,1.400289,-1.639004
RWI,496.931,-0.8673674,1.400953,-1.63392
RWI,496.939,-0.8675064,1.401344,-1.628961
RWI,496.9471,-0.8672647,1.401431,-1.624039
RWI,496.9559,-0.8672377,1.401347,-1.619383
RWI,496.9653,-0.8673165,1.401267,-1.614849
RWI,496.9723,-0.8675944,1.400827,-1.6106
RWI,496.9807,-0.867955,1.400137,-1.606582
RWI,496.9891,-0.8684734,1.399433,-1.602556
RWI,496.9971,-0.8691756,1.398551,-1.598445
RWI,497.0059,-0.8697007,1.397619,-1.594207
RWI,497.0143,-0.8703105,1.396311,-1.590536
RWI,497.0245,-0.8709302,1.395193,-1.586657
RWI,497.0338,-0.871698,1.393668,-1.582525
RWI,497.0398,-0.8724056,1.392283,-1.579187
RWI,497.0483,-0.8728048,1.391346,-1.576952
RWI,497.056,-0.8734969,1.390356,-1.574193
RWI,497.0646,-0.8743201,1.389204,-1.571514
RWI,497.0729,-0.8751658,1.388117,-1.568818
RWI,497.0811,-0.8759723,1.386919,-1.566416
RWI,497.0904,-0.8766232,1.385212,-1.564193
RWI,497.0978,-0.8774492,1.383501,-1.561976
RWI,497.1062,-0.8777378,1.381249,-1.560163
RWI,497.1143,-0.8775811,1.379446,-1.557757
RWI,497.1232,-0.8773104,1.377267,-1.556308
RWI,497.1311,-0.8768537,1.375246,-1.554722
RWI,497.14,-0.8763646,1.373519,-1.55319
RWI,497.1476,-0.8759743,1.371997,-1.551685
RWI,497.1561,-0.8756918,1.370556,-1.55078
RWI,497.1653,-0.8754359,1.369419,-1.549653
RWI,497.1729,-0.8750932,1.368429,-1.548816
RWI,497.1812,-0.8749078,1.367274,-1.548164
RWI,497.1895,-0.8744795,1.366405,-1.547719
RWI,497.1978,-0.8738035,1.365253,-1.547464
RWI,497.2065,-0.8728379,1.364275,-1.546806
RWI,497.2143,-0.8715259,1.363137,-1.546461
RWI,497.2237,-0.8709019,1.361589,-1.546161
RWI,497.2313,-0.8698654,1.359609,-1.545809
RWI,497.2393,-0.8699687,1.355916,-1.546041
RWI,497.2479,-0.8691223,1.352525,-1.546109
RWI,497.2562,-0.8679429,1.349232,-1.546313
RWI,497.2644,-0.8669603,1.345593,-1.546558
RWI,497.2729,-0.8662038,1.342418,-1.547358
RWI,497.2811,-0.8657638,1.341267,-1.547784
RWI,497.2907,-0.8648543,1.341398,-1.547042
RWI,497.2981,-0.8636467,1.341367,-1.546172
RWI,497.3065,-0.8621786,1.340394,-1.545387
RWI,497.3148,-0.8608564,1.337928,-1.546415
RWI,497.3248,-0.8596833,1.334517,-1.547178
RWI,497.3348,-0.859046,1.332385,-1.547951
RWI,497.345,-0.8583726,1.33087,-1.549271
RWI,497.3547,-0.8578813,1.330716,-1.54912
RWI,497.3653,-0.8567578,1.330796,-1.550074
RWI,497.3723,-0.8558735,1.331039,-1.550315
RWI,497.3806,-0.8547463,1.331416,-1.550926
RWI,497.389,-0.8539462,1.331595,-1.551147
RWI,497.3977,-0.8535072,1.331485,-1.551724
RWI,497.4065,-0.85305,1.331654,-1.552289
RWI,497.4138,-0.8525499,1.331397,-1.553042
RWI,497.4226,-0.8527303,1.331476,-1.553899
RWI,497.4309,-0.8525845,1.331744,-1.554527
RWI,497.439,-0.852541,1.331949,-1.555131
RWI,497.4483,-0.8525192,1.332406,-1.55591
RWI,497.4554,-0.8524474,1.332735,-1.556348
RWI,497.464,-0.8522789,1.33276,-1.556815
RWI,497.4723,-0.8525739,1.33261,-1.557695
RWI,497.4811,-0.8528043,1.332693,-1.558426
RWI,497.4947,-0.8531899,1.332911,-1.559213
RWI,497.5042,-0.8539724,1.332833,-1.560795
RWI,497.5141,-0.8547708,1.333111,-1.561968
RWI,497.5227,-0.8559235,1.33292,-1.563607
RWI,497.5307,-0.8566931,1.332703,-1.564644
RWI,497.539,-0.8575661,1.332717,-1.565634
RWI,497.5475,-0.8584707,1.332761,-1.566689
RWI,497.5582,-0.8595837,1.33264,-1.567869
RWI,497.5653,-0.8609601,1.332559,-1.569311
RWI,497.5729,-0.8621055,1.332493,-1.570443
RWI,497.5803,-0.8630699,1.332161,-1.571753
RWI,497.5887,-0.8643244,1.331987,-1.572948
RWI,497.5973,-0.8658319,1.331632,-1.574264
RWI,497.6059,-0.8674929,1.331184,-1.575642
RWI,497.6138,-0.8689272,1.330707,-1.576941
RWI,497.6227,-0.8705553,1.330078,-1.578144
RWI,497.6306,-0.8724706,1.329319,-1.579388
RWI,497.6392,-0.874045,1.328408,-1.580526
RWI,497.6474,-0.8764349,1.327308,-1.581895
RWI,497.6554,-0.8782341,1.326292,-1.583318
RWI,497.6636,-0.8803987,1.325112,-1.584589
RWI,497.6723,-0.8830789,1.323685,-1.585945
RWI,497.6809,-0.8854233,1.322186,-1.587252
RWI,497.6892,-0.8877705,1.320637,-1.588518
RWI,497.6977,-0.8902345,1.318453,-1.58957
RWI,497.7056,-0.8926513,1.316748,-1.590787
RWI,497.714,-0.8950925,1.315138,-1.591957
RWI,497.7236,-0.8975651,1.31333,-1.593033
RWI,497.7307,-0.9001467,1.311251,-1.59379
RWI,497.7399,-0.9026526,1.309219,-1.594819
RWI,497.7473,-0.9055465,1.306939,-1.59581
RWI,497.7555,-0.9073011,1.304839,-1.596797
RWI,497.765,-0.9100165,1.302342,-1.597421
RWI,497.7725,-0.9125925,1.299761,-1.598053
RWI,497.7804,-0.9151073,1.296909,-1.598462
RWI,497.7887,-0.917533,1.294097,-1.598742
RWI,497.7972,-0.920002,1.291033,-1.598969
RWI,497.8064,-0.92278,1.28792,-1.59907
RWI,497.8139,-0.9253176,1.284542,-1.599048
RWI,497.8223,-0.9277731,1.281059,-1.5988
RWI,497.8309,-0.930249,1.277246,-1.598489
RWI,497.8386,-0.9327953,1.273149,-1.598006
RWI,497.8477,-0.9354817,1.269206,-1.597371
RWI,497.8557,-0.9380327,1.264696,-1.596558
RWI,497.8636,-0.9403955,1.260082,-1.595536
RWI,497.8723,-0.9427326,1.255452,-1.594413
RWI,497.8805,-0.9447646,1.250622,-1.593103
RWI,497.8893,-0.9470026,1.245638,-1.591419
RWI,497.898,-0.9493214,1.2404,-1.589664
RWI,497.9062,-0.9515991,1.234653,-1.587221
RWI,497.9151,-0.9537744,1.229031,-1.585155
RWI,497.9247,-0.9561095,1.223148,-1.582895
RWI,497.9319,-0.9584838,1.216959,-1.580406
RWI,497.9408,-0.9605192,1.211089,-1.577858
RWI,497.9491,-0.9626351,1.204588,-1.575185
RWI,497.9579,-0.9649034,1.198039,-1.572465
RWI,497.9659,-0.9670056,1.191108,-1.569307
RWI,497.9749,-0.9690567,1.184063,-1.566244
RWI,497.9825,-0.9708455,1.17687,-1.563222
RWI,497.9909,-0.9727243,1.170182,-1.560127
RWI,497.9993,-0.974692,1.162863,-1.556931
RWI,498.0077,-0.9764802,1.15555,-1.553763
RWI,498.0161,-0.9780694,1.147983,-1.550649
RWI,498.025,-0.979689,1.140685,-1.547383
RWI,498.0326,-0.9812906,1.132733,-1.544054
RWI,498.0411,-0.9827308,1.124843,-1.540642
RWI,498.0496,-0.984177,1.116803,-1.53709
RWI,498.0576,-0.985407,1.108492,-1.533681
RWI,498.0659,-0.9864988,1.100392,-1.530218
RWI,498.0743,-0.9874219,1.091968,-1.526885
RWI,498.0825,-0.9883261,1.084168,-1.52349
RWI,498.0911,-0.9891971,1.075907,-1.520293
RWI,498.1011,-0.9897026,1.068125,-1.517185
RWI,498.1075,-0.990578,1.059743,-1.513894
RWI,498.1158,-0.9911827,1.051479,-1.510866
RWI,498.125,-0.9917805,1.042995,-1.507891
RWI,498.1332,-0.9923928,1.03452,-1.504676
RWI,498.1409,-0.9923192,1.026682,-1.50187
RWI,498.1495,-0.9926397,1.018307,-1.498984
RWI,498.158,-0.9928162,1.010256,-1.49635
RWI,498.1663,-0.9929774,1.002087,-1.493794
RWI,498.1742,-0.9937251,0.9938346,-1.490993
RWI,498.183,-0.9953626,0.9859805,-1.487635
RWI,498.191,-0.9961382,0.978202,-1.485345
RWI,498.1993,-0.9966589,0.9698804,-1.482474
RWI,498.2075,-0.9971622,0.9620273,-1.480438
RWI,498.2157,-0.9974499,0.9539187,-1.478264
RWI,498.2249,-0.9976592,0.9460772,-1.476386
RWI,498.2326,-0.9979033,0.9382763,-1.474584
RWI,498.241,-0.9980845,0.9306685,-1.473104
RWI,498.2496,-0.9980125,0.9232543,-1.471631
RWI,498.2583,-0.9983015,0.9159056,-1.470178
RWI,498.2661,-0.9983276,0.9085865,-1.468917
RWI,498.2742,-0.9983181,0.9013664,-1.467616
RWI,498.2824,-0.9981855,0.8942021,-1.466484
RWI,498.2914,-0.9984046,0.8871902,-1.465467
RWI,498.2996,-0.9983784,0.879918,-1.464504
RWI,498.308,-0.9984082,0.8731502,-1.463777
RWI,498.3162,-0.9982163,0.8662692,-1.46297
RWI,498.3256,-0.9979886,0.8595343,-1.462417
RWI,498.3326,-0.9977459,0.8523719,-1.461678
RWI,498.3412,-0.997599,0.8456724,-1.46121
RWI,498.3492,-0.9973982,0.8390825,-1.460929
RWI,498.358,-0.9972157,0.8324238,-1.46045
RWI,498.3669,-0.9969719,0.8258585,-1.460066
RWI,498.3742,-0.9968063,0.8200503,-1.459586
RWI,498.3827,-0.9969908,0.8138164,-1.458854
RWI,498.3913,-0.9965995,0.8080085,-1.458456
RWI,498.3994,-0.9964713,0.8023182,-1.457684
RWI,498.4079,-0.9963156,0.7963516,-1.457061
RWI,498.416,-0.9961766,0.7896753,-1.456908
RWI,498.4247,-0.9958752,0.7835881,-1.456815
RWI,498.4328,-0.9957694,0.7775408,-1.45699
RWI,498.4409,-0.9956865,0.7716203,-1.45767
RWI,498.4496,-0.9956093,0.7657298,-1.458043
RWI,498.4574,-0.9954457,0.7600904,-1.458951
RWI,498.4657,-0.9960125,0.755018,-1.460152
RWI,498.4743,-0.9963681,0.7495541,-1.461287
RWI,498.4828,-0.9966884,0.7439378,-1.462304
RWI,498.4919,-0.9971002,0.7387068,-1.463573
RWI,498.4994,-0.9978335,0.7334081,-1.465001
RWI,498.5077,-0.9985073,0.727957,-1.466533
RWI,498.5162,-0.9990506,0.7225052,-1.467915
RWI,498.5252,-0.9995535,0.7172699,-1.469683
RWI,498.5325,-1.000313,0.7120809,-1.471593
RWI,498.541,-1.001291,0.7070095,-1.473792
RWI,498.5492,-1.002474,0.7020697,-1.476161
RWI,498.5596,-1.003746,0.697136,-1.478614
RWI,498.5668,-1.005329,0.6916804,-1.482067
RWI,498.5745,-1.006661,0.6875315,-1.484826
RWI,498.5825,-1.008143,0.6831706,-1.487852
RWI,498.591,-1.009781,0.6789176,-1.490999
RWI,498.5996,-1.01176,0.6747841,-1.49426
RWI,498.6076,-1.013842,0.6708409,-1.497583
RWI,498.6157,-1.016406,0.6672389,-1.501081
RWI,498.6247,-1.018437,0.6632214,-1.504542
RWI,498.6326,-1.020997,0.659724,-1.508541
RWI,498.6408,-1.023418,0.6562384,-1.512339
RWI,498.6495,-1.025643,0.6527793,-1.516421
RWI,498.6575,-1.027712,0.6495458,-1.520845
RWI,498.6659,-1.029453,0.6470881,-1.525234
RWI,498.6746,-1.031383,0.6444557,-1.529602
RWI,498.6825,-1.033407,0.6421842,-1.533251
RWI,498.6912,-1.035455,0.6406018,-1.536646
RWI,498.6992,-1.037549,0.6382427,-1.540053
RWI,498.7079,-1.039364,0.6372988,-1.542624
RWI,498.7158,-1.041309,0.6357071,-1.545761
RWI,498.7255,-1.043019,0.6351982,-1.547731
RWI,498.7328,-1.048442,0.6360567,-1.547301
RWI,498.7409,-1.048263,0.6379148,-1.550336
RWI,498.7496,-1.048035,0.6405323,-1.552041
RWI,498.7578,-1.049269,0.6428856,-1.552407
RWI,498.7671,-1.051097,0.6443239,-1.551777
RWI,498.7747,-1.053392,0.6455723,-1.54947
RWI,498.783,-1.054025,0.6461527,-1.547256
RWI,498.7925,-1.053174,0.6480091,-1.544674
RWI,498.802,-1.051383,0.6496197,-1.542209
RWI,498.8082,-1.048726,0.6513501,-1.53777
RWI,498.8141,-1.047592,0.6522694,-1.536284
RWI,498.8253,-1.045913,0.6534987,-1.533262
RWI,498.8311,-1.043202,0.6555895,-1.530248
RWI,498.8401,-1.040487,0.6580662,-1.52669
RWI,498.8482,-1.037273,0.6603956,-1.522537
RWI,498.857,-1.034616,0.6638888,-1.519282
RWI,498.8646,-1.031905,0.6675402,-1.515322
RWI,498.8733,-1.028783,0.6714751,-1.511073
RWI,498.8814,-1.025543,0.676121,-1.506872
RWI,498.8969,-1.022472,0.6800094,-1.503295
RWI,498.919,-1.016406,0.6900499,-1.496068
RWI,498.9256,-1.010623,0.7003112,-1.48916
RWI,498.9325,-1.0063,0.7079034,-1.484112
RWI,498.9407,-1.004325,0.7120036,-1.481838
RWI,498.9472,-1.001118,0.7180292,-1.478733
RWI,498.9554,-0.9989011,0.7236474,-1.476984
RWI,498.9643,-0.9960586,0.7297648,-1.474281
RWI,498.9724,-0.9932347,0.7357255,-1.471545
RWI,498.9805,-0.990702,0.7423473,-1.469489
RWI,498.9886,-0.9879686,0.7483841,-1.467125
RWI,498.9968,-0.9850573,0.7552478,-1.465871
RWI,499.0053,-0.9822522,0.761999,-1.464764
RWI,499.0142,-0.9797199,0.7686267,-1.464022
RWI,499.0219,-0.9770745,0.775596,-1.463525
RWI,499.0305,-0.9740767,0.7827238,-1.463461
RWI,499.039,-0.9715861,0.7895751,-1.462842
RWI,499.0472,-0.9688063,0.7969739,-1.463073
RWI,499.0552,-0.9662325,0.8039609,-1.462904
RWI,499.0639,-0.9638138,0.8109871,-1.463405
RWI,499.073,-0.9612496,0.8184187,-1.464377
RWI,499.0809,-0.9589099,0.8254403,-1.465077
RWI,499.0894,-0.9564181,0.8329461,-1.466901
RWI,499.0971,-0.9542106,0.8402473,-1.468733
RWI,499.1055,-0.9521164,0.8477397,-1.470735
RWI,499.1136,-0.9500753,0.8550412,-1.473048
RWI,499.1219,-0.9479517,0.8624696,-1.475832
RWI,499.1301,-0.945865,0.8697839,-1.479144
RWI,499.139,-0.9440367,0.877046,-1.482579
RWI,499.1474,-0.9421232,0.8842958,-1.486524
RWI,499.1551,-0.9404977,0.8916086,-1.490532
RWI,499.1648,-0.9389718,0.8986984,-1.495003
RWI,499.1722,-0.9373779,0.9055827,-1.499519
RWI,499.1802,-0.9357803,0.911888,-1.504316
RWI,499.1892,-0.9340788,0.9184882,-1.509529
RWI,499.197,-0.932578,0.9249398,-1.514997
RWI,499.2055,-0.9310912,0.9311889,-1.520481
RWI,499.2138,-0.9297441,0.9376935,-1.526599
RWI,499.222,-0.9284035,0.943985,-1.532077
RWI,499.2306,-0.9269192,0.9503381,-1.538225
RWI,499.2386,-0.9257826,0.9567184,-1.54386
RWI,499.2474,-0.9245366,0.9632437,-1.549502
RWI,499.2551,-0.9234973,0.9698519,-1.55531
RWI,499.2638,-0.92252,0.97632,-1.560841
RWI,499.2722,-0.92195,0.9830031,-1.566724
RWI,499.2804,-0.9212492,0.9898389,-1.572099
RWI,499.2889,-0.9208719,0.9968876,-1.57769
RWI,499.299,-0.9202315,1.003937,-1.583108
RWI,499.3063,-0.920135,1.010408,-1.588657
RWI,499.3137,-0.919732,1.01769,-1.594981
RWI,499.3226,-0.9195241,1.022927,-1.599735
RWI,499.3309,-0.9195964,1.029295,-1.605718
RWI,499.3423,-0.9194627,1.035623,-1.610716
RWI,499.3531,-0.9194204,1.04221,-1.615754
RWI,499.3631,-0.9194689,1.052776,-1.623402
RWI,499.3721,-0.91972,1.059905,-1.628605
RWI,499.3801,-0.9199755,1.066902,-1.633605
RWI,499.3886,-0.9202217,1.07269,-1.638021
RWI,499.3981,-0.9203989,1.078423,-1.64252
RWI,499.4052,-0.9205191,1.083996,-1.646785
RWI,499.4138,-0.9207492,1.089304,-1.65074
RWI,499.4221,-0.9208613,1.094739,-1.654649
RWI,499.4304,-0.9209983,1.100228,-1.658291
RWI,499.4385,-0.920825,1.106267,-1.662256
RWI,499.4475,-0.9205517,1.111814,-1.66543
RWI,499.4552,-0.9199646,1.117434,-1.668623
RWI,499.4633,-0.9195113,1.122916,-1.67158
RWI,499.4721,-0.9187261,1.128314,-1.674134
RWI,499.4807,-0.918065,1.133593,-1.677103
RWI,499.4886,-0.9166933,1.138744,-1.679792
RWI,499.4968,-0.914771,1.143075,-1.683014
RWI,499.5051,-0.9143026,1.148388,-1.685165
RWI,499.5136,-0.9134402,1.153476,-1.687514
RWI,499.5217,-0.9127813,1.159122,-1.689614
RWI,499.5301,-0.9116026,1.164662,-1.691153
RWI,499.5385,-0.9102157,1.170121,-1.693256
RWI,499.5473,-0.9088706,1.17539,-1.694478
RWI,499.5554,-0.9073262,1.180395,-1.695773
RWI,499.5645,-0.9062343,1.185069,-1.696586
RWI,499.5718,-0.9051281,1.189068,-1.697301
RWI,499.5798,-0.9042631,1.193358,-1.697911
RWI,499.5884,-0.9032076,1.196661,-1.698118
RWI,499.5968,-0.9022133,1.200908,-1.698225
RWI,499.6058,-0.9012201,1.205297,-1.697972
RWI,499.6138,-0.899239,1.209623,-1.697942
RWI,499.6216,-0.8976153,1.214222,-1.697928
RWI,499.6301,-0.8957968,1.218874,-1.697989
RWI,499.639,-0.8937398,1.223833,-1.69865
RWI,499.6472,-0.8919826,1.22872,-1.698869
RWI,499.655,-0.8900751,1.233585,-1.699107
RWI,499.6637,-0.8885159,1.238175,-1.69938
RWI,499.6719,-0.8867733,1.24313,-1.698824
RWI,499.6805,-0.8854129,1.247609,-1.698305
RWI,499.6888,-0.8839234,1.251916,-1.697908
RWI,499.6966,-0.8819153,1.25663,-1.696597
RWI,499.7054,-0.8800305,1.261341,-1.695602
RWI,499.7133,-0.8781855,1.266126,-1.693969
RWI,499.7216,-0.8764837,1.270717,-1.692575
RWI,499.731,-0.8752279,1.275396,-1.690892
RWI,499.7423,-0.8737432,1.280043,-1.688369
RWI,499.7486,-0.871999,1.285671,-1.685352
RWI,499.756,-0.8714507,1.289841,-1.682014
RWI,499.7655,-0.8699609,1.293509,-1.679986
RWI,499.7728,-0.8684868,1.29813,-1.67674
RWI,499.7817,-0.867257,1.30264,-1.673473
RWI,499.7902,-0.8660946,1.30692,-1.669908
RWI,499.7986,-0.8651298,1.311559,-1.666453
RWI,499.8075,-0.864105,1.315352,-1.662706
RWI,499.8158,-0.8633151,1.319555,-1.658174
RWI,499.8239,-0.8621225,1.322908,-1.653448
RWI,499.8323,-0.8607848,1.325727,-1.647943
RWI,499.8408,-0.8587531,1.32777,-1.641939
RWI,499.8495,-0.8566731,1.329292,-1.635447
RWI,499.8572,-0.854553,1.330116,-1.629153
RWI,499.8655,-0.8521688,1.330601,-1.622521
RWI,499.8747,-0.84998,1.330877,-1.616102
RWI,499.8828,-0.8484626,1.329817,-1.610569
RWI,499.8909,-0.8464591,1.330197,-1.604599
RWI,499.8991,-0.8452222,1.32958,-1.599497
RWI,499.9074,-0.8449289,1.329929,-1.59606
RWI,499.9156,-0.8438442,1.330327,-1.590924
RWI,499.9239,-0.8435038,1.331131,-1.587783
RWI,499.932,-0.8432447,1.332334,-1.585059
RWI,499.9417,-0.8428674,1.334176,-1.581848
RWI,499.9498,-0.8429872,1.336322,-1.580042
RWI,499.9594,-0.8429172,1.338109,-1.577
RWI,499.97,-0.8428185,1.339209,-1.573547
RWI,499.9755,-0.8436521,1.33878,-1.570254
RWI,499.9808,-0.8438083,1.338447,-1.568442
RWI,499.9883,-0.8444205,1.336834,-1.566916
RWI,499.9968,-0.845111,1.335643,-1.565516
RWI,500.005,-0.8454259,1.334731,-1.563003
RWI,500.014,-0.8459983,1.333594,-1.560942
RWI,500.0222,-0.8464608,1.333548,-1.560299
RWI,500.03,-0.8467316,1.333087,-1.558536
RWI,500.0384,-0.847428,1.332842,-1.557899
RWI,500.0471,-0.8476926,1.332785,-1.556873
RWI,500.0548,-0.8481034,1.332638,-1.55565
RWI,500.0633,-0.8479247,1.332555,-1.55455
RWI,500.0726,-0.84805,1.332291,-1.553848
RWI,500.0805,-0.8479171,1.332547,-1.553165
RWI,500.0887,-0.8479698,1.332224,-1.552632
RWI,500.0966,-0.8479328,1.331493,-1.552217
RWI,500.1057,-0.8477364,1.33098,-1.551587
RWI,500.1131,-0.8472934,1.33003,-1.551436
RWI,500.1219,-0.8470614,1.328891,-1.551099
RWI,500.1301,-0.8466287,1.327608,-1.550647
RWI,500.1385,-0.84611,1.325749,-1.550423
RWI,500.1473,-0.8456649,1.324008,-1.550058
RWI,500.1552,-0.8449982,1.32177,-1.549695
RWI,500.1644,-0.844704,1.319836,-1.549283
RWI,500.1718,-0.8445698,1.318229,-1.548833
RWI,500.1807,-0.844064,1.316133,-1.548652
RWI,500.1885,-0.8438153,1.314925,-1.548652
RWI,500.1967,-0.843661,1.314712,-1.549122
RWI,500.205,-0.8432871,1.31478,-1.549343
RWI,500.2136,-0.8437681,1.314514,-1.550038
RWI,500.2219,-0.8442067,1.31418,-1.550189
RWI,500.2303,-0.84434,1.312602,-1.550467
RWI,500.2384,-0.8445451,1.311266,-1.550381
RWI,500.2472,-0.844244,1.310044,-1.550313
RWI,500.2551,-0.8436835,1.30903,-1.550094
RWI,500.2636,-0.8435167,1.308112,-1.550268
RWI,500.2743,-0.8434144,1.307283,-1.550518
RWI,500.286,-0.8441151,1.306015,-1.551808
RWI,500.2923,-0.8443788,1.305679,-1.552441
RWI,500.2978,-0.8445982,1.305701,-1.55293
RWI,500.3052,-0.8448214,1.305751,-1.553536
RWI,500.3134,-0.8449138,1.305596,-1.553789
RWI,500.3221,-0.8448352,1.305549,-1.553974
RWI,500.33,-0.8448474,1.305409,-1.554305
RWI,500.3389,-0.8450401,1.305369,-1.554884
RWI,500.347,-0.845017,1.305484,-1.555255
RWI,500.3555,-0.8455385,1.305458,-1.555722
RWI,500.3647,-0.8456649,1.305746,-1.556146
RWI,500.3719,-0.8460989,1.305849,-1.556709
RWI,500.38,-0.8463147,1.305806,-1.557486
RWI,500.3887,-0.8465338,1.306217,-1.558097
RWI,500.3969,-0.8471216,1.306315,-1.559063
RWI,500.4051,-0.8477089,1.3064,-1.559817
RWI,500.4142,-0.8484333,1.306816,-1.560838
RWI,500.4243,-0.849388,1.30693,-1.561952
RWI,500.4331,-0.8508381,1.307027,-1.563548
RWI,500.4389,-0.8521569,1.306918,-1.564985
RWI,500.4471,-0.8529883,1.306842,-1.565886
RWI,500.4549,-0.8543944,1.306673,-1.567291
RWI,500.4632,-0.8557621,1.306306,-1.568833
RWI,500.4717,-0.8575047,1.305926,-1.570474
RWI,500.4805,-0.8595849,1.305403,-1.572171
RWI,500.4886,-0.8616295,1.304715,-1.573975
RWI,500.4968,-0.863748,1.303741,-1.575852
RWI,500.5049,-0.8656277,1.302849,-1.577698
RWI,500.5131,-0.8678575,1.301867,-1.57961
RWI,500.522,-0.8700274,1.30091,-1.581399
RWI,500.5298,-0.8724608,1.299693,-1.583686
RWI,500.5384,-0.8749422,1.29809,-1.585345
RWI,500.5471,-0.8774007,1.296687,-1.587206
RWI,500.5552,-0.8801296,1.29473,-1.589098
RWI,500.5648,-0.8828557,1.292736,-1.590914
RWI,500.5717,-0.8855892,1.290642,-1.59218
RWI,500.58,-0.8882682,1.288235,-1.593704
RWI,500.5884,-0.8913305,1.285282,-1.595454
RWI,500.5966,-0.8941929,1.282234,-1.596683
RWI,500.6051,-0.896907,1.279032,-1.598022
RWI,500.614,-0.8996289,1.275697,-1.599164
RWI,500.622,-0.9024918,1.271897,-1.600529
RWI,500.6302,-0.9052974,1.268092,-1.601713
RWI,500.6389,-0.9081215,1.263779,-1.6029
RWI,500.6479,-0.9113334,1.258505,-1.604265
RWI,500.6556,-0.9140922,1.253798,-1.605343
RWI,500.6639,-0.9166855,1.248085,-1.606234
RWI,500.6723,-0.9193454,1.242464,-1.607149
RWI,500.6808,-0.9220075,1.237034,-1.608084
RWI,500.6891,-0.9244218,1.230833,-1.608878
RWI,500.6972,-0.9269555,1.224734,-1.609667
RWI,500.7056,-0.9294349,1.218624,-1.610182
RWI,500.7142,-0.9319109,1.211941,-1.610676
RWI,500.723,-0.9341714,1.204735,-1.610698
RWI,500.7315,-0.9364691,1.197985,-1.610802
RWI,500.7405,-0.9387138,1.19051,-1.610584
RWI,500.7492,-0.940741,1.182582,-1.609873
RWI,500.7582,-0.9428185,1.174764,-1.609545
RWI,500.7656,-0.9453276,1.165568,-1.60867
RWI,500.7739,-0.9469175,1.159023,-1.607842
RWI,500.7817,-0.9492053,1.150871,-1.606608
RWI,500.7902,-0.9513262,1.142773,-1.605077
RWI,500.7986,-0.9536593,1.134443,-1.603432
RWI,500.8081,-0.9558585,1.125858,-1.601649
RWI,500.8157,-0.9579866,1.117374,-1.599529
RWI,500.8236,-0.9597478,1.10918,-1.597213
RWI,500.8324,-0.9616231,1.100695,-1.594943
RWI,500.8404,-0.9632891,1.091921,-1.592167
RWI,500.8493,-0.9651976,1.083033,-1.589544
RWI,500.8574,-0.9669361,1.074003,-1.586775
RWI,500.8655,-0.9686329,1.065117,-1.584148
RWI,500.8742,-0.9702269,1.056046,-1.581518
RWI,500.8831,-0.9728273,1.047659,-1.578077
RWI,500.8912,-0.9749406,1.038615,-1.574863
RWI,500.899,-0.9764737,1.029178,-1.571534
RWI,500.9073,-0.9778322,1.020271,-1.568382
RWI,500.9153,-0.9789655,1.010797,-1.565365
RWI,500.9239,-0.9802512,1.001027,-1.562657
RWI,500.9325,-0.9810686,0.9912764,-1.560078
RWI,500.9406,-0.9816811,0.9818041,-1.557638
RWI,500.9485,-0.9824309,0.9722856,-1.555719
RWI,500.9574,-0.9831099,0.963052,-1.554192
RWI,500.9662,-0.9840432,0.9536608,-1.552172
RWI,500.9737,-0.9847413,0.9445364,-1.550561
RWI,500.9824,-0.9851981,0.9359716,-1.548719
RWI,500.9907,-0.9857574,0.9270279,-1.547347
RWI,500.9986,-0.9861668,0.9189368,-1.546141
RWI,501.0075,-0.9865,0.9104103,-1.545033
RWI,501.0154,-0.9868795,0.9020163,-1.543836
RWI,501.024,-0.9869554,0.8937502,-1.542757
RWI,501.0324,-0.9876465,0.8855973,-1.541931
RWI,501.0404,-0.9877886,0.8772991,-1.541585
RWI,501.049,-0.9881043,0.8698511,-1.541034
RWI,501.0573,-0.9883741,0.8622137,-1.540735
RWI,501.0655,-0.9886194,0.8550456,-1.540229
RWI,501.0748,-0.9886162,0.848406,-1.539813
RWI,501.0828,-0.9886937,0.8415069,-1.539158
RWI,501.0916,-0.9886937,0.8353658,-1.538495
RWI,501.0988,-0.9883525,0.8293793,-1.53776
RWI,501.1073,-0.9879816,0.8234143,-1.537185
RWI,501.1156,-0.9875291,0.8171493,-1.536383
RWI,501.1239,-0.9869751,0.8112668,-1.535902
RWI,501.1322,-0.9865707,0.8054635,-1.535323
RWI,501.1416,-0.9860545,0.8000284,-1.534942
RWI,501.1496,-0.9851404,0.7951158,-1.534763
RWI,501.157,-0.9847957,0.7903245,-1.534076
RWI,501.1661,-0.9843243,0.7855387,-1.533492
RWI,501.1737,-0.9836569,0.781454,-1.533055
RWI,501.1819,-0.983215,0.7774549,-1.532531
RWI,501.1909,-0.9829543,0.7735641,-1.531691
RWI,501.1987,-0.9823619,0.7695292,-1.530532
RWI,501.2078,-0.9819602,0.7655808,-1.529477
RWI,501.2157,-0.9813594,0.761444,-1.528481
RWI,501.2237,-0.9806993,0.7574984,-1.527641
RWI,501.232,-0.9802086,0.7531478,-1.526945
RWI,501.2406,-0.979699,0.7491479,-1.526576
RWI,501.249,-0.9791372,0.7455738,-1.526119
RWI,501.2571,-0.9790315,0.7414721,-1.525843
RWI,501.2652,-0.9787613,0.7381685,-1.52551
RWI,501.2742,-0.9788925,0.7342926,-1.525432
RWI,501.2831,-0.9790556,0.7306241,-1.525109
RWI,501.291,-0.9794443,0.7271478,-1.524959
RWI,501.2987,-0.9798009,0.7236769,-1.524949
RWI,501.3071,-0.9805192,0.7202385,-1.524869
RWI,501.3154,-0.9812055,0.7167122,-1.525354
RWI,501.3239,-0.9818832,0.7137522,-1.525746
RWI,501.3319,-0.9830358,0.7108088,-1.526442
RWI,501.341,-0.9844096,0.708631,-1.527084
RWI,501.3502,-0.9857268,0.7061072,-1.527543
RWI,501.3572,-0.9872119,0.7030474,-1.528033
RWI,501.3663,-0.988526,0.7005069,-1.528538
RWI,501.3737,-0.9900365,0.6975758,-1.529331
RWI,501.3822,-0.9913867,0.6950607,-1.529248
RWI,501.3906,-0.9984719,0.6930984,-1.522483
RWI,501.3989,-1.00128,0.6921238,-1.523618
RWI,501.4079,-1.003661,0.6933895,-1.526163
RWI,501.4154,-1.00849,0.6937699,-1.526996
RWI,501.4238,-1.012844,0.6936312,-1.525596
RWI,501.4321,-1.018293,0.6934258,-1.52385
RWI,501.4403,-1.024002,0.6926045,-1.522643
RWI,501.4489,-1.030645,0.6929067,-1.522647
RWI,501.4569,-1.034427,0.6916114,-1.522907
RWI,501.4652,-1.037352,0.6898893,-1.5214
RWI,501.4746,-1.040653,0.6884043,-1.521599
RWI,501.4823,-1.043104,0.6873115,-1.522339
RWI,501.4903,-1.045457,0.6878676,-1.522317
RWI,501.4987,-1.047871,0.6873901,-1.523011
RWI,501.5069,-1.050092,0.6877677,-1.523229
RWI,501.5156,-1.052711,0.6876705,-1.523455
RWI,501.524,-1.05495,0.6878844,-1.523573
RWI,501.5317,-1.057265,0.6877323,-1.523631
RWI,501.5409,-1.058272,0.688326,-1.522818
RWI,501.5488,-1.059664,0.6883058,-1.521865
RWI,501.5576,-1.060046,0.6891304,-1.520982
RWI,501.566,-1.060376,0.6907573,-1.520139
RWI,501.5738,-1.058978,0.6932128,-1.519923
RWI,501.5821,-1.057063,0.6959479,-1.519153
RWI,501.5903,-1.054092,0.698018,-1.516489
RWI,501.5985,-1.05257,0.6995456,-1.514458
RWI,501.6076,-1.050783,0.7011188,-1.511643
RWI,501.6163,-1.047975,0.7024832,-1.509494
RWI,501.6238,-1.046211,0.7057877,-1.507672
RWI,501.6318,-1.043838,0.7088253,-1.50622
RWI,501.6404,-1.040905,0.7109563,-1.505262
RWI,501.6491,-1.038698,0.7151616,-1.504679
RWI,501.6595,-1.035962,0.7183113,-1.503296
RWI,501.6698,-1.032328,0.7222007,-1.501298
RWI,501.6753,-1.028863,0.7262012,-1.499225
RWI,501.6805,-1.027165,0.7279854,-1.497869
RWI,501.6892,-1.025527,0.7302845,-1.496844
RWI,501.6964,-1.02235,0.7332737,-1.495783
RWI,501.705,-1.020258,0.7377715,-1.494804
RWI,501.7132,-1.01746,0.7419839,-1.493376
RWI,501.7215,-1.015241,0.7466942,-1.492126
RWI,501.7298,-1.012343,0.7511072,-1.490957
RWI,501.7383,-1.009504,0.7557577,-1.489777
RWI,501.7471,-1.006475,0.7601854,-1.488922
RWI,501.7552,-1.00314,0.7649874,-1.488262
RWI,501.765,-0.9998738,0.7699568,-1.487802
RWI,501.7717,-0.9961678,0.7752429,-1.487804
RWI,501.7797,-0.9927825,0.7794677,-1.488012
RWI,501.7882,-0.9894869,0.7840639,-1.488401
RWI,501.7965,-0.9861186,0.7885269,-1.488957
RWI,501.805,-0.9829814,0.7930349,-1.489274
RWI,501.8141,-0.9798697,0.7974704,-1.489478
RWI,501.8216,-0.9767632,0.8019192,-1.490283
RWI,501.8295,-0.9737856,0.8061767,-1.490909
RWI,501.838,-0.9708179,0.810549,-1.491902
RWI,501.8471,-0.9680293,0.814983,-1.492901
RWI,501.855,-0.9648796,0.819218,-1.49416
RWI,501.8631,-0.9621154,0.8233125,-1.495056
RWI,501.8716,-0.9593779,0.8267272,-1.49608
RWI,501.8801,-0.9566439,0.8303542,-1.497121
RWI,501.8889,-0.9539391,0.8336797,-1.498492
RWI,501.8967,-0.9513298,0.8366266,-1.500169
RWI,501.9047,-0.9488591,0.8398066,-1.501724
RWI,501.913,-0.946528,0.8425817,-1.503722
RWI,501.9219,-0.9446365,0.845126,-1.505777
RWI,501.9297,-0.9427024,0.8477461,-1.507968
RWI,501.938,-0.9413235,0.8499648,-1.510078
RWI,501.9468,-0.9405504,0.8520061,-1.51238
RWI,501.9546,-0.9392802,0.8539239,-1.514179
RWI,501.9643,-0.9385773,0.8555785,-1.516145
RWI,501.9744,-0.9383845,0.8562542,-1.517735
RWI,501.9832,-0.9377751,0.8573803,-1.519835
RWI,501.9885,-0.9371771,0.8576918,-1.521293
RWI,501.9967,-0.9367781,0.8579162,-1.522107
RWI,502.0052,-0.9363832,0.8575508,-1.522878
RWI,502.0142,-0.9358805,0.8568901,-1.523947
RWI,502.0217,-0.9357305,0.8559,-1.52464
RWI,502.03,-0.9356731,0.8545018,-1.525629
RWI,502.0381,-0.9361602,0.8520685,-1.527211
RWI,502.0469,-0.9363545,0.8500627,-1.528193
RWI,502.0548,-0.9372843,0.8469624,-1.530017
RWI,502.0631,-0.9380602,0.8443536,-1.531464
RWI,502.072,-0.939583,0.8404582,-1.532828
RWI,502.0801,-0.941968,0.835658,-1.535131
RWI,502.0886,-0.9438217,0.8312731,-1.536877
RWI,502.0968,-0.9471588,0.8248433,-1.539622
RWI,502.1054,-0.9504917,0.8184227,-1.542301
RWI,502.1132,-0.9542544,0.8104863,-1.545115
RWI,502.1222,-0.9586259,0.8008818,-1.547103
RWI,502.1298,-0.9617952,0.7979749,-1.554345
RWI,502.1384,-0.9650004,0.7955358,-1.560621
RWI,502.1473,-0.9678345,0.7939547,-1.565014
RWI,502.1551,-0.9701964,0.7938637,-1.566828
RWI,502.1643,-0.9716411,0.7951302,-1.565957
RWI,502.1718,-0.9730372,0.7969403,-1.564054
RWI,502.1798,-0.9745563,0.7993653,-1.561148
RWI,502.1883,-0.9767544,0.8012915,-1.559602
RWI,502.1971,-0.9792062,0.8023843,-1.560113
RWI,502.2066,-0.9821915,0.8037279,-1.560451
RWI,502.2136,-0.9844256,0.8046251,-1.561022
RWI,502.2218,-0.9876323,0.805483,-1.561666
RWI,502.2299,-0.9893882,0.8065009,-1.561962
RWI,502.2383,-0.9915055,0.8075547,-1.563001
RWI,502.2469,-0.9919361,0.809894,-1.561423
RWI,502.2552,-0.9929526,0.8111802,-1.561434
RWI,502.2635,-0.9935598,0.8129622,-1.561064
RWI,502.273,-0.9936198,0.8142037,-1.561128
RWI,502.2842,-0.9936008,0.8149511,-1.562048
RWI,502.2943,-0.9941608,0.8163297,-1.561741
RWI,502.2992,-0.9937677,0.817086,-1.562725
RWI,502.3047,-0.9923041,0.8178058,-1.562686
RWI,502.3128,-0.9917009,0.8183451,-1.563148
RWI,502.3218,-0.989828,0.8191163,-1.563488
RWI,502.3296,-0.9881424,0.8205653,-1.563944
RWI,502.3385,-0.9859327,0.821264,-1.564106
RWI,502.3466,-0.9836593,0.8226097,-1.563686
RWI,502.3549,-0.980745,0.8241636,-1.563312
RWI,502.3641,-0.9783863,0.8256294,-1.562558
RWI,502.3715,-0.9747265,0.8262427,-1.562733
RWI,502.3794,-0.9729367,0.8280938,-1.562105
RWI,502.3882,-0.9693249,0.8327383,-1.564077
RWI,502.3961,-0.9650452,0.8378837,-1.56656
RWI,502.4052,-0.9609146,0.8430899,-1.567979
RWI,502.413,-0.9565915,0.8487626,-1.570153
RWI,502.4213,-0.9525878,0.8544305,-1.571563
RWI,502.4297,-0.9490577,0.859871,-1.573311
RWI,502.4383,-0.9453941,0.8654826,-1.575904
RWI,502.4466,-0.9418799,0.8714104,-1.578655
RWI,502.4546,-0.9385715,0.8775142,-1.581708
RWI,502.463,-0.9355012,0.8838263,-1.585156
RWI,502.4715,-0.9326375,0.890253,-1.588643
RWI,502.4803,-0.9298198,0.8970057,-1.592235
RWI,502.4882,-0.926434,0.9043986,-1.596264
RWI,502.4962,-0.9237577,0.9114884,-1.599721
RWI,502.5045,-0.9208611,0.9191271,-1.603728
RWI,502.5131,-0.9178516,0.9259933,-1.60716
RWI,502.5218,-0.9149599,0.9339896,-1.611365
RWI,502.5294,-0.9118642,0.9415206,-1.615032
RWI,502.538,-0.9091659,0.9496488,-1.619384
RWI,502.5467,-0.9064963,0.9569974,-1.623401
RWI,502.5557,-0.9039854,0.9646559,-1.628128
RWI,502.564,-0.9011036,0.9735429,-1.633468
RWI,502.5719,-0.8991255,0.9807253,-1.637782
RWI,502.5798,-0.8966769,0.9887378,-1.642545
RWI,502.589,-0.89431,0.9973475,-1.647517
RWI,502.5975,-0.8919182,1.007764,-1.652895
RWI,502.605,-0.889536,1.016729,-1.657897
RWI,502.6137,-0.8875287,1.024889,-1.662069
RWI,502.6211,-0.8851434,1.03391,-1.666947
RWI,502.6298,-0.8824357,1.042823,-1.671878
RWI,502.6386,-0.8801461,1.053081,-1.676875
RWI,502.6472,-0.8782408,1.063282,-1.682193
RWI,502.6554,-0.8763082,1.072869,-1.687131
RWI,502.664,-0.8749045,1.082494,-1.692365
RWI,502.6728,-0.873422,1.091597,-1.697655
RWI,502.6818,-0.8726176,1.101256,-1.703317
RWI,502.6895,-0.8717729,1.1107,-1.708474
RWI,502.6982,-0.8707929,1.119879,-1.713516
RWI,502.7065,-0.8693259,1.128871,-1.717755
RWI,502.7151,-0.868216,1.137966,-1.721498
RWI,502.7236,-0.8671676,1.146663,-1.724325
RWI,502.7319,-0.8656186,1.154958,-1.727046
RWI,502.7418,-0.8644646,1.162752,-1.729256
RWI,502.7523,-0.8632278,1.171804,-1.731207
RWI,502.7578,-0.8617031,1.180326,-1.731995
RWI,502.766,-0.8615007,1.18415,-1.731567
RWI,502.7739,-0.8607491,1.190201,-1.731418
RWI,502.7794,-0.8604156,1.196252,-1.730125
RWI,502.7879,-0.859938,1.200987,-1.728332
RWI,502.7961,-0.8595688,1.207237,-1.725883
RWI,502.8048,-0.858631,1.213447,-1.723395
RWI,502.8132,-0.8580448,1.219752,-1.720825
RWI,502.8215,-0.857352,1.226286,-1.718815
RWI,502.8292,-0.8565621,1.233102,-1.717089
RWI,502.838,-0.8556226,1.239849,-1.715778
RWI,502.8469,-0.855065,1.246707,-1.714351
RWI,502.8548,-0.8543991,1.253614,-1.712575
RWI,502.8627,-0.8537127,1.259974,-1.711085
RWI,502.8717,-0.8534916,1.266342,-1.708678
RWI,502.8799,-0.853126,1.272309,-1.706098
RWI,502.8908,-0.8524508,1.279257,-1.702822
RWI,502.8987,-0.8513105,1.285501,-1.699486
RWI,502.9048,-0.8509164,1.293289,-1.695085
RWI,502.9127,-0.8502319,1.297922,-1.692177
RWI,502.9212,-0.849821,1.303582,-1.688883
RWI,502.9296,-0.8494354,1.309392,-1.685201
RWI,502.938,-0.8491946,1.314911,-1.681549
RWI,502.9466,-0.8500834,1.320388,-1.677356
RWI,502.9557,-0.8499492,1.325568,-1.673572
RWI,502.9638,-0.8497894,1.330755,-1.669573
RWI,502.9713,-0.8497085,1.33589,-1.664765
RWI,502.9798,-0.8490174,1.34037,-1.660413
RWI,502.9879,-0.848282,1.344387,-1.65574
RWI,502.9966,-0.8476419,1.348699,-1.651063
RWI,503.0046,-0.8469329,1.351426,-1.646766
RWI,503.0133,-0.8464522,1.354991,-1.642606
RWI,503.021,-0.8465119,1.357508,-1.639155
RWI,503.0299,-0.8459456,1.36012,-1.635471
RWI,503.038,-0.8456198,1.363043,-1.631584
RWI,503.0475,-0.8443297,1.365027,-1.628177
RWI,503.057,-0.842931,1.367122,-1.624536
RWI,503.0665,-0.8415754,1.368981,-1.619883
RWI,503.0765,-0.8403788,1.370323,-1.616447
RWI,503.0839,-0.8399489,1.370858,-1.613381
RWI,503.0897,-0.8395768,1.371216,-1.611422
RWI,503.0961,-0.8394285,1.37191,-1.609511
RWI,503.1049,-0.8398563,1.37229,-1.608678
RWI,503.1128,-0.8400277,1.372798,-1.60714
RWI,503.1214,-0.8404561,1.373292,-1.605164
RWI,503.1295,-0.8409356,1.373786,-1.603871
RWI,503.1382,-0.8415459,1.374686,-1.602665
RWI,503.1465,-0.8421576,1.375664,-1.601657
RWI,503.1548,-0.8427451,1.376965,-1.600599
RWI,503.1636,-0.8438627,1.378128,-1.599755
RWI,503.1714,-0.844502,1.379169,-1.598294
RWI,503.1794,-0.8455031,1.380023,-1.596938
RWI,503.188,-0.8464496,1.380435,-1.595311
RWI,503.1963,-0.8472685,1.380695,-1.593716
RWI,503.2049,-0.8480076,1.380393,-1.591983
RWI,503.2152,-0.8487791,1.379841,-1.590209
RWI,503.2237,-0.8498362,1.379311,-1.587882
RWI,503.2295,-0.8510869,1.378412,-1.586042
RWI,503.2383,-0.8516636,1.378097,-1.584815
RWI,503.2465,-0.8525684,1.377719,-1.582882
RWI,503.2545,-0.853237,1.37718,-1.580955
RWI,503.2627,-0.8536401,1.376463,-1.579021
RWI,503.2711,-0.8542466,1.375813,-1.57714
RWI,503.28,-0.8548615,1.375129,-1.575546
RWI,503.2882,-0.855577,1.374271,-1.573878
RWI,503.2962,-0.8565057,1.373109,-1.572563
RWI,503.3044,-0.8570043,1.371803,-1.571504
RWI,503.3126,-0.8576702,1.370558,-1.570361
RWI,503.3213,-0.8582819,1.368982,-1.569418
RWI,503.3296,-0.8589835,1.36744,-1.568632
RWI,503.3377,-0.8595455,1.365996,-1.567991
RWI,503.3468,-0.8598619,1.36466,-1.567471
RWI,503.355,-0.8602535,1.363348,-1.567029
RWI,503.3658,-0.8604255,1.36202,-1.566705
RWI,503.3748,-0.8602141,1.360113,-1.566462
RWI,503.3802,-0.8602561,1.358678,-1.566234
RWI,503.388,-0.8604429,1.357947,-1.565973
RWI,503.3962,-0.8603479,1.357018,-1.565859
RWI,503.4043,-0.8605415,1.355991,-1.566015
RWI,503.4134,-0.8607048,1.354831,-1.565862
RWI,503.4211,-0.8602366,1.353303,-1.566046
RWI,503.4294,-0.860119,1.352081,-1.566058
RWI,503.4375,-0.8596401,1.350562,-1.566181
RWI,503.4468,-0.8594595,1.349122,-1.566401
RWI,503.4545,-0.8592415,1.347714,-1.566377
RWI,503.4626,-0.8590518,1.346321,-1.566564
RWI,503.4712,-0.8589377,1.344811,-1.566916
RWI,503.4799,-0.8586442,1.343356,-1.567243
RWI,503.4882,-0.8584259,1.342106,-1.567561
RWI,503.4964,-0.8582158,1.340954,-1.56807
RWI,503.5043,-0.8582025,1.340137,-1.568409
RWI,503.5131,-0.8582996,1.339684,-1.56881
RWI,503.521,-0.8582574,1.338472,-1.569252
RWI,503.5296,-0.8582207,1.338158,-1.569724
RWI,503.5378,-0.8579454,1.338557,-1.570379
RWI,503.5468,-0.8580848,1.338112,-1.570995
RWI,503.5552,-0.8580817,1.337432,-1.571586
RWI,503.5632,-0.8580268,1.336553,-1.572241
RWI,503.571,-0.8581813,1.336517,-1.572625
RWI,503.5794,-0.8584117,1.336293,-1.573223
RWI,503.5876,-0.8586448,1.33577,-1.573987
RWI,503.596,-0.8591412,1.33529,-1.574644
RWI,503.6045,-0.8594272,1.334931,-1.575506
RWI,503.6131,-0.8596308,1.334959,-1.576412
RWI,503.6208,-0.8598109,1.335228,-1.577099
RWI,503.6295,-0.8600044,1.335606,-1.577826
RWI,503.6379,-0.8600137,1.336181,-1.578448
RWI,503.6468,-0.8600934,1.336725,-1.57924
RWI,503.655,-0.8601785,1.337346,-1.579964
RWI,503.6637,-0.8603183,1.337865,-1.580598
RWI,503.6737,-0.8605809,1.338386,-1.581481
RWI,503.6841,-0.8608319,1.33902,-1.582374
RWI,503.6908,-0.861137,1.339651,-1.583236
RWI,503.6964,-0.8614988,1.340137,-1.583776
RWI,503.7045,-0.8616711,1.340436,-1.584247
RWI,503.7128,-0.8620666,1.340929,-1.584876
RWI,503.7214,-0.8624004,1.341121,-1.585765
RWI,503.7293,-0.862805,1.341388,-1.586487
RWI,503.738,-0.8635592,1.34193,-1.587284
RWI,503.7473,-0.8643411,1.342254,-1.587916
RWI,503.7542,-0.8652369,1.342652,-1.588706
RWI,503.7639,-0.8663692,1.34308,-1.589607
RWI,503.7712,-0.8674299,1.343337,-1.590267
RWI,503.7797,-0.8686346,1.343584,-1.591404
RWI,503.7877,-0.8699206,1.343599,-1.592126
RWI,503.796,-0.8713568,1.343779,-1.592983
RWI,503.8044,-0.8729331,1.343996,-1.593829
RWI,503.8142,-0.8745884,1.344104,-1.594703
RWI,503.821,-0.8766395,1.343904,-1.595852
RWI,503.8293,-0.87836,1.343897,-1.59665
RWI,503.8378,-0.8801696,1.344008,-1.597748
RWI,503.8465,-0.88221,1.343914,-1.59846
RWI,503.8546,-0.8841681,1.343732,-1.59945
RWI,503.863,-0.8861915,1.34339,-1.600152
RWI,503.8708,-0.8883709,1.342975,-1.601091
RWI,503.8797,-0.8904793,1.342606,-1.60201
RWI,503.8878,-0.8930084,1.34201,-1.602818
RWI,503.8962,-0.8954068,1.341379,-1.603765
RWI,503.9044,-0.8978667,1.340562,-1.604531
RWI,503.9127,-0.9002132,1.339873,-1.605371
RWI,503.9209,-0.9027261,1.338965,-1.606146
RWI,503.9293,-0.9050724,1.338134,-1.606892
RWI,503.9378,-0.9075911,1.337059,-1.60757
RWI,503.9464,-0.9102769,1.335925,-1.608099
RWI,503.9542,-0.9128626,1.334773,-1.60876
RWI,503.963,-0.9158064,1.333308,-1.609432
RWI,503.9715,-0.918432,1.33141,-1.609939
RWI,503.9798,-0.9213448,1.329745,-1.610532
RWI,503.9886,-0.9240593,1.32803,-1.610988
RWI,503.9966,-0.9270082,1.326246,-1.611417
RWI,504.0052,-0.9297515,1.324226,-1.611773
RWI,504.0146,-0.9324387,1.32205,-1.612125
RWI,504.0221,-0.9352403,1.31954,-1.612239
RWI,504.0306,-0.9379192,1.317233,-1.612468
RWI,504.0392,-0.9407476,1.314362,-1.61244
RWI,504.048,-0.9434525,1.311566,-1.612305
RWI,504.0561,-0.9461094,1.308534,-1.612154
RWI,504.0645,-0.9485919,1.305149,-1.611837
RWI,504.0737,-0.951145,1.301752,-1.611477
RWI,504.0829,-0.9537418,1.297872,-1.611027
RWI,504.0898,-0.9563121,1.294107,-1.610443
RWI,504.098,-0.9586673,1.29024,-1.60975
RWI,504.1068,-0.9610478,1.285928,-1.608741
RWI,504.1149,-0.9633673,1.281756,-1.607727
RWI,504.1235,-0.9656978,1.27754,-1.606729
RWI,504.1316,-0.9677864,1.272695,-1.60533
RWI,504.1403,-0.9699365,1.268187,-1.603958
RWI,504.1499,-0.9720405,1.263157,-1.602368
RWI,504.1562,-0.9741787,1.257272,-1.600449
RWI,504.1658,-0.9761392,1.252026,-1.598528
RWI,504.1733,-0.9780251,1.246424,-1.596262
RWI,504.1814,-0.9798347,1.240698,-1.593979
RWI,504.1898,-0.9816012,1.234564,-1.59149
RWI,504.1986,-0.9834697,1.228101,-1.588929
RWI,504.2067,-0.984994,1.221805,-1.586321
RWI,504.2156,-0.9865732,1.215153,-1.583519
RWI,504.2232,-0.9881033,1.208079,-1.580586
RWI,504.2314,-0.9894943,1.201427,-1.577819
RWI,504.2397,-0.990898,1.194522,-1.574545
RWI,504.2488,-0.9923356,1.186845,-1.571375
RWI,504.2565,-0.9935774,1.178994,-1.567974
RWI,504.2649,-0.9947455,1.171331,-1.564906
RWI,504.2737,-0.9958128,1.162995,-1.561457
RWI,504.2825,-0.996872,1.154402,-1.558083
RWI,504.2907,-0.9980608,1.145809,-1.554705
RWI,504.2982,-0.9990858,1.137283,-1.55105
RWI,504.3065,-0.9996077,1.128395,-1.54799
RWI,504.3145,-1.000349,1.119571,-1.544324
RWI,504.3235,-1.001068,1.110532,-1.540935
RWI,504.3315,-1.002259,1.101256,-1.53733
RWI,504.3401,-1.002878,1.092394,-1.533801
RWI,504.349,-1.003505,1.083124,-1.530049
RWI,504.3568,-1.003959,1.073862,-1.526543
RWI,504.3657,-1.003968,1.064353,-1.523277
RWI,504.3733,-1.005516,1.054603,-1.519258
RWI,504.3815,-1.006467,1.045173,-1.515506
RWI,504.3898,-1.007456,1.034888,-1.512438
RWI,504.3984,-1.008437,1.024632,-1.509032
RWI,504.4068,-1.008699,1.014259,-1.506666
RWI,504.416,-1.009047,1.00355,-1.5044
RWI,504.423,-1.009145,0.9933794,-1.502542
RWI,504.4319,-1.009343,0.9833203,-1.500748
RWI,504.4396,-1.009789,0.973039,-1.499129
RWI,504.4486,-1.010114,0.9629332,-1.497718
RWI,504.4565,-1.010678,0.952689,-1.496208
RWI,504.4649,-1.011193,0.9426504,-1.494884
RWI,504.4742,-1.011761,0.9325155,-1.493356
RWI,504.483,-1.012395,0.9220177,-1.492011
RWI,504.4897,-1.01269,0.9116883,-1.490789
RWI,504.4985,-1.012815,0.9014441,-1.489912
RWI,504.5064,-1.012828,0.8915719,-1.489388
RWI,504.5146,-1.012648,0.88226,-1.489677
RWI,504.5231,-1.012915,0.872719,-1.489273
RWI,504.5316,-1.013504,0.8630447,-1.489145
RWI,504.5403,-1.014032,0.8536003,-1.489441
RWI,504.5493,-1.014137,0.8444769,-1.489704
RWI,504.557,-1.014529,0.8352468,-1.489859
RWI,504.5657,-1.014602,0.8257337,-1.49041
RWI,504.5732,-1.014565,0.8175709,-1.490899
RWI,504.5811,-1.014533,0.8089864,-1.491658
RWI,504.5898,-1.014356,0.8006532,-1.492301
RWI,504.5983,-1.01436,0.7925488,-1.493168
RWI,504.6069,-1.014295,0.7849325,-1.493756
RWI,504.616,-1.014316,0.777714,-1.494981
RWI,504.6229,-1.014691,0.771328,-1.49634
RWI,504.6316,-1.015416,0.7655475,-1.498022
RWI,504.6397,-1.016823,0.7613116,-1.499496
RWI,504.6482,-1.017972,0.755954,-1.500884
RWI,504.6566,-1.01948,0.7500947,-1.502242
RWI,504.6646,-1.020279,0.7441956,-1.504282
RWI,504.6736,-1.020569,0.7382004,-1.506035
RWI,504.683,-1.020321,0.7327273,-1.508561
RWI,504.6896,-1.020202,0.7267578,-1.510735
RWI,504.6984,-1.019522,0.7217944,-1.513464
RWI,504.7061,-1.01931,0.7161047,-1.515829
RWI,504.7151,-1.019355,0.7118643,-1.518824
RWI,504.7231,-1.019802,0.7079033,-1.521497
RWI,504.7312,-1.020724,0.7036395,-1.524455
RWI,504.7415,-1.021629,0.6995544,-1.527415
RWI,504.7495,-1.023072,0.6940657,-1.530194
RWI,504.7568,-1.023924,0.6913515,-1.533627
RWI,504.7659,-1.025472,0.6893042,-1.53671
RWI,504.7731,-1.027181,0.6870814,-1.540362
RWI,504.7812,-1.030099,0.6861682,-1.539433
RWI,504.7898,-1.03602,0.6852894,-1.541828
RWI,504.7979,-1.03852,0.6829078,-1.550462
RWI,504.8068,-1.043341,0.6824214,-1.553867
RWI,504.8155,-1.04844,0.6817298,-1.55733
RWI,504.8231,-1.052489,0.6811045,-1.560917
RWI,504.8313,-1.056032,0.6805943,-1.564446
RWI,504.8399,-1.058618,0.6799579,-1.568259
RWI,504.8481,-1.060593,0.6794671,-1.571928
RWI,504.8564,-1.062155,0.678939,-1.57443
RWI,504.8647,-1.063814,0.678449,-1.577093
RWI,504.8735,-1.065453,0.678259,-1.579098
RWI,504.8831,-1.066365,0.6778746,-1.581156
RWI,504.8896,-1.068076,0.6776628,-1.583949
RWI,504.8985,-1.069683,0.6777415,-1.586491
RWI,504.9095,-1.070647,0.6777316,-1.587802
RWI,504.9185,-1.072491,0.6779015,-1.590627
RWI,504.9237,-1.073246,0.6780487,-1.592711
RWI,504.9289,-1.073291,0.678066,-1.593463
RWI,504.9375,-1.07355,0.6782227,-1.59452
RWI,504.9463,-1.07369,0.6783619,-1.595916
RWI,504.9546,-1.074128,0.6789247,-1.596566
RWI,504.9631,-1.074815,0.6793696,-1.597072
RWI,504.9709,-1.074847,0.6799856,-1.595947
RWI,504.9794,-1.074691,0.6806518,-1.594647
RWI,504.9876,-1.074394,0.681259,-1.593622
RWI,504.996,-1.074059,0.682254,-1.592164
RWI,505.0043,-1.073982,0.6831713,-1.590617
RWI,505.013,-1.073479,0.684153,-1.588968
RWI,505.021,-1.073185,0.6853254,-1.587389
RWI,505.0294,-1.072845,0.6866935,-1.585143
RWI,505.0377,-1.072448,0.6882331,-1.583007
RWI,505.0464,-1.071951,0.6897457,-1.580533
RWI,505.0546,-1.071386,0.6915126,-1.578244
RWI,505.0645,-1.070578,0.6933814,-1.575154
RWI,505.0739,-1.069439,0.6956795,-1.570837
RWI,505.08,-1.067957,0.697381,-1.568636
RWI,505.0879,-1.066887,0.69943,-1.565731
RWI,505.0957,-1.065697,0.7017071,-1.561845
RWI,505.104,-1.064922,0.7041656,-1.557967
RWI,505.1123,-1.063207,0.7069027,-1.5529
RWI,505.1211,-1.061783,0.7097074,-1.548628
RWI,505.129,-1.059777,0.7122848,-1.544935
RWI,505.1376,-1.058446,0.7154647,-1.54104
RWI,505.1458,-1.056563,0.7186619,-1.536972
RWI,505.1542,-1.054486,0.7220683,-1.532985
RWI,505.1628,-1.051213,0.7287322,-1.531328
RWI,505.1709,-1.048111,0.73458,-1.528688
RWI,505.1792,-1.045074,0.7400793,-1.526522
RWI,505.1875,-1.0421,0.7455811,-1.523827
RWI,505.1963,-1.039052,0.7512974,-1.5211
RWI,505.2049,-1.035858,0.757239,-1.518555
RWI,505.2136,-1.03267,0.7635984,-1.516514
RWI,505.2214,-1.029572,0.7697891,-1.51457
RWI,505.2299,-1.026204,0.7759954,-1.513442
RWI,505.2381,-1.022954,0.7823938,-1.51219
RWI,505.2469,-1.019908,0.7891448,-1.510923
RWI,505.2549,-1.016988,0.795301,-1.509618
RWI,505.2629,-1.013959,0.801464,-1.509198
RWI,505.2715,-1.010901,0.8077279,-1.508529
RWI,505.2809,-1.007633,0.8138333,-1.508789
RWI,505.2881,-1.004323,0.8202379,-1.508947
RWI,505.2967,-1.000779,0.826349,-1.509984
RWI,505.3048,-0.9973951,0.8324499,-1.511387
RWI,505.3129,-0.994128,0.8384575,-1.513056
RWI,505.3214,-0.9909316,0.8444991,-1.515373
RWI,505.3297,-0.9879653,0.8506026,-1.517613
RWI,505.3397,-0.984992,0.8567439,-1.519945
RWI,505.3466,-0.9817237,0.8623124,-1.522087
RWI,505.3554,-0.9784172,0.8685985,-1.52438
RWI,505.3647,-0.9749581,0.8756361,-1.526791
RWI,505.3718,-0.9717422,0.8820658,-1.528915
RWI,505.3801,-0.9682334,0.8886176,-1.531797
RWI,505.3889,-0.965058,0.8956537,-1.534149
RWI,505.397,-0.9620706,0.902383,-1.536963
RWI,505.4062,-0.9591389,0.9095531,-1.539315
RWI,505.4147,-0.9562752,0.9165201,-1.541809
RWI,505.4227,-0.953154,0.9236698,-1.544863
RWI,505.431,-0.9505411,0.9307336,-1.548285
RWI,505.4393,-0.9478815,0.9378588,-1.552713
RWI,505.4511,-0.9455239,0.9447324,-1.556378
RWI,505.4586,-0.9431893,0.9510562,-1.560694
RWI,505.4643,-0.9410137,0.9588802,-1.566849
RWI,505.4725,-0.9397816,0.9632229,-1.56994
RWI,505.4818,-0.9382181,0.9685979,-1.574383
RWI,505.4897,-0.9367819,0.9749207,-1.579326
RWI,505.4973,-0.9351451,0.9810266,-1.584449
RWI,505.5056,-0.9338184,0.9870765,-1.589038
RWI,505.515,-0.9321588,0.992855,-1.593755
RWI,505.5254,-0.9305595,0.9994304,-1.599591
RWI,505.5323,-0.9289355,1.005952,-1.604443
RWI,505.539,-0.927627,1.011017,-1.608884
RWI,505.5478,-0.9264072,1.015538,-1.61206
RWI,505.5555,-0.9245498,1.021505,-1.615944
RWI,505.5649,-0.9232906,1.027199,-1.620261
RWI,505.5726,-0.9222211,1.033132,-1.624168
RWI,505.5804,-0.9207594,1.038333,-1.628
RWI,505.5887,-0.9203748,1.043523,-1.632168
RWI,505.5968,-0.9193977,1.048887,-1.636344
RWI,505.6064,-0.919481,1.053838,-1.640493
RWI,505.6144,-0.9194699,1.058334,-1.64411
RWI,505.6223,-0.9189711,1.063056,-1.647433
RWI,505.6302,-0.9186666,1.067084,-1.650286
RWI,505.6386,-0.9179686,1.071698,-1.653379
RWI,505.6473,-0.9174005,1.07637,-1.656068
RWI,505.6557,-0.9168451,1.081328,-1.658889
RWI,505.6663,-0.9155495,1.086362,-1.661928
RWI,505.6752,-0.9147521,1.092561,-1.665367
RWI,505.6808,-0.9140163,1.09778,-1.668131
RWI,505.6884,-0.9141403,1.10074,-1.669539
RWI,505.6964,-0.9135514,1.104854,-1.671706
RWI,505.7044,-0.9127012,1.109276,-1.673977
RWI,505.7126,-0.9123724,1.11375,-1.676083
RWI,505.7213,-0.9120177,1.117962,-1.677766
RWI,505.7299,-0.9112298,1.122251,-1.679035
RWI,505.7388,-0.9107653,1.126163,-1.68074
RWI,505.7472,-0.9104197,1.130046,-1.681833
RWI,505.7552,-0.9100748,1.134556,-1.682636
RWI,505.764,-0.909102,1.139192,-1.684325
RWI,505.7715,-0.9083786,1.143212,-1.685482
RWI,505.7796,-0.9075555,1.147639,-1.68714
RWI,505.7879,-0.9064933,1.151881,-1.687837
RWI,505.7961,-0.9051573,1.155899,-1.688662
RWI,505.8049,-0.9040592,1.159801,-1.688655
RWI,505.8136,-0.9030572,1.163594,-1.688528
RWI,505.8211,-0.9019052,1.167365,-1.688062
RWI,505.8296,-0.9004996,1.171228,-1.687782
RWI,505.8376,-0.8992344,1.175208,-1.687132
RWI,505.847,-0.897826,1.179424,-1.687038
RWI,505.8548,-0.8964313,1.183663,-1.686618
RWI,505.8629,-0.8952557,1.187889,-1.686504
RWI,505.8716,-0.8936894,1.192677,-1.686555
RWI,505.88,-0.8922765,1.197072,-1.686588
RWI,505.8882,-0.8903888,1.202212,-1.686927
RWI,505.8961,-0.8888116,1.207046,-1.687068
RWI,505.9045,-0.8872088,1.212157,-1.686928
RWI,505.913,-0.8856872,1.217017,-1.686944
RWI,505.9213,-0.8843392,1.221998,-1.686794
RWI,505.9293,-0.8831056,1.226905,-1.68623
RWI,505.9379,-0.8820192,1.231809,-1.686069
RWI,505.9473,-0.8812459,1.236752,-1.685566
RWI,505.955,-0.880314,1.24187,-1.685437
RWI,505.9643,-0.8795636,1.246933,-1.684407
RWI,505.9739,-0.8788427,1.251934,-1.683433
RWI,505.9828,-0.8779918,1.257951,-1.682094
RWI,505.9886,-0.8770301,1.262933,-1.680351
RWI,505.9968,-0.876459,1.265938,-1.679237
RWI,506.005,-0.8755702,1.270558,-1.677645
RWI,506.0137,-0.8748466,1.27524,-1.675278
RWI,506.0214,-0.8743279,1.27976,-1.673575
RWI,506.0298,-0.8737395,1.284289,-1.671704
RWI,506.0387,-0.8733351,1.288461,-1.669651
RWI,506.0467,-0.8736331,1.292444,-1.667435
RWI,506.055,-0.8733126,1.296503,-1.665301
RWI,506.063,-0.8730723,1.30042,-1.662867
RWI,506.0722,-0.8727503,1.304087,-1.660465
RWI,506.0806,-0.8723656,1.307471,-1.657787
RWI,506.089,-0.8721383,1.310591,-1.655023
RWI,506.0964,-0.8720736,1.313309,-1.652091
RWI,506.1051,-0.8719126,1.315615,-1.648916
RWI,506.113,-0.8715881,1.31745,-1.645467
RWI,506.1219,-0.8711233,1.31878,-1.642019
RWI,506.131,-0.8701787,1.319901,-1.638258
RWI,506.1402,-0.8684039,1.32067,-1.633689
RWI,506.1468,-0.8673315,1.321292,-1.62977
RWI,506.1546,-0.8663621,1.321502,-1.62628
RWI,506.1647,-0.8650212,1.321414,-1.622156
RWI,506.1717,-0.8642887,1.320612,-1.617712
RWI,506.1798,-0.8630129,1.319592,-1.613635
RWI,506.1881,-0.8623449,1.318874,-1.609774
RWI,506.1967,-0.862655,1.317996,-1.606753
RWI,506.2053,-0.8628572,1.318381,-1.604524
RWI,506.2137,-0.863318,1.318759,-1.601836
RWI,506.2216,-0.8637141,1.321007,-1.600905
RWI,506.2297,-0.864258,1.322973,-1.599395
RWI,506.2381,-0.8645821,1.324619,-1.597669
RWI,506.247,-0.8646847,1.326196,-1.595832
RWI,506.2547,-0.8647412,1.327074,-1.594196
RWI,506.2632,-0.8650386,1.327131,-1.59264
RWI,506.2722,-0.8653229,1.327038,-1.591132
RWI,506.2813,-0.8658296,1.326465,-1.590398
RWI,506.2889,-0.8664052,1.326449,-1.589367
RWI,506.2971,-0.8667839,1.326581,-1.588144
RWI,506.3055,-0.8672621,1.326655,-1.587534
RWI,506.3137,-0.8674151,1.326756,-1.586367
RWI,506.3228,-0.8677772,1.326692,-1.585559
RWI,506.3307,-0.8677843,1.326469,-1.584591
RWI,506.3394,-0.8676773,1.326625,-1.583415
RWI,506.3482,-0.8679917,1.32625,-1.582776
RWI,506.3556,-0.8684167,1.325796,-1.582098
RWI,506.3647,-0.8689047,1.325607,-1.581291
RWI,506.3728,-0.8695407,1.325312,-1.580818
RWI,506.3805,-0.8698123,1.325184,-1.579886
RWI,506.3891,-0.8700316,1.324847,-1.579489
RWI,506.3972,-0.8700285,1.324576,-1.578672
RWI,506.4063,-0.870132,1.324286,-1.578286
RWI,506.4147,-0.8703352,1.323996,-1.57794
RWI,506.4228,-0.87047,1.32396,-1.577724
RWI,506.4307,-0.8707292,1.32391,-1.577521
RWI,506.4392,-0.8707459,1.323693,-1.577346
RWI,506.448,-0.8709739,1.323526,-1.57754
RWI,506.4562,-0.8710359,1.32309,-1.577622
RWI,506.4641,-0.8710905,1.322915,-1.577561
RWI,506.473,-0.8712916,1.322724,-1.577724
RWI,506.4828,-0.8713343,1.32278,-1.578007
RWI,506.4892,-0.8711458,1.32334,-1.578425
RWI,506.4976,-0.8709797,1.323859,-1.578718
RWI,506.5059,-0.8706896,1.323994,-1.5789
RWI,506.5143,-0.8703987,1.322709,-1.579021
RWI,506.5228,-0.8702751,1.321322,-1.579263
RWI,506.5312,-0.8697645,1.320071,-1.57927
RWI,506.5395,-0.8695973,1.31934,-1.579415
RWI,506.5485,-0.8694106,1.318241,-1.579862
RWI,506.5562,-0.8693775,1.317331,-1.580086
RWI,506.5653,-0.8696935,1.316427,-1.581009
RWI,506.5728,-0.8699743,1.316242,-1.581459
RWI,506.5812,-0.870038,1.316148,-1.582151
RWI,506.5893,-0.8702849,1.31627,-1.582818
RWI,506.598,-0.8704842,1.316586,-1.583524
RWI,506.6064,-0.8706447,1.316828,-1.584397
RWI,506.6154,-0.8704823,1.317234,-1.584949
RWI,506.6227,-0.8708745,1.317734,-1.585625
RWI,506.6309,-0.8712125,1.318248,-1.586351
RWI,506.6393,-0.8716391,1.318141,-1.58722
RWI,506.648,-0.8721294,1.31855,-1.588123
RWI,506.6559,-0.8726417,1.319094,-1.588978
RWI,506.6643,-0.8733046,1.31968,-1.5902
RWI,506.6735,-0.8740329,1.320369,-1.591248
RWI,506.6825,-0.8748834,1.321088,-1.592231
RWI,506.6896,-0.8762453,1.321767,-1.593763
RWI,506.6975,-0.8771724,1.322551,-1.595026
RWI,506.7062,-0.8782505,1.323206,-1.596254
RWI,506.7143,-0.8793915,1.323804,-1.597522
RWI,506.7231,-0.880831,1.324314,-1.599079
RWI,506.7337,-0.8822091,1.324981,-1.600442
RWI,506.7443,-0.8844652,1.325742,-1.602425
RWI,506.7507,-0.8866166,1.326223,-1.604287
RWI,506.7562,-0.8882987,1.326436,-1.605606
RWI,506.7633,-0.8894675,1.326609,-1.606554
RWI,506.7711,-0.8909547,1.326867,-1.607564
RWI,506.7789,-0.8926014,1.327078,-1.609126
RWI,506.788,-0.8945811,1.327131,-1.61051
RWI,506.7955,-0.8966187,1.327313,-1.611984
RWI,506.804,-0.8986582,1.327187,-1.61332
RWI,506.8126,-0.9009043,1.327022,-1.614583
RWI,506.8208,-0.9030112,1.326872,-1.615889
RWI,506.8291,-0.9051528,1.326301,-1.616977
RWI,506.8371,-0.9075544,1.325447,-1.618395
RWI,506.846,-0.9098937,1.324867,-1.619436
RWI,506.8537,-0.9121318,1.324175,-1.620437
RWI,506.8619,-0.9147441,1.322844,-1.621349
RWI,506.8707,-0.9170415,1.321682,-1.622353
RWI,506.8795,-0.9197583,1.320116,-1.623249
RWI,506.8872,-0.9224176,1.318329,-1.623792
RWI,506.8956,-0.9247972,1.316431,-1.624354
RWI,506.904,-0.9272169,1.314259,-1.624777
RWI,506.912,-0.9297905,1.312008,-1.625276
RWI,506.9209,-0.9323825,1.309513,-1.625529
RWI,506.929,-0.9349878,1.306757,-1.625644
RWI,506.937,-0.9374583,1.303956,-1.625746
RWI,506.9456,-0.9399514,1.300679,-1.625546
RWI,506.954,-0.9424366,1.297655,-1.625453
RWI,506.9627,-0.9448417,1.294269,-1.625141
RWI,506.9707,-0.9473237,1.290578,-1.624707
RWI,506.9788,-0.9497856,1.286615,-1.623894
RWI,506.9872,-0.952089,1.282607,-1.623214
RWI,506.9959,-0.9544851,1.27851,-1.622244
RWI,507.0039,-0.9568129,1.274405,-1.621373
RWI,507.0126,-0.9589244,1.269546,-1.620041
RWI,507.0204,-0.9609416,1.264844,-1.618591
RWI,507.0295,-0.9631951,1.259684,-1.617145
RWI,507.037,-0.9652344,1.254458,-1.615416
RWI,507.0464,-0.9670478,1.249284,-1.613434
RWI,507.0539,-0.9689817,1.243526,-1.611325
RWI,507.0627,-0.970523,1.23763,-1.608881
RWI,507.0715,-0.9723951,1.231834,-1.606327
RWI,507.0802,-0.9737733,1.225461,-1.603699
RWI,507.0883,-0.9756315,1.219429,-1.600831
RWI,507.0962,-0.9770892,1.212987,-1.598043
RWI,507.105,-0.978483,1.206154,-1.594779
RWI,507.1136,-0.9800159,1.199035,-1.591598
RWI,507.1223,-0.9814235,1.192014,-1.588455
RWI,507.1305,-0.982712,1.18445,-1.584972
RWI,507.1393,-0.9842304,1.17697,-1.581587
RWI,507.1484,-0.9854217,1.169343,-1.578003
RWI,507.1563,-0.986674,1.160955,-1.574527
RWI,507.1651,-0.9880128,1.15319,-1.570827
RWI,507.1729,-0.9890832,1.144829,-1.567123
RWI,507.181,-0.9900663,1.136769,-1.563443
RWI,507.1895,-0.9919818,1.128778,-1.5595
RWI,507.1977,-0.993588,1.120675,-1.555414
RWI,507.2072,-0.994997,1.112464,-1.551403
RWI,507.2148,-0.9964985,1.104167,-1.547653
RWI,507.2229,-0.9977747,1.095596,-1.543616
RWI,507.231,-0.9988533,1.086837,-1.539776
RWI,507.2393,-0.9999758,1.077883,-1.536282
RWI,507.2479,-1.000896,1.06883,-1.532611
RWI,507.2563,-1.001525,1.059533,-1.529248
RWI,507.2643,-1.001894,1.050448,-1.526291
RWI,507.2731,-1.002524,1.040878,-1.523495
RWI,507.2823,-1.002996,1.031299,-1.521379
RWI,507.2898,-1.003745,1.022048,-1.519046
RWI,507.2975,-1.004225,1.012764,-1.516429
RWI,507.3062,-1.004685,1.003836,-1.514735
RWI,507.314,-1.00533,0.9947555,-1.512874
RWI,507.3227,-1.005692,0.9854109,-1.511007
RWI,507.3312,-1.005857,0.9767675,-1.510022
RWI,507.3395,-1.005967,0.9677336,-1.508705
RWI,507.3484,-1.006359,0.9589994,-1.507596
RWI,507.3558,-1.006564,0.9501033,-1.506437
RWI,507.3656,-1.007059,0.9414083,-1.506
RWI,507.3726,-1.00746,0.9326859,-1.505332
RWI,507.3809,-1.008104,0.9243169,-1.505052
RWI,507.3893,-1.008495,0.916087,-1.504863
RWI,507.3974,-1.008686,0.907842,-1.504665
RWI,507.4064,-1.009193,0.8998538,-1.504968
RWI,507.4151,-1.009539,0.8919834,-1.504689
RWI,507.4225,-1.009645,0.8844997,-1.50486
RWI,507.4306,-1.009802,0.8768345,-1.504816
RWI,507.4392,-1.009929,0.8690343,-1.504808
RWI,507.4479,-1.009489,0.8619602,-1.50544
RWI,507.4558,-1.009485,0.8545125,-1.505867
RWI,507.4643,-1.009302,0.847522,-1.506615
RWI,507.4728,-1.009192,0.8404269,-1.50747
RWI,507.4825,-1.009045,0.8334976,-1.508252
RWI,507.4893,-1.009161,0.8263721,-1.509172
RWI,507.4976,-1.009342,0.8196258,-1.509976
RWI,507.5061,-1.009466,0.812747,-1.510793
RWI,507.5143,-1.009696,0.8060637,-1.51144
RWI,507.5228,-1.009767,0.7994592,-1.51233
RWI,507.5307,-1.010156,0.7932692,-1.513088
RWI,507.5398,-1.010547,0.7871764,-1.513774
RWI,507.552,-1.010912,0.7809145,-1.514529
RWI,507.5579,-1.012123,0.772174,-1.515974
RWI,507.5659,-1.01266,0.7677721,-1.516863
RWI,507.5724,-1.012965,0.7631903,-1.517972
RWI,507.5803,-1.013381,0.7582862,-1.518836
RWI,507.5888,-1.01395,0.7529923,-1.520461
RWI,507.5968,-1.014302,0.7476328,-1.52157
RWI,507.606,-1.014748,0.7424561,-1.522682
RWI,507.6142,-1.01532,0.7375773,-1.523752
RWI,507.6223,-1.015812,0.7328894,-1.524883
RWI,507.6304,-1.016443,0.7282872,-1.526066
RWI,507.639,-1.01708,0.7239783,-1.52716
RWI,507.6474,-1.017645,0.7196798,-1.528276
RWI,507.6552,-1.018151,0.715633,-1.529252
RWI,507.6638,-1.018532,0.7121705,-1.53035
RWI,507.6725,-1.019377,0.7086648,-1.531313
RWI,507.6812,-1.020035,0.7046078,-1.53253
RWI,507.6895,-1.020771,0.7010864,-1.533975
RWI,507.6972,-1.021604,0.6973492,-1.535399
RWI,507.7053,-1.022392,0.6939378,-1.537004
RWI,507.7135,-1.024002,0.6917112,-1.537062
RWI,507.722,-1.030764,0.6899906,-1.534419
RWI,507.7303,-1.032949,0.6878668,-1.538213
RWI,507.739,-1.033126,0.6855159,-1.5467
RWI,507.7485,-1.035943,0.6839583,-1.550738
RWI,507.7552,-1.03895,0.6818193,-1.550244
RWI,507.7652,-1.041164,0.679432,-1.552454
RWI,507.7723,-1.043281,0.6774182,-1.555174
RWI,507.7816,-1.045936,0.6771661,-1.555935
RWI,507.7886,-1.047879,0.6755099,-1.558502
RWI,507.7972,-1.049981,0.6745137,-1.558237
RWI,507.8058,-1.051557,0.672479,-1.558641
RWI,507.8138,-1.053527,0.6704997,-1.55954
RWI,507.8223,-1.054883,0.6693881,-1.559059
RWI,507.8304,-1.05699,0.6677759,-1.558869
RWI,507.8388,-1.059158,0.6672226,-1.557845
RWI,507.8477,-1.060766,0.6657553,-1.557535
RWI,507.8557,-1.061853,0.6645465,-1.557108
RWI,507.8642,-1.06241,0.6638115,-1.556729
RWI,507.8728,-1.063028,0.663657,-1.555932
RWI,507.8817,-1.063341,0.663236,-1.555278
RWI,507.8902,-1.063531,0.6635182,-1.554273
RWI,507.8979,-1.063408,0.6641425,-1.553175
RWI,507.9058,-1.063356,0.6650681,-1.551699
RWI,507.914,-1.063339,0.6657308,-1.550677
RWI,507.9226,-1.062499,0.6665614,-1.547847
RWI,507.9306,-1.06139,0.6679044,-1.545497
RWI,507.9397,-1.060189,0.6692855,-1.5429
RWI,507.9491,-1.059255,0.6706533,-1.540699
RWI,507.9597,-1.058302,0.6719403,-1.537812
RWI,507.9701,-1.056052,0.6740868,-1.533983
RWI,507.9785,-1.053598,0.6770609,-1.530537
RWI,507.9872,-1.051481,0.6795841,-1.528395
RWI,507.9952,-1.04905,0.6827825,-1.526236
RWI,508.004,-1.046681,0.685539,-1.524209
RWI,508.0122,-1.04412,0.6890347,-1.522209
RWI,508.0204,-1.041542,0.6927023,-1.520195
RWI,508.0284,-1.039117,0.6960014,-1.518158
RWI,508.037,-1.036437,0.6995991,-1.515518
RWI,508.0456,-1.034225,0.7030156,-1.513007
RWI,508.0535,-1.031933,0.7064089,-1.510324
RWI,508.0617,-1.029337,0.7091118,-1.508409
RWI,508.07,-1.026752,0.7127875,-1.505954
RWI,508.079,-1.024478,0.7171363,-1.503459
RWI,508.0872,-1.021447,0.7211418,-1.502032
RWI,508.0953,-1.018704,0.7252304,-1.499926
RWI,508.1036,-1.015661,0.72875,-1.498283
RWI,508.1119,-1.013207,0.7332172,-1.496478
RWI,508.1202,-1.010005,0.7379587,-1.494655
RWI,508.1285,-1.007188,0.7420003,-1.493349
RWI,508.1368,-1.00389,0.7470094,-1.491771
RWI,508.1455,-1.001001,0.7515959,-1.490701
RWI,508.1537,-0.9980526,0.7563761,-1.489378
RWI,508.162,-0.9947508,0.7611129,-1.488423
RWI,508.1703,-0.9921416,0.7661281,-1.487839
RWI,508.1783,-0.988945,0.771168,-1.487673
RWI,508.1867,-0.9863452,0.7765442,-1.487718
RWI,508.1953,-0.9833814,0.781677,-1.487905
RWI,508.2034,-0.9810526,0.7873487,-1.488211
RWI,508.2128,-0.9785556,0.7929708,-1.4887
RWI,508.2203,-0.9760576,0.7989593,-1.48947
RWI,508.2284,-0.9738096,0.8043104,-1.490648
RWI,508.2368,-0.9714584,0.8100675,-1.492071
RWI,508.2462,-0.9691234,0.8157154,-1.493902
RWI,508.2538,-0.9667627,0.8217789,-1.49611
RWI,508.2617,-0.9645218,0.8273522,-1.498939
RWI,508.27,-0.9621573,0.8332337,-1.502857
RWI,508.279,-0.9599215,0.8390801,-1.506409
RWI,508.2872,-0.9576435,0.8448505,-1.510288
RWI,508.2954,-0.9553949,0.8509967,-1.51419
RWI,508.3039,-0.9533632,0.8564534,-1.518111
RWI,508.3118,-0.9513911,0.8622836,-1.52219
RWI,508.32,-0.9492305,0.8682342,-1.526386
RWI,508.3289,-0.94736,0.8740517,-1.531476
RWI,508.3372,-0.9451323,0.8802951,-1.536357
RWI,508.3482,-0.9430285,0.8862358,-1.541135
RWI,508.3553,-0.9407985,0.8926089,-1.54573
RWI,508.3635,-0.938167,0.9001743,-1.550833
RWI,508.3721,-0.9364877,0.9057183,-1.55431
RWI,508.3796,-0.9345239,0.9133242,-1.558343
RWI,508.3888,-0.9324642,0.9205055,-1.56278
RWI,508.397,-0.9304582,0.9277804,-1.567102
RWI,508.4059,-0.9286426,0.9355238,-1.57153
RWI,508.4171,-0.9268707,0.9434342,-1.575892
RWI,508.4281,-0.9248144,0.9529758,-1.581114
RWI,508.4336,-0.9224399,0.9652035,-1.587759
RWI,508.4391,-0.9220881,0.9709491,-1.59078
RWI,508.4455,-0.9215491,0.9766918,-1.593936
RWI,508.4539,-0.9212523,0.9837577,-1.598178
RWI,508.4616,-0.9209874,0.9927589,-1.603549
RWI,508.4699,-0.9212715,1.002022,-1.60907
RWI,508.4789,-0.9216982,1.011312,-1.614866
RWI,508.4875,-0.9218858,1.020368,-1.620544
RWI,508.4952,-0.9219334,1.029662,-1.626268
RWI,508.5037,-0.9220687,1.038729,-1.631529
RWI,508.5121,-0.921894,1.048171,-1.636686
RWI,508.5201,-0.9214883,1.057588,-1.641814
RWI,508.5288,-0.9209515,1.066308,-1.647004
RWI,508.5367,-0.9198067,1.074838,-1.651938
RWI,508.5465,-0.9189251,1.083054,-1.65698
RWI,508.5534,-0.9175857,1.09166,-1.662442
RWI,508.5627,-0.915897,1.099059,-1.667368
RWI,508.5739,-0.9143991,1.106614,-1.672365
RWI,508.5829,-0.9118403,1.117382,-1.679516
RWI,508.5878,-0.9092258,1.124645,-1.685577
RWI,508.5953,-0.9077349,1.128888,-1.688581
RWI,508.6033,-0.9060242,1.133588,-1.692859
RWI,508.6122,-0.9041404,1.138752,-1.697439
RWI,508.6202,-0.9018636,1.143286,-1.702024
RWI,508.6286,-0.8991851,1.14768,-1.705752
RWI,508.6368,-0.8966017,1.151444,-1.708783
RWI,508.6458,-0.8942994,1.155333,-1.712273
RWI,508.6536,-0.8917813,1.158335,-1.715266
RWI,508.662,-0.8892598,1.160766,-1.718089
RWI,508.6701,-0.8872581,1.163057,-1.720045
RWI,508.6787,-0.8857583,1.165561,-1.721706
RWI,508.687,-0.8843127,1.168386,-1.723264
RWI,508.6951,-0.8829625,1.171505,-1.724678
RWI,508.7035,-0.8816537,1.174569,-1.725736
RWI,508.7117,-0.8804219,1.178137,-1.726469
RWI,508.7202,-0.8795474,1.181213,-1.727542
RWI,508.7286,-0.878378,1.184869,-1.728244
RWI,508.7368,-0.8773326,1.188121,-1.72899
RWI,508.7451,-0.8761604,1.191977,-1.729581
RWI,508.7535,-0.8749185,1.195844,-1.729806
RWI,508.7629,-0.8739028,1.199487,-1.730161
RWI,508.7711,-0.8726308,1.203305,-1.729934
RWI,508.7787,-0.8714349,1.207087,-1.729211
RWI,508.7869,-0.8702416,1.210736,-1.728423
RWI,508.7949,-0.8690989,1.214282,-1.727671
RWI,508.8033,-0.8678372,1.218371,-1.726929
RWI,508.8117,-0.8666703,1.221885,-1.725137
RWI,508.8201,-0.8653203,1.225814,-1.724028
RWI,508.8282,-0.8641421,1.229704,-1.722462
RWI,508.8369,-0.8633666,1.233428,-1.720617
RWI,508.8457,-0.8613904,1.238147,-1.718468
RWI,508.8534,-0.8606046,1.242235,-1.716609
RWI,508.8618,-0.8597282,1.246598,-1.714679
RWI,508.8705,-0.8589424,1.251018,-1.712528
RWI,508.8813,-0.8572646,1.256293,-1.709398
RWI,508.8916,-0.8560885,1.261994,-1.70618
RWI,508.8965,-0.8547293,1.267975,-1.702291
RWI,508.9032,-0.8541588,1.270779,-1.699947
RWI,508.9114,-0.853573,1.274013,-1.69732
RWI,508.9201,-0.8529639,1.277983,-1.693709
RWI,508.9283,-0.8525568,1.281738,-1.689614
RWI,508.9364,-0.8520346,1.285699,-1.6859
RWI,508.9452,-0.8522074,1.289469,-1.682004
RWI,508.9532,-0.8523749,1.293401,-1.677575
RWI,508.9614,-0.8521942,1.297441,-1.673485
RWI,508.9703,-0.8524208,1.301446,-1.668936
RWI,508.9781,-0.8520733,1.305159,-1.66402
RWI,508.9865,-0.8518013,1.308352,-1.658942
RWI,508.9954,-0.8513705,1.310934,-1.653727
RWI,509.0032,-0.8512574,1.31292,-1.648541
RWI,509.0119,-0.8519207,1.315834,-1.642949
RWI,509.0201,-0.8525962,1.318654,-1.638965
RWI,509.1132,-0.8527084,1.321843,-1.634191
RWI,509.1227,-0.8564568,1.346272,-1.590028
RWI,509.1284,-0.8567816,1.349474,-1.58544
RWI,509.1372,-0.8565067,1.34997,-1.582884
RWI,509.1452,-0.856598,1.350226,-1.580013
RWI,509.1534,-0.8567513,1.349955,-1.577081
RWI,509.1618,-0.8573095,1.349453,-1.574486
RWI,509.1705,-0.8582873,1.348609,-1.57295
RWI,509.1784,-0.8590912,1.348532,-1.570468
RWI,509.1866,-0.8600893,1.348996,-1.568184
RWI,509.1953,-0.8610665,1.349403,-1.566629
RWI,509.2035,-0.8619909,1.349882,-1.564309
RWI,509.2122,-0.8628182,1.350221,-1.562365
RWI,509.22,-0.8631305,1.350752,-1.560395
RWI,509.2281,-0.8641986,1.35109,-1.558743
RWI,509.2366,-0.8644959,1.351123,-1.557041
RWI,509.2457,-0.8650542,1.351175,-1.555461
RWI,509.2537,-0.8653424,1.351139,-1.554392
RWI,509.2616,-0.8653598,1.351173,-1.553151
RWI,509.2703,-0.8657209,1.351193,-1.552412
RWI,509.2815,-0.865786,1.351954,-1.551399
RWI,509.2918,-0.8660418,1.352574,-1.550037
RWI,509.2971,-0.8662566,1.353186,-1.548897
RWI,509.3031,-0.8661886,1.353208,-1.548483
RWI,509.3114,-0.8661816,1.353098,-1.548176
RWI,509.32,-0.8660859,1.352632,-1.54787
RWI,509.3281,-0.8660196,1.351866,-1.547687
RWI,509.3366,-0.8659867,1.350919,-1.547661
RWI,509.345,-0.8657039,1.3497,-1.547818
RWI,509.3532,-0.8657299,1.348368,-1.547969
RWI,509.3619,-0.8656318,1.347433,-1.547873
RWI,509.3701,-0.8656453,1.34612,-1.547796
RWI,509.3782,-0.86536,1.344882,-1.547985
RWI,509.3869,-0.8653839,1.343771,-1.547744
RWI,509.3951,-0.8651657,1.342638,-1.547445
RWI,509.4032,-0.864974,1.341598,-1.547492
RWI,509.4132,-0.8646883,1.340302,-1.547442
RWI,509.4198,-0.8643571,1.339476,-1.547562
RWI,509.4283,-0.8641201,1.338886,-1.547861
RWI,509.438,-0.8638178,1.338712,-1.548409
RWI,509.4483,-0.8633962,1.339672,-1.54895
RWI,509.4536,-0.8636474,1.339202,-1.549687
RWI,509.4616,-0.8637,1.338741,-1.549956
RWI,509.4698,-0.8638743,1.337315,-1.55041
RWI,509.4782,-0.8641337,1.335516,-1.551009
RWI,509.4872,-0.8643005,1.334569,-1.551614
RWI,509.4952,-0.8647245,1.33388,-1.552522
RWI,509.5032,-0.8653123,1.333449,-1.553684
RWI,509.5117,-0.8658907,1.333313,-1.554859
RWI,509.5199,-0.8665866,1.333237,-1.556035
RWI,509.5284,-0.8673194,1.333366,-1.557359
RWI,509.5365,-0.8679456,1.333814,-1.558924
RWI,509.5463,-0.8687863,1.334207,-1.560357
RWI,509.5533,-0.8697758,1.334648,-1.561866
RWI,509.5624,-0.8705687,1.334818,-1.563047
RWI,509.57,-0.8717339,1.335019,-1.564536
RWI,509.5783,-0.873099,1.335212,-1.566122
RWI,509.588,-0.8747398,1.335296,-1.567619
RWI,509.5964,-0.8767183,1.335686,-1.569694
RWI,509.6032,-0.8785119,1.335935,-1.571495
RWI,509.6124,-0.8798348,1.335874,-1.572971
RWI,509.6203,-0.8815724,1.336096,-1.574683
RWI,509.6282,-0.8833768,1.336304,-1.576418
RWI,509.6363,-0.8853123,1.336586,-1.578261
RWI,509.646,-0.8872997,1.336902,-1.580076
RWI,509.6537,-0.88958,1.337162,-1.582075
RWI,509.6623,-0.8919121,1.337207,-1.583649
RWI,509.6707,-0.894617,1.337326,-1.585965
RWI,509.6792,-0.896975,1.337231,-1.587713
RWI,509.6875,-0.899414,1.337047,-1.589505
RWI,509.6956,-0.9020955,1.336764,-1.591331
RWI,509.7038,-0.9047062,1.336499,-1.593151
RWI,509.712,-0.9073982,1.336038,-1.595106
RWI,509.7207,-0.9099808,1.335664,-1.596881
RWI,509.7292,-0.9127333,1.334789,-1.598597
RWI,509.7375,-0.9154669,1.334098,-1.600179
RWI,509.7469,-0.9181161,1.333209,-1.601926
RWI,509.7546,-0.9207263,1.33239,-1.603546
RWI,509.7638,-0.9233577,1.331258,-1.605102
RWI,509.7714,-0.9260378,1.33013,-1.60657
RWI,509.7801,-0.9287149,1.328875,-1.608092
RWI,509.7885,-0.931405,1.327428,-1.609503
RWI,509.7972,-0.9337212,1.325776,-1.611028
RWI,509.8057,-0.9363874,1.323751,-1.612195
RWI,509.8146,-0.9390097,1.321703,-1.613284
RWI,509.8223,-0.9416425,1.319442,-1.614232
RWI,509.8304,-0.9441146,1.317394,-1.615131
RWI,509.8387,-0.9469442,1.314203,-1.615918
RWI,509.8473,-0.9497579,1.311532,-1.616187
RWI,509.8556,-0.9521948,1.308449,-1.616563
RWI,509.8635,-0.9546586,1.30512,-1.616862
RWI,509.8726,-0.9572134,1.301882,-1.617064
RWI,509.8814,-0.9596623,1.298505,-1.61698
RWI,509.8897,-0.9620622,1.294725,-1.616879
RWI,509.8972,-0.9643307,1.29085,-1.616468
RWI,509.9053,-0.9666413,1.286834,-1.615907
RWI,509.9134,-0.9687912,1.282552,-1.615241
RWI,509.9225,-0.9708322,1.278205,-1.614209
RWI,509.9307,-0.9728747,1.273485,-1.613078
RWI,509.9387,-0.9749444,1.268418,-1.611779
RWI,509.9481,-0.9767772,1.263245,-1.610374
RWI,509.9557,-0.9787192,1.257906,-1.608778
RWI,509.9648,-0.98067,1.252282,-1.607067
RWI,509.9724,-0.9826105,1.246255,-1.604721
RWI,509.9805,-0.9842475,1.240156,-1.602736
RWI,509.9888,-0.9860007,1.233756,-1.600552
RWI,509.9972,-0.9877361,1.22721,-1.597869
RWI,510.0058,-0.9893503,1.220568,-1.595664
RWI,510.0138,-0.9910539,1.213659,-1.593206
RWI,510.0222,-0.9925858,1.206707,-1.590418
RWI,510.0304,-0.9939607,1.199285,-1.587689
RWI,510.0392,-0.9957225,1.192535,-1.585051
RWI,510.0472,-0.9969805,1.184886,-1.582029
RWI,510.0555,-0.9984883,1.177262,-1.57905
RWI,510.0637,-0.9999663,1.169703,-1.575951
RWI,510.0724,-1.001286,1.161642,-1.572831
RWI,510.0813,-1.002533,1.153482,-1.569639
RWI,510.0899,-1.003919,1.145469,-1.56647
RWI,510.0973,-1.005158,1.137051,-1.563443
RWI,510.1055,-1.00619,1.12892,-1.560381
RWI,510.1137,-1.007461,1.121019,-1.557343
RWI,510.1221,-1.008366,1.113023,-1.554297
RWI,510.1308,-1.009165,1.105314,-1.551519
RWI,510.1391,-1.010067,1.097363,-1.548415
RWI,510.1479,-1.010974,1.089048,-1.545458
RWI,510.1552,-1.011505,1.080898,-1.542783
RWI,510.1656,-1.012334,1.072814,-1.54016
RWI,510.1723,-1.012765,1.064449,-1.537925
RWI,510.1801,-1.013169,1.056553,-1.53574
RWI,510.189,-1.013565,1.04848,-1.53376
RWI,510.1974,-1.014176,1.040206,-1.53171
RWI,510.2057,-1.014511,1.032156,-1.529962
RWI,510.2147,-1.014719,1.024498,-1.528658
RWI,510.2221,-1.015023,1.016286,-1.527047
RWI,510.2303,-1.015233,1.008844,-1.525655
RWI,510.2388,-1.015752,1.001242,-1.524463
RWI,510.2477,-1.016405,0.9938074,-1.522991
RWI,510.2552,-1.017551,0.9860896,-1.521312
RWI,510.2639,-1.018412,0.978514,-1.519789
RWI,510.2722,-1.019183,0.9711726,-1.518358
RWI,510.2811,-1.01972,0.9636415,-1.517122
RWI,510.2887,-1.020338,0.9561848,-1.515637
RWI,510.2973,-1.020926,0.9487411,-1.514293
RWI,510.3055,-1.021032,0.9413719,-1.513252
RWI,510.3134,-1.021528,0.9337196,-1.511895
RWI,510.3222,-1.021757,0.9259635,-1.510604
RWI,510.3302,-1.021598,0.9184242,-1.509634
RWI,510.3393,-1.021678,0.9107058,-1.508361
RWI,510.348,-1.021238,0.9029419,-1.507199
RWI,510.3558,-1.021372,0.8948497,-1.506235
RWI,510.3647,-1.020946,0.8870454,-1.505344
RWI,510.3727,-1.02073,0.8790468,-1.504514
RWI,510.3803,-1.020463,0.8710298,-1.503696
RWI,510.3886,-1.020159,0.8631407,-1.503366
RWI,510.3969,-1.019984,0.8553385,-1.503085
RWI,510.4055,-1.020006,0.8477727,-1.502763
RWI,510.4146,-1.01992,0.840071,-1.502558
RWI,510.4221,-1.01971,0.8326125,-1.502608
RWI,510.4303,-1.019658,0.825137,-1.502531
RWI,510.4385,-1.01968,0.8177434,-1.502582
RWI,510.4474,-1.019779,0.8104275,-1.502839
RWI,510.4554,-1.019871,0.8032886,-1.503175
RWI,510.4635,-1.019792,0.7970489,-1.503842
RWI,510.4725,-1.019914,0.7899765,-1.504266
RWI,510.4815,-1.020315,0.7839417,-1.505343
RWI,510.4898,-1.020808,0.7777591,-1.506159
RWI,510.4971,-1.021565,0.771904,-1.507303
RWI,510.5055,-1.022347,0.7663144,-1.50855
RWI,510.5135,-1.023132,0.7604895,-1.509697
RWI,510.5219,-1.0242,0.7549142,-1.511138
RWI,510.5301,-1.02498,0.7492076,-1.512954
RWI,510.5399,-1.025697,0.7435823,-1.514998
RWI,510.5486,-1.026161,0.7376598,-1.517381
RWI,510.5554,-1.025885,0.7339909,-1.521171
RWI,510.565,-1.02585,0.730106,-1.524658
RWI,510.5721,-1.025564,0.7258941,-1.529676
RWI,510.5804,-1.025234,0.7227165,-1.534008
RWI,510.5886,-1.024915,0.7196969,-1.538425
RWI,510.597,-1.024753,0.7166145,-1.54277
RWI,510.6057,-1.024884,0.7137436,-1.547472
RWI,510.6146,-1.025162,0.711076,-1.551688
RWI,510.6219,-1.025421,0.70887,-1.555739
RWI,510.6304,-1.025766,0.7065468,-1.559072
RWI,510.6388,-1.026495,0.7045386,-1.562367
RWI,510.6472,-1.027692,0.7028903,-1.564802
RWI,510.6553,-1.028175,0.7009797,-1.568018
RWI,510.6636,-1.029274,0.6996016,-1.571106
RWI,510.6725,-1.030591,0.69853,-1.573855
RWI,510.681,-1.031966,0.6976011,-1.576892
RWI,510.6896,-1.034464,0.6972359,-1.578885
RWI,510.6972,-1.036778,0.6969638,-1.58013
RWI,510.7052,-1.041101,0.6972352,-1.58133
RWI,510.7136,-1.042313,0.6962486,-1.585573
RWI,510.722,-1.044267,0.6963574,-1.586226
RWI,510.7302,-1.046451,0.6962204,-1.587829
RWI,510.7386,-1.048146,0.6959999,-1.590028
RWI,510.748,-1.049323,0.6959503,-1.590456
RWI,510.7554,-1.050757,0.6966032,-1.589861
RWI,510.765,-1.051722,0.6973523,-1.587654
RWI,510.7721,-1.05304,0.698142,-1.586515
RWI,510.7804,-1.053253,0.6990486,-1.582656
RWI,510.7898,-1.053546,0.7000871,-1.580807
RWI,510.7981,-1.052969,0.7011214,-1.578191
RWI,510.8055,-1.052445,0.7025083,-1.575032
RWI,510.8149,-1.052128,0.7036389,-1.572544
RWI,510.8249,-1.051468,0.7051876,-1.569207
RWI,510.8349,-1.050674,0.706934,-1.565247
RWI,510.841,-1.049393,0.7089524,-1.560834
RWI,510.8472,-1.048417,0.710395,-1.558521
RWI,510.8534,-1.047871,0.7121603,-1.555913
RWI,510.8614,-1.046722,0.7137853,-1.55351
RWI,510.8697,-1.044395,0.7157442,-1.549972
RWI,510.8788,-1.042374,0.7178559,-1.546714
RWI,510.8869,-1.039503,0.7200945,-1.544108
RWI,510.8946,-1.036886,0.7224453,-1.541142
RWI,510.9029,-1.033403,0.7245935,-1.539229
RWI,510.9113,-1.029877,0.7269651,-1.536884
RWI,510.9199,-1.02743,0.7298691,-1.534198
RWI,510.9279,-1.02466,0.7328264,-1.530871
RWI,510.9361,-1.021631,0.7361727,-1.526914
RWI,510.9457,-1.018677,0.7398975,-1.522489
RWI,510.9534,-1.015472,0.7438464,-1.518336
RWI,510.9612,-1.01285,0.7478885,-1.514237
RWI,510.9704,-1.009456,0.7517983,-1.511011
RWI,510.9797,-1.00603,0.7561532,-1.507316
RWI,510.9883,-1.000812,0.7605628,-1.503657
RWI,510.9949,-0.9968747,0.7650135,-1.500476
RWI,511.0029,-0.993581,0.7686507,-1.499271
RWI,511.0114,-0.9892958,0.7731073,-1.496592
RWI,511.0199,-0.9851521,0.7776361,-1.493911
RWI,511.0279,-0.9809378,0.7818696,-1.492185
RWI,511.0361,-0.9770283,0.7894722,-1.491477
RWI,511.0458,-0.9725195,0.797676,-1.492499
RWI,511.0529,-0.9680999,0.8054401,-1.492558
RWI,511.0613,-0.9643067,0.8138157,-1.493741
RWI,511.0694,-0.9605833,0.8218856,-1.495295
RWI,511.0788,-0.9571514,0.8300776,-1.497199
RWI,511.0865,-0.9539724,0.8384491,-1.499365
RWI,511.095,-0.9510261,0.8467276,-1.501952
RWI,511.1031,-0.9482512,0.8550351,-1.504871
RWI,511.1112,-0.9460303,0.862682,-1.508032
RWI,511.1198,-0.9434586,0.8707444,-1.511664
RWI,511.1304,-0.9408435,0.878454,-1.515409
RWI,511.1379,-0.9382637,0.8858671,-1.520049
RWI,511.1446,-0.9348907,0.8943613,-1.525226
RWI,511.1532,-0.9327965,0.9001417,-1.528901
RWI,511.1622,-0.9294478,0.9068784,-1.533794
RWI,511.1707,-0.9259436,0.9136178,-1.538306
RWI,511.1786,-0.9214654,0.9199559,-1.542633
RWI,511.1872,-0.9167827,0.9269751,-1.547138
RWI,511.1957,-0.9139091,0.9332898,-1.55173
RWI,511.2044,-0.9104668,0.9397964,-1.555416
RWI,511.2149,-0.9084365,0.9477531,-1.560687
RWI,511.222,-0.9066972,0.9543061,-1.563956
RWI,511.2299,-0.9053793,0.9617811,-1.568705
RWI,511.2382,-0.9028823,0.9693394,-1.573641
RWI,511.2469,-0.9025568,0.9763545,-1.578185
RWI,511.2547,-0.9013869,0.9841201,-1.58304
RWI,511.2632,-0.9007609,0.9911618,-1.587139
RWI,511.2717,-0.8998165,0.9980416,-1.591327
RWI,511.2809,-0.8991748,1.005174,-1.595548
RWI,511.2919,-0.8985546,1.011751,-1.599618
RWI,511.3017,-0.8975219,1.020834,-1.605404
RWI,511.3111,-0.8970754,1.02806,-1.609913
RWI,511.3194,-0.8973804,1.035096,-1.61439
RWI,511.3285,-0.8976187,1.041534,-1.617877
RWI,511.3363,-0.8976979,1.047845,-1.621259
RWI,511.3451,-0.8984126,1.054795,-1.624424
RWI,511.3527,-0.8990054,1.06167,-1.627464
RWI,511.3611,-0.8997476,1.068447,-1.630383
RWI,511.3701,-0.9003978,1.075221,-1.633057
RWI,511.3781,-0.9008347,1.081708,-1.635636
RWI,511.3864,-0.9018697,1.088274,-1.637935
RWI,511.3946,-0.9022457,1.094253,-1.640301
RWI,511.4027,-0.9032542,1.100237,-1.642411
RWI,511.4117,-0.9039917,1.106004,-1.644301
RWI,511.4195,-0.9041306,1.111443,-1.64594
RWI,511.4283,-0.9053049,1.117197,-1.647654
RWI,511.4367,-0.9052839,1.122503,-1.649435
RWI,511.445,-0.9061845,1.128393,-1.65095
RWI,511.4529,-0.9067932,1.133901,-1.652725
RWI,511.4617,-0.906969,1.139158,-1.654623
RWI,511.4693,-0.9080291,1.14503,-1.657053
RWI,511.478,-0.9084057,1.150243,-1.659801
RWI,511.4868,-0.9091574,1.15644,-1.662326
RWI,511.4946,-0.9094654,1.162248,-1.664856
RWI,511.5029,-0.9087061,1.167352,-1.666659
RWI,511.5113,-0.9090768,1.17306,-1.668054
RWI,511.5194,-0.9075585,1.177329,-1.669272
RWI,511.5277,-0.9077027,1.181954,-1.669343
RWI,511.5359,-0.9072995,1.186113,-1.668943
RWI,511.5463,-0.9064913,1.190228,-1.668855
RWI,511.5526,-0.9053534,1.19425,-1.66846
RWI,511.5611,-0.9050872,1.197482,-1.668149
RWI,511.5696,-0.9044553,1.201438,-1.668417
RWI,511.5777,-0.9038664,1.205616,-1.668229
RWI,511.5864,-0.9030255,1.209751,-1.668075
RWI,511.5952,-0.9023585,1.214036,-1.668004
RWI,511.6029,-0.9016444,1.218098,-1.667647
RWI,511.6116,-0.9009618,1.222039,-1.667183
RWI,511.6194,-0.9000899,1.226183,-1.666738
RWI,511.6277,-0.8991358,1.230381,-1.66612
RWI,511.6366,-0.8983654,1.234837,-1.666249
RWI,511.6454,-0.8975143,1.239329,-1.665873
RWI,511.6537,-0.8966532,1.24361,-1.66538
RWI,511.6621,-0.8958937,1.247783,-1.664618
RWI,511.6708,-0.8952017,1.251575,-1.662779
RWI,511.6792,-0.8942806,1.254904,-1.660247
RWI,511.6877,-0.8930442,1.258743,-1.658221
RWI,511.6962,-0.8919019,1.26253,-1.655979
RWI,511.7045,-0.8905241,1.266416,-1.654422
RWI,511.7132,-0.8891649,1.270367,-1.652563
RWI,511.7218,-0.8880033,1.27426,-1.650346
RWI,511.73,-0.8867485,1.277834,-1.647579
RWI,511.7384,-0.8852236,1.280735,-1.643274
RWI,511.7484,-0.8838446,1.28343,-1.639434
RWI,511.758,-0.8823861,1.285536,-1.63455
RWI,511.769,-0.8809099,1.288665,-1.629072
RWI,511.7785,-0.8797334,1.292248,-1.624883
RWI,511.7878,-0.8787811,1.295729,-1.620616
RWI,511.7948,-0.8776238,1.299658,-1.616878
RWI,511.8036,-0.8769976,1.302536,-1.613761
RWI,511.8123,-0.8761605,1.306045,-1.610441
RWI,511.8198,-0.8754081,1.309234,-1.606829
RWI,511.828,-0.8756502,1.312646,-1.603689
RWI,511.8361,-0.8756576,1.315309,-1.600371
RWI,511.8455,-0.8758791,1.319041,-1.596484
RWI,511.8529,-0.8753771,1.321554,-1.592295
RWI,511.8613,-0.8747805,1.323967,-1.589092
RWI,511.8695,-0.873857,1.325912,-1.585175
RWI,511.878,-0.8733468,1.327509,-1.582465
RWI,511.8864,-0.8732263,1.329502,-1.57946
RWI,511.8947,-0.8729908,1.331574,-1.576922
RWI,511.903,-0.8726959,1.333571,-1.574089
RWI,511.9123,-0.8717569,1.335264,-1.570943
RWI,511.9212,-0.8706802,1.336499,-1.567571
RWI,511.9275,-0.8695146,1.337255,-1.564275
RWI,511.9359,-0.8689938,1.337789,-1.561695
RWI,511.9446,-0.868354,1.33652,-1.559572
RWI,511.9527,-0.8679526,1.336535,-1.556962
RWI,511.9612,-0.8675096,1.335406,-1.554858
RWI,511.9698,-0.8672671,1.335192,-1.552643
RWI,511.9778,-0.8672431,1.335545,-1.551074
RWI,511.9863,-0.8670036,1.335812,-1.549186
RWI,511.9943,-0.8675145,1.33606,-1.547103
RWI,512.0027,-0.8677839,1.336565,-1.545847
RWI,512.0112,-0.868218,1.337214,-1.543836
RWI,512.0193,-0.8687673,1.337213,-1.542449
RWI,512.0276,-0.8688292,1.336551,-1.54108
RWI,512.0359,-0.8685637,1.335432,-1.539923
RWI,512.0452,-0.8684628,1.334735,-1.538725
RWI,512.0533,-0.86768,1.333934,-1.537532
RWI,512.0612,-0.8672615,1.333365,-1.537686
RWI,512.0692,-0.8669392,1.332792,-1.536893
RWI,512.0781,-0.8667183,1.33258,-1.53655
RWI,512.0871,-0.8666359,1.332331,-1.536157
RWI,512.0943,-0.8659184,1.332064,-1.535482
RWI,512.103,-0.8654215,1.331628,-1.535565
RWI,512.1112,-0.8650304,1.33091,-1.534994
RWI,512.12,-0.8643368,1.330244,-1.534675
RWI,512.1281,-0.8641434,1.329282,-1.534419
RWI,512.1372,-0.8638148,1.328578,-1.534344
RWI,512.1457,-0.8632051,1.328555,-1.533916
RWI,512.1542,-0.8628126,1.328361,-1.533734
RWI,512.1628,-0.8624041,1.328109,-1.533628
RWI,512.1711,-0.8618802,1.327469,-1.533564
RWI,512.1795,-0.8622311,1.326187,-1.533864
RWI,512.1879,-0.8620113,1.324484,-1.533994
RWI,512.1967,-0.8619282,1.322138,-1.533957
RWI,512.2054,-0.8619087,1.320823,-1.534013
RWI,512.2162,-0.8620684,1.319382,-1.534041
RWI,512.225,-0.8619825,1.318468,-1.534504
RWI,512.2313,-0.8626063,1.317562,-1.535064
RWI,512.236,-0.8627155,1.316988,-1.535268
RWI,512.2452,-0.8629423,1.316862,-1.535608
RWI,512.2527,-0.8632559,1.316372,-1.535967
RWI,512.2614,-0.8641249,1.316104,-1.536914
RWI,512.2693,-0.864889,1.315888,-1.537896
RWI,512.2781,-0.8657717,1.315531,-1.538431
RWI,512.2865,-0.8669287,1.315634,-1.539524
RWI,512.2947,-0.8680441,1.315891,-1.540223
RWI,512.303,-0.8689708,1.315802,-1.54089
RWI,512.311,-0.8700987,1.315992,-1.541759
RWI,512.3195,-0.8714541,1.315985,-1.542689
RWI,512.3281,-0.8723853,1.316202,-1.543474
RWI,512.3361,-0.874033,1.316119,-1.544479
RWI,512.3452,-0.8755095,1.316178,-1.545447
RWI,512.3528,-0.8772397,1.316301,-1.546736
RWI,512.3616,-0.8792197,1.31621,-1.54783
RWI,512.3699,-0.8812362,1.316072,-1.548957
RWI,512.3779,-0.8833561,1.31594,-1.550081
RWI,512.3865,-0.8853921,1.315735,-1.55135
RWI,512.3944,-0.8877355,1.315478,-1.552471
RWI,512.403,-0.8902045,1.315238,-1.553714
RWI,512.4113,-0.8926919,1.31485,-1.555203
RWI,512.42,-0.8953582,1.314523,-1.556409
RWI,512.428,-0.8980985,1.314284,-1.557562
RWI,512.4361,-0.9008504,1.313827,-1.558753
RWI,512.4451,-0.9038402,1.313368,-1.560066
RWI,512.4528,-0.9069109,1.312845,-1.561299
RWI,512.4612,-0.9098552,1.312348,-1.562488
RWI,512.4697,-0.9130923,1.311617,-1.563998
RWI,512.4781,-0.9162452,1.310747,-1.565041
RWI,512.4858,-0.9192739,1.309858,-1.566057
RWI,512.4951,-0.922424,1.308746,-1.567054
RWI,512.5032,-0.925777,1.30746,-1.568136
RWI,512.5117,-0.9292277,1.305921,-1.569144
RWI,512.5201,-0.9327637,1.304466,-1.570073
RWI,512.5289,-0.9362511,1.302697,-1.571073
RWI,512.537,-0.9399459,1.300786,-1.572263
RWI,512.546,-0.9433565,1.298781,-1.57321
RWI,512.554,-0.9467103,1.296655,-1.574218
RWI,512.563,-0.9500968,1.294426,-1.575125
RWI,512.5712,-0.95353,1.292013,-1.576079
RWI,512.5792,-0.9569485,1.289408,-1.576805
RWI,512.5878,-0.9603381,1.286204,-1.577603
RWI,512.5967,-0.9637676,1.283117,-1.57833
RWI,512.6052,-0.9671687,1.279878,-1.579184
RWI,512.6138,-0.9705906,1.276478,-1.579742
RWI,512.6218,-0.973792,1.272815,-1.580411
RWI,512.6299,-0.9768538,1.268982,-1.58095
RWI,512.6382,-0.9798161,1.264966,-1.581302
RWI,512.6473,-0.9825273,1.260456,-1.581343
RWI,512.655,-0.985384,1.255614,-1.581503
RWI,512.6632,-0.9877079,1.251138,-1.581352
RWI,512.6719,-0.9903549,1.246549,-1.581189
RWI,512.6807,-0.9922494,1.241428,-1.580606
RWI,512.689,-0.9945566,1.236128,-1.580072
RWI,512.6968,-0.9967553,1.230698,-1.579316
RWI,512.7048,-0.9991465,1.224835,-1.578556
RWI,512.7131,-1.001246,1.218878,-1.577602
RWI,512.7219,-1.003097,1.212741,-1.576327
RWI,512.73,-1.005126,1.206426,-1.575021
RWI,512.7384,-1.006774,1.199838,-1.573405
RWI,512.7471,-1.008573,1.193062,-1.571742
RWI,512.7549,-1.010189,1.186127,-1.56998
RWI,512.7646,-1.011486,1.179327,-1.568097
RWI,512.7719,-1.013234,1.172,-1.566064
RWI,512.7797,-1.014632,1.164682,-1.563876
RWI,512.7883,-1.015755,1.157326,-1.561561
RWI,512.7967,-1.016891,1.148992,-1.559038
RWI,512.8054,-1.017922,1.140825,-1.556678
RWI,512.8151,-1.018848,1.13218,-1.554183
RWI,512.8224,-1.020825,1.12337,-1.551167
RWI,512.8298,-1.023214,1.114292,-1.548088
RWI,512.8387,-1.024368,1.106012,-1.545328
RWI,512.847,-1.026287,1.096863,-1.541941
RWI,512.8549,-1.027566,1.087842,-1.538864
RWI,512.8629,-1.028785,1.078772,-1.535548
RWI,512.8718,-1.030078,1.069504,-1.532372
RWI,512.8806,-1.030848,1.059708,-1.529108
RWI,512.8894,-1.031466,1.049604,-1.525763
RWI,512.8966,-1.031598,1.039299,-1.52255
RWI,512.9048,-1.031939,1.029231,-1.519702
RWI,512.9131,-1.031913,1.019422,-1.51749
RWI,512.9218,-1.032187,1.00932,-1.514549
RWI,512.93,-1.032794,0.9992912,-1.512052
RWI,512.9385,-1.033166,0.989246,-1.509823
RWI,512.9471,-1.033628,0.9790295,-1.507562
RWI,512.9548,-1.033948,0.9687264,-1.505072
RWI,512.9652,-1.033694,0.9585804,-1.503285
RWI,512.9717,-1.033068,0.9484926,-1.501673
RWI,512.9796,-1.033468,0.9383666,-1.499825
RWI,512.9884,-1.033044,0.9288242,-1.498664
RWI,512.9965,-1.033737,0.9188317,-1.496625
RWI,513.0049,-1.033619,0.9093316,-1.495506
RWI,513.0143,-1.03338,0.900015,-1.494771
RWI,513.0215,-1.033002,0.8908787,-1.494077
RWI,513.0297,-1.032748,0.8817734,-1.49364
RWI,513.0381,-1.03232,0.8730725,-1.493128
RWI,513.0471,-1.032056,0.8644955,-1.492895
RWI,513.0547,-1.031433,0.8562064,-1.493055
RWI,513.0633,-1.030863,0.8480924,-1.492982
RWI,513.0717,-1.029812,0.840597,-1.493227
RWI,513.0806,-1.029226,0.8329684,-1.493161
RWI,513.0889,-1.027777,0.8260198,-1.493661
RWI,513.0966,-1.02682,0.81892,-1.493359
RWI,513.105,-1.025792,0.8122668,-1.493407
RWI,513.113,-1.024969,0.8055552,-1.49336
RWI,513.1217,-1.023518,0.7997899,-1.493537
RWI,513.1299,-1.022836,0.7937626,-1.493259
RWI,513.1387,-1.021734,0.7878149,-1.493209
RWI,513.147,-1.020668,0.7821318,-1.493229
RWI,513.1547,-1.019615,0.7766619,-1.493483
RWI,513.1642,-1.018381,0.7711456,-1.493993
RWI,513.1723,-1.017214,0.7664371,-1.494791
RWI,513.1796,-1.015939,0.7612055,-1.495335
RWI,513.1885,-1.014974,0.7567677,-1.495933
RWI,513.1965,-1.014263,0.7527201,-1.496486
RWI,513.2051,-1.01377,0.7487794,-1.496633
RWI,513.2145,-1.013047,0.7443706,-1.496826
RWI,513.2216,-1.012809,0.7403738,-1.497083
RWI,513.2296,-1.012462,0.7365976,-1.497633
RWI,513.2382,-1.012295,0.7326347,-1.497829
RWI,513.2473,-1.012131,0.7288976,-1.498467
RWI,513.2547,-1.01241,0.7254205,-1.499173
RWI,513.2634,-1.012549,0.722249,-1.499921
RWI,513.2721,-1.012646,0.7191238,-1.500711
RWI,513.2802,-1.0132,0.7158374,-1.501258
RWI,513.2882,-1.013911,0.7126307,-1.501858
RWI,513.2965,-1.015201,0.7101319,-1.502639
RWI,513.3049,-1.015753,0.7073373,-1.503559
RWI,513.313,-1.016566,0.705728,-1.504825
RWI,513.3216,-1.017905,0.7042487,-1.506448
RWI,513.3299,-1.019202,0.702822,-1.508197
RWI,513.3383,-1.020421,0.7014691,-1.509853
RWI,513.3473,-1.022659,0.7006035,-1.511475
RWI,513.355,-1.024481,0.6994879,-1.513052
RWI,513.3642,-1.027581,0.6988789,-1.514828
RWI,513.3717,-1.03025,0.6983771,-1.516752
RWI,513.3799,-1.033186,0.6977405,-1.519036
RWI,513.3881,-1.036463,0.6972082,-1.522001
RWI,513.3962,-1.039623,0.6967934,-1.525151
RWI,513.4048,-1.043084,0.6966798,-1.527982
RWI,513.4142,-1.045825,0.6962741,-1.530875
RWI,513.4213,-1.048764,0.6962015,-1.534158
RWI,513.43,-1.051931,0.6963047,-1.536685
RWI,513.4379,-1.054402,0.6963746,-1.539477
RWI,513.447,-1.057058,0.6968641,-1.541958
RWI,513.4549,-1.058512,0.6973658,-1.543249
RWI,513.4634,-1.060326,0.6981915,-1.544511
RWI,513.4716,-1.061496,0.6988342,-1.545629
RWI,513.4813,-1.062451,0.6996359,-1.546252
RWI,513.4884,-1.062691,0.7005361,-1.546365
RWI,513.4965,-1.062435,0.7013862,-1.546068
RWI,513.5047,-1.061571,0.7023646,-1.545657
RWI,513.5134,-1.060049,0.7034462,-1.544569
RWI,513.5218,-1.058586,0.7046396,-1.543654
RWI,513.5297,-1.056479,0.705936,-1.541968
RWI,513.5381,-1.054245,0.7073902,-1.540265
RWI,513.5472,-1.052068,0.7087858,-1.538892
RWI,513.5549,-1.048986,0.7106645,-1.536029
RWI,513.5641,-1.046683,0.7125294,-1.534823
RWI,513.5714,-1.044293,0.7147485,-1.532593
RWI,513.5795,-1.042084,0.7171664,-1.530074
RWI,513.5889,-1.039376,0.7195591,-1.527944
RWI,513.5993,-1.037353,0.7225822,-1.524448
RWI,513.6085,-1.03462,0.7258995,-1.520758
RWI,513.6149,-1.032467,0.7289426,-1.516898
RWI,513.6199,-1.030807,0.7320746,-1.515031
RWI,513.6275,-1.029067,0.7351298,-1.513202
RWI,513.636,-1.027383,0.7385817,-1.510854
RWI,513.6449,-1.025325,0.7424268,-1.507713
RWI,513.6525,-1.023662,0.7469789,-1.503826
RWI,513.6607,-1.021606,0.7510101,-1.500947
RWI,513.669,-1.019735,0.7551613,-1.498465
RWI,513.6776,-1.017936,0.759672,-1.495609
RWI,513.6863,-1.015727,0.764137,-1.493091
RWI,513.6942,-1.013762,0.7687798,-1.490701
RWI,513.7025,-1.011739,0.7733753,-1.488377
RWI,513.7106,-1.008777,0.7813147,-1.488338
RWI,513.7193,-1.005571,0.7892497,-1.488787
RWI,513.7274,-1.002511,0.7967994,-1.488927
RWI,513.7356,-0.9992614,0.8044675,-1.489358
RWI,513.7446,-0.9963558,0.8120126,-1.489615
RWI,513.7545,-0.9934569,0.8199794,-1.490466
RWI,513.7626,-0.9905505,0.8276197,-1.491162
RWI,513.7692,-0.9873697,0.8369946,-1.493036
RWI,513.7777,-0.9847669,0.8441411,-1.494609
RWI,513.7856,-0.9821782,0.8517584,-1.49595
RWI,513.7952,-0.9793637,0.859625,-1.498343
RWI,513.8027,-0.9766896,0.8684428,-1.500925
RWI,513.813,-0.9739107,0.8767081,-1.503312
RWI,513.8195,-0.9711078,0.8862694,-1.506069
RWI,513.8275,-0.9692044,0.893262,-1.508533
RWI,513.8356,-0.9668227,0.901925,-1.51178
RWI,513.8453,-0.9643697,0.9105459,-1.515349
RWI,513.8524,-0.9620465,0.9195911,-1.519293
RWI,513.8619,-0.9599829,0.927834,-1.523212
RWI,513.8691,-0.9575963,0.9364918,-1.528019
RWI,513.8777,-0.9554268,0.9449592,-1.532513
RWI,513.8856,-0.9530677,0.9536434,-1.537263
RWI,513.8951,-0.9508119,0.9619228,-1.541749
RWI,513.9047,-0.9486953,0.9711004,-1.546705
RWI,513.9133,-0.946052,0.981662,-1.552524
RWI,513.9196,-0.9435919,0.9910927,-1.557934
RWI,513.9283,-0.9420783,0.9974107,-1.561371
RWI,513.9366,-0.9394421,1.006481,-1.566417
RWI,513.9454,-0.9366801,1.015658,-1.571952
RWI,513.9534,-0.9338285,1.02449,-1.57697
RWI,513.9622,-0.9311567,1.033345,-1.582052
RWI,513.9707,-0.9282451,1.042568,-1.587655
RWI,513.9786,-0.9256877,1.051266,-1.593064
RWI,513.987,-0.9228914,1.059524,-1.599581
RWI,513.9952,-0.9201021,1.067634,-1.606026
RWI,514.0042,-0.9174127,1.075351,-1.61264
RWI,514.0126,-0.9145969,1.082631,-1.619217
RWI,514.0202,-0.9120391,1.089774,-1.625702
RWI,514.0287,-0.9094297,1.096101,-1.632534
RWI,514.0373,-0.906621,1.101989,-1.6394
RWI,514.0461,-0.9040087,1.107552,-1.645861
RWI,514.0541,-0.9017403,1.113184,-1.652211
RWI,514.0621,-0.8993301,1.118189,-1.658164
RWI,514.0703,-0.8972958,1.122911,-1.663715
RWI,514.0795,-0.8954823,1.127426,-1.669077
RWI,514.0876,-0.8935612,1.131918,-1.674507
RWI,514.0953,-0.8923312,1.136026,-1.67963
RWI,514.1038,-0.8908554,1.140438,-1.684301
RWI,514.1118,-0.8897583,1.144764,-1.688502
RWI,514.1204,-0.889125,1.148972,-1.692265
RWI,514.1288,-0.887569,1.152884,-1.695762
RWI,514.1373,-0.8867356,1.156912,-1.698509
RWI,514.1456,-0.8857828,1.160608,-1.700651
RWI,514.1536,-0.8851615,1.164657,-1.7029
RWI,514.1624,-0.884341,1.16775,-1.704102
RWI,514.1707,-0.8831995,1.171182,-1.70541
RWI,514.1789,-0.8825386,1.175043,-1.706749
RWI,514.1874,-0.8819242,1.178876,-1.707835
RWI,514.1956,-0.8811645,1.182487,-1.70839
RWI,514.2046,-0.8804555,1.186374,-1.708922
RWI,514.216,-0.879384,1.190125,-1.708865
RWI,514.2252,-0.8784071,1.194954,-1.708576
RWI,514.231,-0.8770756,1.199329,-1.70752
RWI,514.2361,-0.8764822,1.201861,-1.706654
RWI,514.2448,-0.8761036,1.204325,-1.706118
RWI,514.2523,-0.8749781,1.208003,-1.704782
RWI,514.2608,-0.8741254,1.211587,-1.703518
RWI,514.2687,-0.8733627,1.214972,-1.70171
RWI,514.2778,-0.8725356,1.218693,-1.69988
RWI,514.2856,-0.871844,1.222117,-1.697839
RWI,514.2943,-0.8711007,1.22568,-1.69563
RWI,514.302,-0.8701699,1.229624,-1.693554
RWI,514.311,-0.8693364,1.233423,-1.69162
RWI,514.3189,-0.8684714,1.237525,-1.689701
RWI,514.3272,-0.8676427,1.241592,-1.687823
RWI,514.3355,-0.8670924,1.245495,-1.68553
RWI,514.3444,-0.8665429,1.249512,-1.683135
RWI,514.3526,-0.866002,1.253358,-1.680727
RWI,514.3608,-0.8659204,1.257261,-1.677731
RWI,514.3714,-0.8655765,1.261172,-1.674776
RWI,514.3796,-0.8651859,1.266303,-1.670455
RWI,514.3858,-0.8647259,1.27034,-1.667046
RWI,514.3938,-0.8648007,1.272859,-1.664589
RWI,514.4022,-0.8641058,1.27671,-1.660738
RWI,514.4107,-0.8636067,1.280484,-1.657222
RWI,514.4189,-0.8630167,1.284318,-1.653848
RWI,514.4272,-0.8625205,1.288121,-1.65036
RWI,514.4362,-0.8625232,1.292235,-1.647352
RWI,514.4447,-0.8629589,1.296109,-1.644706
RWI,514.4526,-0.8630385,1.300284,-1.641452
RWI,514.4608,-0.8636104,1.304083,-1.638979
RWI,514.4691,-0.8638595,1.308084,-1.63587
RWI,514.4779,-0.8640383,1.311858,-1.632821
RWI,514.4861,-0.8640355,1.315368,-1.629882
RWI,514.4938,-0.8641807,1.318793,-1.626579
RWI,514.5021,-0.8643241,1.321759,-1.623518
RWI,514.5106,-0.8642941,1.324584,-1.620302
RWI,514.5196,-0.864693,1.327518,-1.61734
RWI,514.5295,-0.8651721,1.330363,-1.614555
RWI,514.5383,-0.866026,1.333754,-1.610885
RWI,514.545,-0.8661231,1.335691,-1.607373
RWI,514.553,-0.8663071,1.33712,-1.604926
RWI,514.5621,-0.8661249,1.337597,-1.601408
RWI,514.5701,-0.8657861,1.338395,-1.598105
RWI,514.578,-0.8657809,1.339106,-1.595021
RWI,514.5869,-0.8659817,1.340078,-1.592018
RWI,514.5952,-0.8660711,1.341053,-1.589589
RWI,514.6033,-0.8664141,1.342277,-1.58713
RWI,514.6122,-0.8670372,1.343787,-1.58423
RWI,514.62,-0.8676071,1.344988,-1.581813
RWI,514.6284,-0.8682301,1.345832,-1.579441
RWI,514.6366,-0.8691126,1.346267,-1.576468
RWI,514.6456,-0.8700715,1.346423,-1.574203
RWI,514.6533,-0.8706541,1.345713,-1.572088
RWI,514.6616,-0.8710399,1.345526,-1.569843
RWI,514.67,-0.8709258,1.34468,-1.56767
RWI,514.6791,-0.8699116,1.34381,-1.565915
RWI,514.687,-0.8686522,1.342757,-1.564545
RWI,514.6948,-0.868371,1.340991,-1.563418
RWI,514.7031,-0.8684536,1.339512,-1.56209
RWI,514.7115,-0.868201,1.337587,-1.561539
RWI,514.72,-0.8689778,1.336781,-1.560781
RWI,514.7285,-0.8693191,1.336169,-1.560371
RWI,514.7363,-0.87019,1.33585,-1.560066
RWI,514.7451,-0.8711873,1.335515,-1.559414
RWI,514.7535,-0.8716499,1.334792,-1.559222
RWI,514.762,-0.871783,1.333766,-1.5589
RWI,514.7702,-0.8716463,1.332311,-1.55855
RWI,514.7781,-0.8708095,1.330635,-1.558303
RWI,514.787,-0.8702458,1.329229,-1.558439
RWI,514.7955,-0.8701156,1.328068,-1.558524
RWI,514.8035,-0.8702226,1.326552,-1.559288
RWI,514.8124,-0.8704962,1.325449,-1.559353
RWI,514.8202,-0.8708513,1.324715,-1.559759
RWI,514.83,-0.8709304,1.323912,-1.560429
RWI,514.8392,-0.8711768,1.323035,-1.560709
RWI,514.8461,-0.8712585,1.322131,-1.561163
RWI,514.8541,-0.8711182,1.321311,-1.561469
RWI,514.8621,-0.8708533,1.3207,-1.561917
RWI,514.8705,-0.8707734,1.319854,-1.56265
RWI,514.8791,-0.8708215,1.319695,-1.563177
RWI,514.8875,-0.8706782,1.319478,-1.563697
RWI,514.8953,-0.8705565,1.319241,-1.56416
RWI,514.9036,-0.870659,1.31951,-1.565
RWI,514.912,-0.8707178,1.319553,-1.565643
RWI,514.9208,-0.8706365,1.319381,-1.566091
RWI,514.9289,-0.8706458,1.319543,-1.56647
RWI,514.9373,-0.8704844,1.319567,-1.566844
RWI,514.9462,-0.8706483,1.319376,-1.567587
RWI,514.9536,-0.8705699,1.319491,-1.56815
RWI,514.9633,-0.8708993,1.319532,-1.569096
RWI,514.971,-0.8710589,1.319842,-1.569816
RWI,514.9805,-0.8713596,1.32036,-1.570654
RWI,514.9892,-0.8719367,1.320948,-1.571741
RWI,514.9953,-0.8724422,1.321523,-1.572794
RWI,515.0037,-0.8727897,1.321899,-1.573455
RWI,515.013,-0.8733147,1.322366,-1.574421
RWI,515.0203,-0.8740383,1.322907,-1.575396
RWI,515.0286,-0.874754,1.323418,-1.576324
RWI,515.0371,-0.8755752,1.324034,-1.577357
RWI,515.046,-0.8764974,1.324763,-1.57825
RWI,515.0535,-0.8774877,1.3253,-1.579241
RWI,515.0622,-0.8787002,1.325846,-1.580336
RWI,515.0703,-0.8799148,1.326337,-1.581334
RWI,515.079,-0.8815449,1.32681,-1.582385
RWI,515.0876,-0.8830087,1.327212,-1.583391
RWI,515.0956,-0.8845673,1.327808,-1.584561
RWI,515.1039,-0.8862433,1.328339,-1.585798
RWI,515.1121,-0.8882222,1.328747,-1.586947
RWI,515.1207,-0.8902455,1.329162,-1.588276
RWI,515.1288,-0.8926566,1.329586,-1.589407
RWI,515.1371,-0.8948852,1.329794,-1.590603
RWI,515.1458,-0.8972204,1.329805,-1.591826
RWI,515.1539,-0.8997363,1.329618,-1.592882
RWI,515.1623,-0.9020767,1.329364,-1.593972
RWI,515.1711,-0.9047396,1.3286,-1.595093
RWI,515.1785,-0.9072865,1.327996,-1.596005
RWI,515.1875,-0.9100788,1.327312,-1.597005
RWI,515.1954,-0.9127032,1.326576,-1.597903
RWI,515.2038,-0.9154775,1.325817,-1.598923
RWI,515.2122,-0.9180555,1.325007,-1.599919
RWI,515.2205,-0.9206378,1.324061,-1.600612
RWI,515.2286,-0.9232725,1.323135,-1.601387
RWI,515.237,-0.9258095,1.321781,-1.601858
RWI,515.246,-0.9286729,1.320078,-1.602404
RWI,515.254,-0.9313662,1.318218,-1.602682
RWI,515.262,-0.9340558,1.316083,-1.60284
RWI,515.2713,-0.9367112,1.313481,-1.602889
RWI,515.2797,-0.9393918,1.311234,-1.603064
RWI,515.288,-0.942031,1.308633,-1.602975
RWI,515.2957,-0.9445981,1.305472,-1.602508
RWI,515.3046,-0.9469414,1.30312,-1.602184
RWI,515.3126,-0.9494711,1.299958,-1.601795
RWI,515.3209,-0.9519776,1.296191,-1.60124
RWI,515.3296,-0.954645,1.292696,-1.600863
RWI,515.3385,-0.9570372,1.288982,-1.600332
RWI,515.3475,-0.9594291,1.284927,-1.599726
RWI,515.3545,-0.9618624,1.280535,-1.598975
RWI,515.3635,-0.963967,1.275899,-1.59815
RWI,515.3716,-0.9660299,1.271233,-1.597131
RWI,515.3791,-0.9680439,1.266316,-1.596064
RWI,515.3881,-0.97023,1.261387,-1.59467
RWI,515.3964,-0.9721497,1.256056,-1.593374
RWI,515.4045,-0.9737995,1.250296,-1.591758
RWI,515.4141,-0.9757715,1.244822,-1.59019
RWI,515.421,-0.9772752,1.238575,-1.588339
RWI,515.4298,-0.978959,1.232464,-1.586372
RWI,515.4377,-0.9805504,1.226422,-1.584366
RWI,515.4468,-0.9819211,1.219696,-1.582027
RWI,515.4542,-0.9833074,1.212916,-1.579787
RWI,515.4626,-0.9847403,1.206403,-1.577554
RWI,515.4711,-0.9860458,1.198917,-1.574859
RWI,515.4799,-0.9874071,1.191906,-1.572404
RWI,515.4885,-0.9886039,1.183865,-1.569784
RWI,515.4962,-0.9897293,1.176186,-1.567181
RWI,515.5046,-0.9906736,1.168399,-1.564377
RWI,515.5128,-0.9926852,1.160738,-1.560965
RWI,515.5212,-0.9939896,1.152863,-1.558064
RWI,515.5295,-0.9951048,1.144391,-1.554952
RWI,515.5377,-0.9963241,1.136317,-1.551956
RWI,515.5472,-0.9975751,1.12803,-1.548938
RWI,515.5548,-0.9986214,1.119516,-1.545795
RWI,515.5634,-0.9995682,1.111073,-1.542752
RWI,515.5711,-1.000057,1.102753,-1.539714
RWI,515.5793,-1.000834,1.094331,-1.536619
RWI,515.588,-1.001479,1.086027,-1.533495
RWI,515.5958,-1.00248,1.077301,-1.530279
RWI,515.605,-1.002887,1.068816,-1.527352
RWI,515.6137,-1.003246,1.059981,-1.524
RWI,515.6212,-1.003853,1.051076,-1.521094
RWI,515.6295,-1.004218,1.042005,-1.518092
RWI,515.6381,-1.004524,1.033124,-1.515645
RWI,515.6465,-1.004976,1.023984,-1.513401
RWI,515.6542,-1.005073,1.015131,-1.511906
RWI,515.6627,-1.005495,1.00642,-1.509989
RWI,515.6712,-1.005743,0.9977971,-1.508371
RWI,515.6802,-1.006595,0.9900042,-1.506895
RWI,515.6882,-1.007321,0.9819641,-1.505377
RWI,515.6964,-1.008063,0.9739017,-1.503697
RWI,515.7043,-1.008582,0.9655134,-1.501918
RWI,515.7125,-1.00848,0.9567401,-1.500287
RWI,515.7211,-1.008655,0.9470911,-1.499223
RWI,515.7293,-1.008465,0.9382048,-1.498301
RWI,515.7375,-1.008396,0.9288777,-1.497694
RWI,515.7467,-1.008266,0.9200273,-1.497257
RWI,515.7543,-1.008515,0.9111664,-1.496875
RWI,515.7639,-1.008367,0.9026974,-1.496685
RWI,515.7712,-1.008039,0.8943592,-1.496523
RWI,515.7794,-1.007913,0.8859212,-1.496284
RWI,515.7877,-1.007897,0.8776853,-1.495865
RWI,515.7963,-1.007524,0.8691875,-1.495401
RWI,515.8044,-1.007276,0.8608083,-1.494969
RWI,515.8143,-1.006729,0.8525634,-1.494896
RWI,515.821,-1.006553,0.8439116,-1.494718
RWI,515.8291,-1.006226,0.8358923,-1.494803
RWI,515.8378,-1.005935,0.8276359,-1.49516
RWI,515.8469,-1.005723,0.819487,-1.495787
RWI,515.8544,-1.005346,0.81107,-1.496853
RWI,515.8626,-1.005308,0.8034123,-1.497841
RWI,515.871,-1.005295,0.7957006,-1.499027
RWI,515.8798,-1.005338,0.7884346,-1.500051
RWI,515.8879,-1.005136,0.7813635,-1.501235
RWI,515.8959,-1.005143,0.7748669,-1.502338
RWI,515.9047,-1.004984,0.7682536,-1.503121
RWI,515.9124,-1.004811,0.7628516,-1.504086
RWI,515.9212,-1.004707,0.7566705,-1.504898
RWI,515.9295,-1.00478,0.7511489,-1.505667
RWI,515.9377,-1.004972,0.7467191,-1.506338
RWI,515.9466,-1.005142,0.7413148,-1.506903
RWI,515.954,-1.005509,0.7366081,-1.507596
RWI,515.9634,-1.005718,0.7331064,-1.508027
RWI,515.9716,-1.006092,0.7285075,-1.508657
RWI,515.9794,-1.007031,0.72529,-1.509523
RWI,515.9875,-1.007515,0.7217079,-1.510276
RWI,515.996,-1.008113,0.7180409,-1.511237
RWI,516.0046,-1.009102,0.7142638,-1.511597
RWI,516.0132,-1.009753,0.7108589,-1.512102
RWI,516.0212,-1.010678,0.7073383,-1.512359
RWI,516.0291,-1.011925,0.7046874,-1.513151
RWI,516.0377,-1.01356,0.7018836,-1.513756
RWI,516.0461,-1.014673,0.6993901,-1.514603
RWI,516.055,-1.016901,0.6976493,-1.516039
RWI,516.0624,-1.019099,0.6960959,-1.517197
RWI,516.0714,-1.02141,0.6944601,-1.517819
RWI,516.0801,-1.023842,0.6931338,-1.518643
RWI,516.0881,-1.02634,0.6923805,-1.519512
RWI,516.0959,-1.028701,0.6907908,-1.519918
RWI,516.1047,-1.030566,0.6896961,-1.520663
RWI,516.1127,-1.032468,0.6886675,-1.521343
RWI,516.121,-1.034007,0.6887406,-1.522181
RWI,516.1291,-1.035476,0.6889123,-1.523367
RWI,516.138,-1.036142,0.6892518,-1.523597
RWI,516.1473,-1.03686,0.6897103,-1.52442
RWI,516.1539,-1.037392,0.6902402,-1.52495
RWI,516.1635,-1.037501,0.6909124,-1.525303
RWI,516.171,-1.038004,0.6916492,-1.525874
RWI,516.1794,-1.037971,0.6924847,-1.525935
RWI,516.1874,-1.037404,0.6933793,-1.525673
RWI,516.1957,-1.036553,0.6942143,-1.525705
RWI,516.2045,-1.035782,0.6952237,-1.525524
RWI,516.2138,-1.034302,0.6961759,-1.52541
RWI,516.2237,-1.032296,0.6974889,-1.524401
RWI,516.2327,-1.030068,0.6987694,-1.523339
RWI,516.2383,-1.027873,0.7004082,-1.521653
RWI,516.2448,-1.026205,0.7020312,-1.521151
RWI,516.2521,-1.024776,0.7035837,-1.520764
RWI,516.2607,-1.022448,0.7057599,-1.518947
RWI,516.2684,-1.020156,0.7076519,-1.517383
RWI,516.277,-1.017719,0.7099221,-1.51532
RWI,516.286,-1.01506,0.7122755,-1.513292
RWI,516.2937,-1.012367,0.7147393,-1.511101
RWI,516.3018,-1.009625,0.7172251,-1.509034
RWI,516.3105,-1.006745,0.7196643,-1.507337
RWI,516.3184,-1.003732,0.7225738,-1.505346
RWI,516.3272,-1.000899,0.7251357,-1.503341
RWI,516.335,-0.9975827,0.7278891,-1.501613
RWI,516.3436,-0.9948143,0.73093,-1.499768
RWI,516.3522,-0.9919802,0.7336555,-1.498304
RWI,516.3602,-0.989239,0.7366462,-1.496527
RWI,516.3694,-0.9861174,0.7396015,-1.494902
RWI,516.3769,-0.9838117,0.7426451,-1.493286
RWI,516.3855,-0.9817901,0.7456448,-1.491665
RWI,516.3937,-0.979149,0.7503272,-1.492104
RWI,516.402,-0.9771769,0.7548589,-1.492004
RWI,516.4105,-0.9750193,0.7595196,-1.492003
RWI,516.4188,-0.9732981,0.7639319,-1.491996
RWI,516.4268,-0.9713497,0.7680916,-1.491579
RWI,516.4354,-0.9696866,0.7728349,-1.491419
RWI,516.4442,-0.9678913,0.7767424,-1.491493
RWI,516.4519,-0.9661096,0.7808191,-1.491406
RWI,516.4606,-0.9640149,0.7855181,-1.491766
RWI,516.4687,-0.9622205,0.7899255,-1.492185
RWI,516.477,-0.9603066,0.7945035,-1.492534
RWI,516.4859,-0.9583644,0.7992542,-1.49292
RWI,516.4939,-0.9563692,0.8045618,-1.493367
RWI,516.5018,-0.9543207,0.8096577,-1.493694
RWI,516.5104,-0.9521636,0.8159655,-1.494059
RWI,516.5198,-0.9501454,0.8231616,-1.494675
RWI,516.5273,-0.9481233,0.8300248,-1.495709
RWI,516.5361,-0.9462572,0.8366656,-1.496709
RWI,516.545,-0.9446292,0.8446052,-1.49826
RWI,516.553,-0.942751,0.8522698,-1.500088
RWI,516.5618,-0.9408739,0.8598893,-1.502373
RWI,516.5703,-0.9389098,0.8674585,-1.504759
RWI,516.5781,-0.9367373,0.8756863,-1.507648
RWI,516.5872,-0.9347344,0.8830518,-1.509924
RWI,516.5955,-0.9326947,0.8914555,-1.512972
RWI,516.6041,-0.9309493,0.8999142,-1.516289
RWI,516.6128,-0.9291024,0.9089988,-1.519927
RWI,516.621,-0.9272919,0.918309,-1.524255
RWI,516.629,-0.9258779,0.9274437,-1.528455
RWI,516.6375,-0.9242802,0.9363123,-1.532716
RWI,516.6464,-0.9231321,0.9452121,-1.537394
RWI,516.6541,-0.9218792,0.9544734,-1.542297
RWI,516.6625,-0.9202555,0.9626042,-1.546864
RWI,516.6712,-0.9196988,0.9711845,-1.551856
RWI,516.6824,-0.9180052,0.9799629,-1.556738
RWI,516.6917,-0.9163573,0.9913991,-1.563496
RWI,516.6979,-0.9142297,1.002256,-1.569543
RWI,516.7024,-0.9135029,1.009112,-1.573568
RWI,516.7102,-0.9126734,1.014191,-1.576285
RWI,516.7184,-0.911476,1.022311,-1.581574
RWI,516.7271,-0.9103914,1.030957,-1.587302
RWI,516.735,-0.9093634,1.039716,-1.59346
RWI,516.7438,-0.9078671,1.047751,-1.599535
RWI,516.7521,-0.9067698,1.055607,-1.605704
RWI,516.7601,-0.9056869,1.063273,-1.611596
RWI,516.7693,-0.9045128,1.070435,-1.617327
RWI,516.7769,-0.9030144,1.077802,-1.623093
RWI,516.7852,-0.9017156,1.084902,-1.628346
RWI,516.7942,-0.9004414,1.091507,-1.633351
RWI,516.8058,-0.8988142,1.098212,-1.638649
RWI,516.8124,-0.8969558,1.106869,-1.645079
RWI,516.8195,-0.8958904,1.111515,-1.64892
RWI,516.8269,-0.8945522,1.116611,-1.652796
RWI,516.8372,-0.8933518,1.121809,-1.656635
RWI,516.8475,-0.8918586,1.128193,-1.661507
RWI,516.8539,-0.8902699,1.133865,-1.665746
RWI,516.8603,-0.8893887,1.137724,-1.668363
RWI,516.8685,-0.8884792,1.141807,-1.670851
RWI,516.8772,-0.8871504,1.146636,-1.67418
RWI,516.8865,-0.8863097,1.151885,-1.677102
RWI,516.8934,-0.8849912,1.156808,-1.680126
RWI,516.9022,-0.8838592,1.16162,-1.682837
RWI,516.9099,-0.8824856,1.166327,-1.685531
RWI,516.9185,-0.8813287,1.171376,-1.687965
RWI,516.9269,-0.8799248,1.176133,-1.689723
RWI,516.9351,-0.8784278,1.180633,-1.691512
RWI,516.9435,-0.8767982,1.185081,-1.692899
RWI,516.9517,-0.875034,1.189038,-1.694291
RWI,516.9608,-0.8736584,1.193466,-1.69478
RWI,516.9711,-0.8722491,1.197786,-1.695125
RWI,516.9785,-0.8708988,1.201912,-1.694722
RWI,516.9889,-0.8693048,1.20672,-1.694348
RWI,516.9977,-0.867631,1.212279,-1.693556
RWI,517.0029,-0.8661631,1.216643,-1.692533
RWI,517.0106,-0.8654011,1.218929,-1.691567
RWI,517.0184,-0.8641623,1.22236,-1.690495
RWI,517.0269,-0.8628924,1.22635,-1.689223
RWI,517.035,-0.8617397,1.230156,-1.688022
RWI,517.0454,-0.8604873,1.234177,-1.686927
RWI,517.0519,-0.859457,1.237991,-1.685768
RWI,517.0603,-0.858606,1.242121,-1.685089
RWI,517.0686,-0.8582668,1.245784,-1.684802
RWI,517.0779,-0.8578318,1.249824,-1.683966
RWI,517.0862,-0.8571308,1.254044,-1.682811
RWI,517.0936,-0.8567528,1.258087,-1.681693
RWI,517.102,-0.8558786,1.261743,-1.680578
RWI,517.1102,-0.8557637,1.265199,-1.679071
RWI,517.1185,-0.8552619,1.268832,-1.677174
RWI,517.1268,-0.8548198,1.272275,-1.674998
RWI,517.1354,-0.8544722,1.275731,-1.672963
RWI,517.1456,-0.8545083,1.279184,-1.671207
RWI,517.1555,-0.8545129,1.283738,-1.668792
RWI,517.1605,-0.8545833,1.288058,-1.666459
RWI,517.169,-0.8551488,1.290356,-1.665099
RWI,517.1768,-0.8552898,1.293641,-1.662852
RWI,517.1849,-0.8561341,1.297556,-1.660111
RWI,517.1934,-0.8562627,1.301284,-1.657496
RWI,517.2016,-0.8566605,1.304636,-1.654634
RWI,517.2106,-0.8575743,1.307815,-1.651689
RWI,517.2185,-0.8580244,1.31122,-1.648733
RWI,517.2266,-0.8587953,1.314403,-1.645421
RWI,517.235,-0.8595082,1.317314,-1.641802
RWI,517.2443,-0.8599887,1.319966,-1.638082
RWI,517.2518,-0.8603704,1.322303,-1.633661
RWI,517.2602,-0.8610412,1.324654,-1.630221
RWI,517.2685,-0.8615714,1.326813,-1.626165
RWI,517.2769,-0.862191,1.32868,-1.62211
RWI,517.286,-0.862878,1.330719,-1.618194
RWI,517.2963,-0.8633848,1.332495,-1.614181
RWI,517.3049,-0.8644907,1.334956,-1.609475
RWI,517.31,-0.8645611,1.337677,-1.605575
RWI,517.3188,-0.8653699,1.339484,-1.603735
RWI,517.3266,-0.8663237,1.34204,-1.600633
RWI,517.3347,-0.8674977,1.345444,-1.598002
RWI,517.3435,-0.8689591,1.348351,-1.595175
RWI,517.3519,-0.8701069,1.351357,-1.591788
RWI,517.36,-0.8718553,1.35358,-1.588843
RWI,517.3687,-0.8728924,1.354928,-1.58582
RWI,517.3766,-0.8734572,1.355553,-1.582788
RWI,517.3851,-0.8735901,1.355935,-1.579669
RWI,517.3933,-0.8732365,1.356142,-1.576829
RWI,517.4017,-0.8734565,1.356449,-1.574694
RWI,517.4111,-0.8733208,1.356689,-1.572127
RWI,517.4185,-0.8733044,1.356847,-1.570009
RWI,517.4271,-0.8730831,1.356512,-1.567902
RWI,517.4353,-0.8732062,1.356158,-1.565341
RWI,517.5396,-0.8731183,1.355275,-1.563784
RWI,517.5485,-0.8647672,1.331568,-1.554887
RWI,517.5544,-0.8646466,1.328953,-1.554267
RWI,517.5614,-0.8639985,1.327285,-1.554192
RWI,517.5692,-0.8633125,1.325817,-1.554333
RWI,517.5766,-0.8625559,1.323796,-1.554296
RWI,517.5849,-0.8614936,1.321425,-1.554188
RWI,517.5933,-0.8602455,1.319387,-1.553696
RWI,517.6018,-0.8594761,1.317268,-1.553959
RWI,517.611,-0.8590544,1.31618,-1.55445
RWI,517.6185,-0.8585091,1.315286,-1.554714
RWI,517.6266,-0.8578511,1.314171,-1.555355
RWI,517.635,-0.8572267,1.312252,-1.555342
RWI,517.6437,-0.8564808,1.310657,-1.555595
RWI,517.6522,-0.8557305,1.309047,-1.555803
RWI,517.6602,-0.8551896,1.307121,-1.55589
RWI,517.6682,-0.8547413,1.305679,-1.556092
RWI,517.6768,-0.8543911,1.304543,-1.556192
RWI,517.6861,-0.8544124,1.303462,-1.556786
RWI,517.6938,-0.8539392,1.30268,-1.556942
RWI,517.7036,-0.8537852,1.302109,-1.557525
RWI,517.7126,-0.8537906,1.302043,-1.558601
RWI,517.722,-0.8536561,1.301997,-1.559242
RWI,517.7274,-0.8539324,1.3021,-1.560351
RWI,517.7349,-0.8541114,1.302613,-1.560965
RWI,517.7435,-0.8543509,1.302933,-1.561677
RWI,517.7516,-0.8547715,1.303241,-1.562676
RWI,517.7601,-0.8548079,1.303366,-1.563395
RWI,517.7686,-0.855287,1.303946,-1.564538
RWI,517.7765,-0.8557186,1.304479,-1.565549
RWI,517.7852,-0.8563653,1.30501,-1.566563
RWI,517.7939,-0.8570709,1.305883,-1.567846
RWI,517.8024,-0.8579854,1.306563,-1.568975
RWI,517.8109,-0.8591677,1.307471,-1.570523
RWI,517.8185,-0.8600782,1.30815,-1.571716
RWI,517.8267,-0.8613173,1.308877,-1.57308
RWI,517.835,-0.8625747,1.309621,-1.574633
RWI,517.8447,-0.8638784,1.310333,-1.576129
RWI,517.8552,-0.8656604,1.310862,-1.577789
RWI,517.865,-0.8680667,1.311734,-1.579924
RWI,517.8704,-0.8702577,1.312281,-1.581767
RWI,517.8766,-0.8715749,1.312697,-1.582911
RWI,517.8857,-0.873004,1.312987,-1.584078
RWI,517.8935,-0.8753501,1.31333,-1.585889
RWI,517.9015,-0.877652,1.313468,-1.587327
RWI,517.91,-0.8801007,1.313794,-1.589292
RWI,517.9183,-0.8824941,1.314012,-1.59102
RWI,517.9266,-0.8848743,1.313854,-1.59283
RWI,517.9348,-0.8873035,1.313785,-1.59467
RWI,517.9438,-0.8896543,1.313655,-1.596669
RWI,517.9517,-0.8918712,1.313229,-1.598654
RWI,517.9599,-0.8943846,1.312719,-1.600477
RWI,517.9684,-0.8969282,1.312118,-1.602021
RWI,517.9765,-0.8992684,1.311328,-1.603746
RWI,517.9851,-0.9021166,1.310176,-1.605267
RWI,517.993,-0.9047439,1.309218,-1.60686
RWI,518.0016,-0.907323,1.307426,-1.608028
RWI,518.0099,-0.9098665,1.305819,-1.609264
RWI,518.0187,-0.9124614,1.304292,-1.610457
RWI,518.0264,-0.9153053,1.301842,-1.611525
RWI,518.0348,-0.9177741,1.299924,-1.612587
RWI,518.0441,-0.9202369,1.297072,-1.613535
RWI,518.0516,-0.9225844,1.294464,-1.614378
RWI,518.0599,-0.9250947,1.291594,-1.615117
RWI,518.0682,-0.9273705,1.288801,-1.615806
RWI,518.0782,-0.9296904,1.28561,-1.616364
RWI,518.0855,-0.9318278,1.282235,-1.616719
RWI,518.0931,-0.9339129,1.279007,-1.617098
RWI,518.1017,-0.9358636,1.275516,-1.617425
RWI,518.1099,-0.937751,1.271754,-1.617886
RWI,518.1183,-0.939657,1.268003,-1.61822
RWI,518.1268,-0.9415517,1.263906,-1.618328
RWI,518.135,-0.9434763,1.259774,-1.618419
RWI,518.1437,-0.9452348,1.255054,-1.618053
RWI,518.1519,-0.9469218,1.250309,-1.617517
RWI,518.1597,-0.9485087,1.245391,-1.616815
RWI,518.1688,-0.9501115,1.240641,-1.616222
RWI,518.1764,-0.9514576,1.235106,-1.615106
RWI,518.1851,-0.9526512,1.229908,-1.613978
RWI,518.1936,-0.9538599,1.224645,-1.61285
RWI,518.202,-0.9551731,1.219712,-1.611198
RWI,518.2106,-0.9563459,1.214105,-1.60972
RWI,518.2191,-0.9576797,1.208324,-1.608106
RWI,518.2283,-0.9591731,1.202257,-1.606873
RWI,518.2359,-0.9603844,1.195557,-1.604903
RWI,518.2452,-0.9614627,1.189159,-1.602838
RWI,518.2531,-0.9625979,1.182085,-1.600411
RWI,518.2616,-0.9643708,1.176108,-1.597248
RWI,518.2699,-0.9655454,1.169394,-1.594318
RWI,518.2792,-0.9666781,1.162547,-1.591363
RWI,518.2869,-0.9678437,1.155664,-1.588173
RWI,518.2955,-0.9689583,1.149016,-1.584943
RWI,518.3043,-0.9698585,1.142064,-1.581892
RWI,518.3124,-0.970738,1.135026,-1.578437
RWI,518.3204,-0.9716864,1.127916,-1.575067
RWI,518.3289,-0.9723793,1.12018,-1.571226
RWI,518.3373,-0.9732336,1.112358,-1.567425
RWI,518.3458,-0.9739124,1.104416,-1.563704
RWI,518.3541,-0.9749522,1.096242,-1.559629
RWI,518.3628,-0.975412,1.087997,-1.555792
RWI,518.3709,-0.9760414,1.079746,-1.552284
RWI,518.3786,-0.9764622,1.071588,-1.549127
RWI,518.3878,-0.9773295,1.063139,-1.545759
RWI,518.3953,-0.9777998,1.054934,-1.542458
RWI,518.4038,-0.9783731,1.046787,-1.53901
RWI,518.4125,-0.9789034,1.038401,-1.535707
RWI,518.4206,-0.9793567,1.029389,-1.532477
RWI,518.4288,-0.9800505,1.0203,-1.529515
RWI,518.4374,-0.9807356,1.01098,-1.526908
RWI,518.446,-0.9816421,1.001797,-1.5249
RWI,518.4537,-0.9824576,0.9925786,-1.523088
RWI,518.4621,-0.9834061,0.9835429,-1.520945
RWI,518.4706,-0.984367,0.9749428,-1.519497
RWI,518.4791,-0.9853991,0.9659265,-1.517688
RWI,518.4875,-0.9864026,0.9574,-1.515711
RWI,518.4957,-0.9871582,0.9489917,-1.513893
RWI,518.5037,-0.9884381,0.9405065,-1.511979
RWI,518.5119,-0.9888341,0.9327289,-1.510695
RWI,518.5203,-0.9903267,0.9238557,-1.509162
RWI,518.5289,-0.9910865,0.9154227,-1.507278
RWI,518.5369,-0.9919297,0.9070299,-1.506069
RWI,518.546,-0.9925519,0.8985074,-1.504714
RWI,518.554,-0.993224,0.8899355,-1.503683
RWI,518.5629,-0.9937373,0.8817834,-1.502923
RWI,518.5709,-0.9942915,0.8735372,-1.502473
RWI,518.5786,-0.994928,0.8655454,-1.502165
RWI,518.5869,-0.9956712,0.8573863,-1.501685
RWI,518.5953,-0.9963259,0.849321,-1.501528
RWI,518.6037,-0.9970073,0.8413725,-1.501397
RWI,518.6136,-0.9976518,0.8332974,-1.501235
RWI,518.6237,-0.9980397,0.826076,-1.501477
RWI,518.6331,-0.9990416,0.8153214,-1.501391
RWI,518.6386,-0.9998536,0.8066242,-1.50142
RWI,518.6448,-1.000053,0.8017036,-1.501671
RWI,518.6516,-1.000139,0.7973325,-1.50191
RWI,518.6599,-1.000528,0.7904078,-1.50206
RWI,518.6682,-1.001314,0.7829307,-1.502337
RWI,518.6767,-1.001943,0.7753564,-1.502483
RWI,518.6857,-1.003156,0.7672846,-1.503038
RWI,518.6935,-1.004529,0.7596954,-1.503851
RWI,518.7014,-1.005545,0.7522544,-1.504567
RWI,518.7097,-1.007062,0.7432935,-1.504885
RWI,518.7182,-1.007619,0.7382906,-1.507975
RWI,518.7269,-1.008133,0.7338335,-1.511553
RWI,518.7347,-1.008991,0.7298655,-1.514981
RWI,518.7438,-1.009673,0.7259948,-1.518387
RWI,518.7514,-1.010759,0.7224206,-1.521431
RWI,518.7601,-1.012182,0.7190892,-1.524521
RWI,518.7688,-1.014482,0.7164819,-1.526548
RWI,518.7786,-1.016266,0.7137677,-1.529356
RWI,518.7877,-1.019196,0.710866,-1.532904
RWI,518.7935,-1.02186,0.7085255,-1.535705
RWI,518.8015,-1.023933,0.7066621,-1.537788
RWI,518.8105,-1.026707,0.7044769,-1.540511
RWI,518.8192,-1.029882,0.7019362,-1.543977
RWI,518.8266,-1.033391,0.6996308,-1.547533
RWI,518.8344,-1.035858,0.6976674,-1.550943
RWI,518.8441,-1.038421,0.6958842,-1.554531
RWI,518.8519,-1.040308,0.694235,-1.557477
RWI,518.8597,-1.04197,0.692575,-1.560586
RWI,518.8682,-1.043131,0.691044,-1.563272
RWI,518.8768,-1.043828,0.6899058,-1.56569
RWI,518.8855,-1.045088,0.6886265,-1.5679
RWI,518.8933,-1.050608,0.6890594,-1.567352
RWI,518.9017,-1.05227,0.6879892,-1.569869
RWI,518.9099,-1.052263,0.686879,-1.572449
RWI,518.9182,-1.054272,0.6865695,-1.573447
RWI,518.9269,-1.056085,0.6862276,-1.5749
RWI,518.9374,-1.057245,0.6858627,-1.576092
RWI,518.9473,-1.059081,0.6860923,-1.576127
RWI,518.9531,-1.059568,0.6860217,-1.576279
RWI,518.9595,-1.059842,0.6859013,-1.576944
RWI,518.9683,-1.059628,0.6858095,-1.576738
RWI,518.9763,-1.059548,0.6859326,-1.5767
RWI,518.9849,-1.059502,0.6861874,-1.576205
RWI,518.9933,-1.059629,0.686455,-1.575814
RWI,519.0013,-1.059708,0.6867631,-1.575295
RWI,519.0112,-1.059723,0.6872389,-1.574638
RWI,519.018,-1.059134,0.6886932,-1.574346
RWI,519.027,-1.058559,0.6894118,-1.573356
RWI,519.0348,-1.057858,0.6901317,-1.572115
RWI,519.0442,-1.05714,0.6910574,-1.571398
RWI,519.0515,-1.055957,0.6921299,-1.569572
RWI,519.0599,-1.055134,0.6933686,-1.568392
RWI,519.0679,-1.054093,0.6945644,-1.56699
RWI,519.0783,-1.052856,0.695955,-1.565114
RWI,519.0856,-1.051541,0.6975625,-1.562865
RWI,519.0933,-1.049899,0.6996055,-1.560713
RWI,519.1014,-1.048724,0.7012385,-1.559021
RWI,519.1099,-1.046968,0.7031323,-1.556677
RWI,519.1181,-1.044899,0.7050993,-1.55428
RWI,519.1264,-1.042834,0.7071661,-1.552156
RWI,519.1345,-1.040563,0.7092262,-1.549992
RWI,519.1442,-1.038504,0.711613,-1.548472
RWI,519.1519,-1.035827,0.7162961,-1.547938
RWI,519.1597,-1.032508,0.7210474,-1.548308
RWI,519.1687,-1.030393,0.723812,-1.543891
RWI,519.1765,-1.028034,0.7271231,-1.541229
RWI,519.1849,-1.025092,0.7317513,-1.539698
RWI,519.1931,-1.022524,0.7356265,-1.537794
RWI,519.2013,-1.019634,0.7403145,-1.536567
RWI,519.21,-1.01639,0.7461605,-1.536935
RWI,519.2182,-1.013271,0.7508877,-1.536076
RWI,519.2264,-1.010295,0.7556874,-1.535193
RWI,519.2357,-1.007131,0.7601169,-1.53433
RWI,519.2462,-1.004563,0.7654355,-1.533834
RWI,519.2551,-1.000801,0.7728103,-1.533593
RWI,519.2608,-0.9979726,0.7783287,-1.533324
RWI,519.2685,-0.9964141,0.7817328,-1.533928
RWI,519.2788,-0.9939933,0.7862961,-1.53397
RWI,519.2859,-0.9912186,0.791551,-1.534825
RWI,519.2938,-0.9880922,0.7972682,-1.536388
RWI,519.3016,-0.9858944,0.8027234,-1.536838
RWI,519.3099,-0.9832702,0.8083885,-1.537484
RWI,519.3187,-0.9808886,0.8137851,-1.537512
RWI,519.3266,-0.9783913,0.8191528,-1.537731
RWI,519.3352,-0.9757816,0.8248565,-1.537836
RWI,519.3437,-0.9731349,0.8305557,-1.538063
RWI,519.3519,-0.9705663,0.8360166,-1.538422
RWI,519.3601,-0.968044,0.8418586,-1.538959
RWI,519.3687,-0.9655865,0.8477529,-1.540145
RWI,519.3766,-0.963156,0.8536181,-1.541469
RWI,519.385,-0.9607807,0.8596134,-1.542989
RWI,519.3938,-0.9586201,0.8656309,-1.544734
RWI,519.4016,-0.9563948,0.8718621,-1.546673
RWI,519.411,-0.9537305,0.8780564,-1.549002
RWI,519.4186,-0.9513729,0.8845824,-1.551461
RWI,519.427,-0.9492804,0.8906057,-1.553669
RWI,519.4348,-0.9470272,0.8967693,-1.55619
RWI,519.4448,-0.9450099,0.9029813,-1.559054
RWI,519.4515,-0.9429491,0.9091223,-1.561985
RWI,519.4602,-0.9409412,0.9153495,-1.565307
RWI,519.4683,-0.9392026,0.9215296,-1.568774
RWI,519.4773,-0.9373044,0.9275478,-1.571825
RWI,519.4858,-0.9359279,0.9339757,-1.576075
RWI,519.4933,-0.9341362,0.9399905,-1.579786
RWI,519.5018,-0.9326367,0.9459779,-1.583507
RWI,519.5101,-0.931087,0.9521393,-1.587258
RWI,519.5183,-0.9294349,0.9583144,-1.591502
RWI,519.527,-0.9279339,0.9642645,-1.595497
RWI,519.5353,-0.9261264,0.970257,-1.600194
RWI,519.5451,-0.9247845,0.9759568,-1.604385
RWI,519.556,-0.9233137,0.9817783,-1.608735
RWI,519.5663,-0.9213588,0.9902401,-1.615315
RWI,519.5722,-0.9195758,0.9972539,-1.62076
RWI,519.5774,-0.9187347,1.001638,-1.623887
RWI,519.5844,-0.91803,1.005563,-1.626829
RWI,519.5933,-0.9168953,1.010499,-1.630651
RWI,519.6011,-0.9157221,1.016142,-1.634998
RWI,519.61,-0.9143558,1.021618,-1.639551
RWI,519.6183,-0.9132527,1.027013,-1.643878
RWI,519.6265,-0.912205,1.031839,-1.648218
RWI,519.6351,-0.9110782,1.036934,-1.652542
RWI,519.644,-0.9100454,1.042076,-1.656807
RWI,519.6521,-0.9090869,1.047099,-1.660945
RWI,519.6602,-0.9080895,1.052349,-1.665013
RWI,519.6683,-0.907185,1.057524,-1.669037
RWI,519.6768,-0.9061667,1.062608,-1.672756
RWI,519.6863,-0.905294,1.067671,-1.676332
RWI,519.6929,-0.9043502,1.072594,-1.679983
RWI,519.702,-0.9034433,1.077029,-1.683148
RWI,519.7119,-0.9026077,1.081494,-1.686273
RWI,519.7204,-0.901691,1.086908,-1.690083
RWI,519.7263,-0.9007232,1.091286,-1.692811
RWI,519.7363,-0.9001246,1.094225,-1.694525
RWI,519.7435,-0.8991835,1.098492,-1.696866
RWI,519.7515,-0.8981522,1.10309,-1.699165
RWI,519.7595,-0.8973198,1.107108,-1.700948
RWI,519.7684,-0.8965011,1.111425,-1.702697
RWI,519.7768,-0.8954808,1.115902,-1.704624
RWI,519.7845,-0.8945371,1.120495,-1.706101
RWI,519.7933,-0.8938048,1.124712,-1.707424
RWI,519.801,-0.8928177,1.128728,-1.708228
RWI,519.8107,-0.8919245,1.132375,-1.708582
RWI,519.8199,-0.890722,1.136011,-1.70827
RWI,519.8284,-0.8894168,1.140134,-1.70837
RWI,519.8352,-0.8885965,1.144305,-1.707968
RWI,519.8436,-0.8874336,1.148395,-1.70747
RWI,519.8514,-0.8864101,1.15285,-1.706918
RWI,519.8604,-0.8851136,1.157538,-1.70613
RWI,519.8704,-0.8840591,1.162323,-1.704963
RWI,519.8796,-0.8823376,1.168082,-1.703331
RWI,519.8849,-0.8808054,1.173067,-1.701273
RWI,519.8932,-0.8800259,1.176138,-1.700015
RWI,519.9011,-0.8790667,1.180002,-1.698188
RWI,519.9097,-0.8782483,1.183768,-1.695915
RWI,519.9186,-0.8773354,1.188257,-1.693729
RWI,519.9265,-0.8763497,1.192432,-1.691905
RWI,519.9352,-0.8758234,1.197177,-1.690397
RWI,519.9435,-0.8748626,1.201506,-1.68848
RWI,519.9515,-0.8742403,1.205974,-1.687145
RWI,519.9602,-0.8734055,1.210584,-1.685196
RWI,519.9684,-0.8729861,1.21502,-1.683093
RWI,519.9766,-0.8724358,1.219536,-1.68083
RWI,519.9854,-0.8718648,1.224204,-1.678705
RWI,519.9937,-0.8712787,1.228986,-1.676544
RWI,520.0016,-0.8710072,1.233952,-1.67456
RWI,520.0105,-0.870371,1.238944,-1.672412
RWI,520.0218,-0.8699443,1.244041,-1.670355
RWI,520.0308,-0.8700441,1.250799,-1.667407
RWI,520.0357,-0.8700715,1.256905,-1.665346
RWI,520.0439,-0.8699318,1.260048,-1.664037
RWI,520.0513,-0.8703095,1.264212,-1.662246
RWI,520.0594,-0.8706657,1.269184,-1.660211
RWI,520.0678,-0.8711421,1.273952,-1.658231
RWI,520.0765,-0.8715775,1.278895,-1.655483
RWI,520.0853,-0.8718164,1.283466,-1.65341
RWI,520.093,-0.8729341,1.288528,-1.650779
RWI,520.1011,-0.8734659,1.292759,-1.648907
RWI,520.1097,-0.8745887,1.297961,-1.646737
RWI,520.1179,-0.8753976,1.302808,-1.644475
RWI,520.1259,-0.8761181,1.307468,-1.642892
RWI,520.1342,-0.8769884,1.312245,-1.640343
RWI,520.1435,-0.8777324,1.316489,-1.638065
RWI,520.1512,-0.8784047,1.320775,-1.63535
RWI,520.1594,-0.8793294,1.32469,-1.632723
RWI,520.1685,-0.8800208,1.328371,-1.629834
RWI,520.178,-0.8807785,1.331817,-1.626959
RWI,520.1873,-0.8817391,1.335364,-1.623237
RWI,520.1928,-0.8823967,1.338187,-1.62022
RWI,520.2014,-0.882848,1.340346,-1.617936
RWI,520.2096,-0.8834691,1.341953,-1.615387
RWI,520.2182,-0.8840291,1.344444,-1.612363
RWI,520.2264,-0.8848961,1.346083,-1.609889
RWI,520.2344,-0.8856081,1.347691,-1.607195
RWI,520.2436,-0.8866736,1.349447,-1.604586
RWI,520.2512,-0.8875976,1.351292,-1.602103
RWI,520.2598,-0.888548,1.352737,-1.599503
RWI,520.2676,-0.8889792,1.354242,-1.596695
RWI,520.277,-0.888862,1.354851,-1.594781
RWI,520.2847,-0.8890603,1.3562,-1.592478
RWI,520.2934,-0.8891232,1.35707,-1.590594
RWI,520.301,-0.8893999,1.357874,-1.58855
RWI,520.3093,-0.889819,1.358084,-1.58665
RWI,520.3177,-0.890424,1.357953,-1.584654
RWI,520.3267,-0.8908731,1.357612,-1.583021
RWI,520.3347,-0.8915401,1.356894,-1.581796
RWI,520.3436,-0.8919421,1.356375,-1.580472
RWI,520.3516,-0.8922173,1.355844,-1.579072
RWI,520.3607,-0.8926157,1.355415,-1.578058
RWI,520.3693,-0.8933316,1.355019,-1.577425
RWI,520.377,-0.8934541,1.354406,-1.576401
RWI,520.386,-0.8937799,1.354166,-1.575716
RWI,520.3938,-0.8942179,1.353651,-1.575016
RWI,520.4021,-0.8942605,1.352911,-1.574449
RWI,520.4111,-0.8944743,1.352274,-1.574074
RWI,520.4192,-0.8949039,1.351527,-1.573706
RWI,520.4271,-0.8949983,1.350508,-1.573685
RWI,520.4358,-0.8951495,1.349319,-1.573708
RWI,520.4446,-0.8952888,1.348238,-1.573741
RWI,520.4526,-0.895515,1.347121,-1.57378
RWI,520.4606,-0.8957239,1.34593,-1.573727
RWI,520.4687,-0.8952399,1.344581,-1.57375
RWI,520.4783,-0.8948408,1.343319,-1.573801
RWI,520.4902,-0.8943573,1.342232,-1.573743
RWI,520.4998,-0.8936902,1.340673,-1.573623
RWI,520.5096,-0.8933138,1.339867,-1.573668
RWI,520.5175,-0.8927257,1.339134,-1.57348
RWI,520.526,-0.8924505,1.338587,-1.573477
RWI,520.5345,-0.8920082,1.338056,-1.573426
RWI,520.5436,-0.8917935,1.337806,-1.573496
RWI,520.5524,-0.8914707,1.338332,-1.573593
RWI,520.5594,-0.8914148,1.338317,-1.573443
RWI,520.5682,-0.8915089,1.337799,-1.573546
RWI,520.5759,-0.8913574,1.337085,-1.573402
RWI,520.5841,-0.8905585,1.336051,-1.573126
RWI,520.5928,-0.8897757,1.335415,-1.573077
RWI,520.6009,-0.8892295,1.334764,-1.572931
RWI,520.6099,-0.8891315,1.334243,-1.573178
RWI,520.6179,-0.8889502,1.333527,-1.5733
RWI,520.6261,-0.8888326,1.332391,-1.573744
RWI,520.6345,-0.888536,1.331745,-1.573853
RWI,520.644,-0.8883933,1.331187,-1.574085
RWI,520.6511,-0.8881004,1.330749,-1.574285
RWI,520.6595,-0.8880231,1.330065,-1.574419
RWI,520.6677,-0.8879502,1.329885,-1.574349
RWI,520.6763,-0.8876133,1.329307,-1.574325
RWI,520.6855,-0.8874143,1.328781,-1.5744
RWI,520.6929,-0.8871127,1.328304,-1.574441
RWI,520.7012,-0.8868489,1.327789,-1.574422
RWI,520.7094,-0.8867099,1.327448,-1.574421
RWI,520.7177,-0.8865445,1.327222,-1.574435
RWI,520.7263,-0.8861855,1.327132,-1.574506
RWI,520.7344,-0.8859429,1.326858,-1.574475
RWI,520.7437,-0.8856304,1.326927,-1.574607
RWI,520.7515,-0.8855776,1.326906,-1.574712
RWI,520.7595,-0.8854661,1.326875,-1.574703
RWI,520.7679,-0.8852876,1.327196,-1.574619
RWI,520.7762,-0.8851908,1.327257,-1.574598
RWI,520.7844,-0.885164,1.327251,-1.574674
RWI,520.7935,-0.8850035,1.327333,-1.574841
RWI,520.8038,-0.8850399,1.327351,-1.574873
RWI,520.8163,-0.8850843,1.327301,-1.575038
RWI,520.8225,-0.8853354,1.327505,-1.575121
RWI,520.828,-0.885608,1.327731,-1.575264
RWI,520.8341,-0.8857805,1.327989,-1.575532
RWI,520.8436,-0.8859174,1.328153,-1.575673
RWI,520.8514,-0.8862232,1.328368,-1.575937
RWI,520.8594,-0.886561,1.328473,-1.576189
RWI,520.8675,-0.8871726,1.3288,-1.576496
RWI,520.8762,-0.8877482,1.328956,-1.576947
RWI,520.885,-0.8885949,1.328911,-1.577525
RWI,520.8927,-0.88938,1.329061,-1.578178
RWI,520.9012,-0.8902447,1.329046,-1.57877
RWI,520.9092,-0.8911693,1.329306,-1.579503
RWI,520.9178,-0.8923038,1.329535,-1.580314
RWI,520.926,-0.8936234,1.329747,-1.581187
RWI,520.9341,-0.8949841,1.329938,-1.582079
RWI,520.943,-0.8962238,1.330342,-1.583189
RWI,520.9513,-0.8978269,1.330279,-1.584009
RWI,520.9594,-0.8994359,1.330366,-1.585086
RWI,520.9678,-0.901345,1.330333,-1.586119
RWI,520.9758,-0.9032282,1.330236,-1.587363
RWI,520.9846,-0.9056414,1.330091,-1.588747
RWI,520.9927,-0.9079369,1.329872,-1.589805
RWI,521.0007,-0.9104663,1.329697,-1.591172
RWI,521.0096,-0.9129398,1.329379,-1.592186
RWI,521.0173,-0.9157501,1.328909,-1.593546
RWI,521.0263,-0.9183593,1.328376,-1.594517
RWI,521.0344,-0.9209395,1.327927,-1.595575
RWI,521.0441,-0.9239985,1.327357,-1.596747
RWI,521.0511,-0.9267679,1.326569,-1.597619
RWI,521.0595,-0.9296405,1.325956,-1.598443
RWI,521.0674,-0.9326305,1.325091,-1.59929
RWI,521.0767,-0.9359239,1.324052,-1.600102
RWI,521.085,-0.9389938,1.322996,-1.600802
RWI,521.0926,-0.9420587,1.321925,-1.601453
RWI,521.1007,-0.9449165,1.320964,-1.601846
RWI,521.1097,-0.9479181,1.319746,-1.602445
RWI,521.1176,-0.9510869,1.318358,-1.602942
RWI,521.126,-0.9542822,1.316736,-1.603251
RWI,521.1342,-0.9574857,1.315242,-1.603804
RWI,521.1431,-0.9606354,1.313601,-1.604007
RWI,521.1512,-0.9635407,1.311656,-1.604215
RWI,521.1594,-0.9665416,1.309847,-1.604393
RWI,521.1679,-0.9694125,1.307429,-1.604322
RWI,521.176,-0.9722813,1.305088,-1.604209
RWI,521.1847,-0.975081,1.302564,-1.603928
RWI,521.1934,-0.9780283,1.299861,-1.603518
RWI,521.2017,-0.9808158,1.296805,-1.602872
RWI,521.2106,-0.983391,1.293571,-1.602165
RWI,521.2192,-0.9860837,1.290106,-1.601073
RWI,521.2274,-0.9885483,1.286337,-1.599928
RWI,521.236,-0.9910225,1.282139,-1.598493
RWI,521.2453,-0.9934712,1.278335,-1.59726
RWI,521.2529,-0.9959899,1.27363,-1.595635
RWI,521.2616,-0.9980741,1.269052,-1.593549
RWI,521.27,-1.000111,1.264127,-1.591553
RWI,521.2786,-1.002035,1.259385,-1.589356
RWI,521.2872,-1.003865,1.254347,-1.587119
RWI,521.2952,-1.005415,1.249204,-1.584774
RWI,521.3033,-1.007001,1.243726,-1.582375
RWI,521.3115,-1.008669,1.238058,-1.579702
RWI,521.3203,-1.010105,1.232204,-1.577024
RWI,521.328,-1.011521,1.226067,-1.574314
RWI,521.3364,-1.012833,1.219683,-1.571139
RWI,521.3451,-1.014162,1.213522,-1.568203
RWI,521.353,-1.015074,1.20636,-1.564757
RWI,521.3623,-1.016152,1.199658,-1.561479
RWI,521.3702,-1.016906,1.192488,-1.558256
RWI,521.3784,-1.01809,1.185341,-1.554837
RWI,521.3864,-1.018649,1.17751,-1.551605
RWI,521.3955,-1.01953,1.170083,-1.548472
RWI,521.4033,-1.019951,1.162425,-1.545148
RWI,521.4119,-1.020416,1.154777,-1.541764
RWI,521.4199,-1.020757,1.147033,-1.538181
RWI,521.4283,-1.02125,1.139219,-1.53479
RWI,521.4366,-1.021216,1.131356,-1.531359
RWI,521.4458,-1.020957,1.123476,-1.527929
RWI,521.453,-1.021275,1.115302,-1.52424
RWI,521.4615,-1.021077,1.107455,-1.521114
RWI,521.4697,-1.021293,1.099526,-1.517739
RWI,521.4789,-1.021546,1.091723,-1.514498
RWI,521.4868,-1.021845,1.083741,-1.511318
RWI,521.4952,-1.021954,1.075621,-1.508272
RWI,521.5032,-1.022076,1.068093,-1.505958
RWI,521.5113,-1.022154,1.059862,-1.502803
RWI,521.5203,-1.022319,1.051903,-1.500236
RWI,521.5284,-1.022283,1.043694,-1.497803
RWI,521.5362,-1.022315,1.035654,-1.495476
RWI,521.5453,-1.022217,1.027607,-1.493461
RWI,521.5532,-1.022201,1.019661,-1.491419
RWI,521.5631,-1.022588,1.011476,-1.489521
RWI,521.5703,-1.022433,1.003315,-1.487613
RWI,521.578,-1.022385,0.9956971,-1.485857
RWI,521.5865,-1.022046,0.9878156,-1.484593
RWI,521.5948,-1.022161,0.9799656,-1.483256
RWI,521.6036,-1.022002,0.9721127,-1.481712
RWI,521.6121,-1.022062,0.9641037,-1.480308
RWI,521.62,-1.02211,0.9565991,-1.479015
RWI,521.6284,-1.022101,0.9486623,-1.478109
RWI,521.6364,-1.021979,0.941012,-1.477028
RWI,521.6458,-1.021531,0.9333897,-1.476396
RWI,521.6531,-1.021248,0.9256471,-1.475594
RWI,521.6614,-1.020881,0.918538,-1.474999
RWI,521.6699,-1.02057,0.9110578,-1.474217
RWI,521.6786,-1.02029,0.9037977,-1.473454
RWI,521.687,-1.02001,0.8967394,-1.472768
RWI,521.6946,-1.019731,0.8895919,-1.472259
RWI,521.7034,-1.019281,0.8826906,-1.471973
RWI,521.7114,-1.019103,0.8754833,-1.47145
RWI,521.72,-1.018946,0.8684621,-1.47126
RWI,521.728,-1.019083,0.8612229,-1.471339
RWI,521.7363,-1.018942,0.8539078,-1.471762
RWI,521.745,-1.019278,0.8460889,-1.47207
RWI,521.7534,-1.019496,0.8386803,-1.472609
RWI,521.7614,-1.019903,0.8312847,-1.473204
RWI,521.77,-1.020493,0.8237022,-1.473998
RWI,521.7784,-1.021445,0.8159848,-1.474529
RWI,521.7863,-1.021998,0.8088059,-1.475891
RWI,521.7949,-1.023137,0.8011206,-1.476928
RWI,521.8029,-1.024469,0.7934805,-1.478429
RWI,521.8129,-1.025995,0.7853863,-1.479985
RWI,521.9243,-1.027887,0.7769414,-1.481708
RWI,521.9331,-1.055717,0.688382,-1.535306
RWI,521.9435,-1.064265,0.6640945,-1.531273
RWI,521.9512,-1.067061,0.659197,-1.536822
RWI,521.9595,-1.069756,0.6543119,-1.541164
RWI,521.9681,-1.072524,0.6493671,-1.545715
RWI,521.976,-1.074715,0.6455054,-1.550549
RWI,521.9843,-1.076061,0.6434602,-1.55575
RWI,521.9927,-1.077,0.6416078,-1.560908
RWI,522.0009,-1.077997,0.6398809,-1.566009
RWI,522.0095,-1.078982,0.6383426,-1.570838
RWI,522.0177,-1.080119,0.6371763,-1.574918
RWI,522.0258,-1.081467,0.636,-1.579165
RWI,522.0345,-1.085568,0.6358767,-1.581432
RWI,522.0432,-1.088418,0.6355552,-1.584824
RWI,522.0513,-1.090242,0.6351684,-1.58803
RWI,522.0593,-1.092348,0.6352042,-1.590405
RWI,522.0678,-1.094056,0.6350777,-1.592863
RWI,522.0775,-1.095495,0.6352152,-1.594875
RWI,522.0853,-1.096732,0.6354759,-1.596146
RWI,522.0925,-1.097799,0.6356705,-1.597734
RWI,522.1006,-1.097745,0.6370014,-1.597918
RWI,522.1094,-1.095792,0.6376832,-1.599176
RWI,522.1176,-1.095011,0.6397413,-1.599736
RWI,522.1257,-1.093493,0.6414486,-1.598723
RWI,522.1339,-1.09241,0.6422634,-1.595365
RWI,522.1429,-1.091168,0.6435785,-1.593775
RWI,522.1511,-1.090268,0.6435028,-1.590528
RWI,522.1591,-1.089889,0.6427798,-1.586119
RWI,522.1678,-1.08777,0.6436698,-1.581357
RWI,522.176,-1.086166,0.6443363,-1.577253
RWI,522.184,-1.084815,0.6450078,-1.57319
RWI,522.193,-1.083556,0.6456887,-1.569417
RWI,522.2008,-1.082413,0.646542,-1.565159
RWI,522.2095,-1.081122,0.6482652,-1.561553
RWI,522.2172,-1.079527,0.6502419,-1.557733
RWI,522.2258,-1.077679,0.6523689,-1.553859
RWI,522.2347,-1.074582,0.6551767,-1.552553
RWI,522.2463,-1.072211,0.6584086,-1.549087
RWI,522.2555,-1.06926,0.6637001,-1.54532
RWI,522.2612,-1.066219,0.6678032,-1.541191
RWI,522.2675,-1.064422,0.6701953,-1.539566
RWI,522.2766,-1.062459,0.672518,-1.536876
RWI,522.2852,-1.059664,0.6758742,-1.533138
RWI,522.2925,-1.056703,0.679287,-1.529883
RWI,522.3006,-1.053918,0.6826423,-1.526267
RWI,522.3091,-1.051126,0.6862775,-1.523267
RWI,522.3174,-1.048347,0.6899884,-1.519846
RWI,522.3264,-1.045136,0.6939719,-1.516878
RWI,522.3339,-1.042206,0.6978653,-1.513609
RWI,522.3428,-1.039323,0.7015615,-1.510481
RWI,522.3511,-1.036313,0.7057753,-1.50724
RWI,522.3594,-1.033189,0.7097389,-1.504374
RWI,522.3679,-1.029936,0.7136217,-1.501913
RWI,522.3757,-1.026607,0.7176676,-1.499297
RWI,522.3848,-1.022567,0.7212862,-1.497355
RWI,522.3951,-1.019444,0.7258897,-1.49536
RWI,522.4044,-1.014237,0.7311617,-1.493423
RWI,522.4095,-1.010978,0.7360219,-1.491982
RWI,522.4178,-1.008669,0.7389233,-1.490863
RWI,522.4256,-1.004954,0.7430291,-1.489959
RWI,522.4341,-1.001689,0.7477635,-1.489337
RWI,522.4432,-0.9981282,0.752591,-1.487954
RWI,522.4512,-0.99479,0.7572252,-1.48734
RWI,522.459,-0.9913561,0.7619112,-1.486971
RWI,522.4676,-0.988145,0.7664071,-1.486566
RWI,522.476,-0.9845937,0.7708588,-1.486675
RWI,522.4854,-0.9813633,0.7750013,-1.487055
RWI,522.4922,-0.9780387,0.7798213,-1.487469
RWI,522.5008,-0.9749687,0.784133,-1.487813
RWI,522.5093,-0.9719816,0.7886274,-1.489002
RWI,522.5172,-0.9691765,0.7930957,-1.490049
RWI,522.5261,-0.9658202,0.7974269,-1.491397
RWI,522.5342,-0.9629081,0.8019699,-1.493045
RWI,522.5437,-0.9599934,0.8063151,-1.494581
RWI,522.5507,-0.9570854,0.810538,-1.496127
RWI,522.5594,-0.954308,0.8148635,-1.497782
RWI,522.5677,-0.9512455,0.8194005,-1.50007
RWI,522.5756,-0.9485481,0.8238966,-1.502276
RWI,522.5845,-0.9461583,0.8283221,-1.504633
RWI,522.5927,-0.9436362,0.8329564,-1.507669
RWI,522.6009,-0.9411157,0.8373,-1.510422
RWI,522.6095,-0.9388825,0.8417977,-1.513571
RWI,522.6177,-0.9368649,0.8464479,-1.516917
RWI,522.6259,-0.9346628,0.8509524,-1.520361
RWI,522.6344,-0.9328051,0.8555685,-1.523901
RWI,522.6429,-0.9308548,0.8603605,-1.527672
RWI,522.6511,-0.9290111,0.8650703,-1.531305
RWI,522.6598,-0.9270425,0.8696685,-1.534827
RWI,522.6675,-0.9250574,0.8745794,-1.538685
RWI,522.6761,-0.9231585,0.8793412,-1.542374
RWI,522.6853,-0.9212875,0.8839769,-1.546322
RWI,522.6932,-0.9195174,0.8890204,-1.550358
RWI,522.7016,-0.9179031,0.89393,-1.554717
RWI,522.7098,-0.916207,0.8986816,-1.559382
RWI,522.7181,-0.9148365,0.9036486,-1.563711
RWI,522.7272,-0.913266,0.9086272,-1.569038
RWI,522.7352,-0.9122519,0.9136435,-1.574021
RWI,522.7444,-0.9110727,0.9188848,-1.578956
RWI,522.7522,-0.910019,0.9240066,-1.583915
RWI,522.7607,-0.9090656,0.928965,-1.588605
RWI,522.7694,-0.9078929,0.9340735,-1.593209
RWI,522.7775,-0.9067898,0.9393498,-1.597778
RWI,522.7864,-0.9057677,0.9444049,-1.602294
RWI,522.7949,-0.9050667,0.9498737,-1.606613
RWI,522.8027,-0.9040459,0.9551175,-1.611356
RWI,522.8127,-0.9032999,0.9600053,-1.61563
RWI,522.8201,-0.9025276,0.9652508,-1.620125
RWI,522.8287,-0.9017289,0.9707045,-1.624337
RWI,522.8374,-0.9010106,0.9761884,-1.628579
RWI,522.8456,-0.9002839,0.9818209,-1.633021
RWI,522.8532,-0.8996904,0.987094,-1.636475
RWI,522.8613,-0.8989417,0.9924244,-1.640515
RWI,522.8698,-0.8982123,0.9980353,-1.644044
RWI,522.8784,-0.8972317,1.003871,-1.647669
RWI,522.8865,-0.8964846,1.009507,-1.65109
RWI,522.8949,-0.8958008,1.015306,-1.654212
RWI,522.903,-0.895063,1.020941,-1.657788
RWI,522.911,-0.8949734,1.026507,-1.661528
RWI,522.9194,-0.8942558,1.03183,-1.665185
RWI,522.9279,-0.8937815,1.036829,-1.668745
RWI,522.936,-0.8933001,1.041959,-1.672007
RWI,522.9453,-0.8928736,1.047109,-1.675381
RWI,522.953,-0.8923206,1.052416,-1.678615
RWI,522.9611,-0.8917117,1.057871,-1.681346
RWI,522.97,-0.8911062,1.062874,-1.683993
RWI,522.9777,-0.8903941,1.067772,-1.686709
RWI,522.9863,-0.8897599,1.072491,-1.689126
RWI,522.9949,-0.8890601,1.077226,-1.69157
RWI,523.0027,-0.8884506,1.081908,-1.693709
RWI,523.012,-0.8878319,1.086594,-1.695815
RWI,523.0224,-0.8871838,1.091168,-1.697841
RWI,523.0319,-0.8863274,1.097019,-1.700373
RWI,523.0375,-0.8856627,1.101537,-1.702303
RWI,523.0434,-0.8852719,1.104229,-1.703343
RWI,523.0505,-0.8848604,1.106785,-1.704315
RWI,523.059,-0.8843381,1.110189,-1.705409
RWI,523.0671,-0.8835982,1.113836,-1.706582
RWI,523.0765,-0.882539,1.117139,-1.707696
RWI,523.085,-0.8818736,1.120811,-1.708651
RWI,523.0925,-0.8813295,1.124466,-1.708967
RWI,523.1005,-0.8809575,1.128038,-1.709263
RWI,523.1091,-0.8804811,1.131995,-1.70935
RWI,523.1172,-0.8799309,1.13598,-1.709317
RWI,523.1255,-0.8795406,1.139774,-1.709127
RWI,523.1339,-0.8788118,1.144073,-1.708799
RWI,523.1425,-0.8780678,1.148283,-1.708414
RWI,523.1508,-0.8773178,1.152557,-1.707918
RWI,523.159,-0.8764609,1.15698,-1.707647
RWI,523.1678,-0.8757403,1.161279,-1.707196
RWI,523.1754,-0.875101,1.165606,-1.706697
RWI,523.1839,-0.874477,1.169844,-1.706078
RWI,523.1921,-0.8740212,1.173623,-1.705644
RWI,523.2003,-0.8735051,1.178061,-1.705109
RWI,523.2093,-0.8730946,1.18216,-1.704345
RWI,523.2173,-0.8722793,1.186836,-1.704214
RWI,523.2255,-0.8723471,1.19118,-1.704604
RWI,523.2339,-0.8722826,1.195726,-1.705095
RWI,523.2427,-0.8719149,1.200545,-1.705475
RWI,523.2505,-0.8717607,1.205497,-1.706367
RWI,523.259,-0.8716801,1.209945,-1.706443
RWI,523.2671,-0.8715208,1.214552,-1.706097
RWI,523.2757,-0.8709025,1.219113,-1.704934
RWI,523.2855,-0.8704089,1.223611,-1.70355
RWI,523.2922,-0.8699124,1.22804,-1.701672
RWI,523.3004,-0.8691264,1.231729,-1.699795
RWI,523.309,-0.8687763,1.235439,-1.697916
RWI,523.3174,-0.8683487,1.239197,-1.696119
RWI,523.3261,-0.8683445,1.24267,-1.694246
RWI,523.3346,-0.8681766,1.24633,-1.692373
RWI,523.3438,-0.8688368,1.249768,-1.690383
RWI,523.3514,-0.8687749,1.253526,-1.688612
RWI,523.3597,-0.8686415,1.256938,-1.68636
RWI,523.369,-0.8683231,1.260643,-1.684234
RWI,523.3768,-0.8676109,1.26449,-1.681933
RWI,523.3857,-0.8668957,1.267732,-1.679202
RWI,523.3939,-0.8659644,1.271147,-1.676467
RWI,523.402,-0.8650911,1.274209,-1.673772
RWI,523.4121,-0.8644627,1.276937,-1.671034
RWI,523.4191,-0.8639224,1.279955,-1.668213
RWI,523.4277,-0.86335,1.282673,-1.665703
RWI,523.4359,-0.8631663,1.285284,-1.663515
RWI,523.4454,-0.8628846,1.287951,-1.661335
RWI,523.4525,-0.8625376,1.290571,-1.659317
RWI,523.4611,-0.8620944,1.292978,-1.657387
RWI,523.4695,-0.861448,1.295331,-1.65507
RWI,523.4785,-0.8605329,1.29723,-1.652796
RWI,523.4898,-0.8598183,1.298901,-1.650443
RWI,523.4999,-0.8587729,1.300907,-1.647486
RWI,523.5089,-0.8577818,1.302197,-1.645516
RWI,523.517,-0.8574101,1.303595,-1.643876
RWI,523.5255,-0.8569615,1.304748,-1.642541
RWI,523.5335,-0.8566688,1.305849,-1.641636
RWI,523.5436,-0.8562406,1.306755,-1.640847
RWI,523.5507,-0.8558378,1.307712,-1.640114
RWI,523.56,-0.8554547,1.308204,-1.639099
RWI,523.5675,-0.8549302,1.308728,-1.638316
RWI,523.5753,-0.8544507,1.308994,-1.637939
RWI,523.584,-0.8540903,1.309268,-1.637575
RWI,523.5922,-0.8537655,1.309704,-1.637523
RWI,523.6005,-0.8536098,1.309838,-1.638046
RWI,523.6099,-0.8536983,1.31016,-1.638743
RWI,523.6172,-0.8539011,1.310437,-1.639889
RWI,523.6254,-0.8539783,1.310779,-1.640494
RWI,523.6342,-0.8541471,1.310639,-1.641579
RWI,523.6451,-0.8541033,1.310601,-1.642428
RWI,523.6552,-0.8541226,1.30991,-1.643505
RWI,523.6606,-0.8541055,1.309525,-1.644495
RWI,523.6669,-0.8540678,1.308936,-1.645108
RWI,523.6757,-0.8540894,1.308392,-1.645796
RWI,523.6848,-0.8542271,1.30792,-1.646683
RWI,523.6923,-0.8543267,1.307339,-1.647792
RWI,523.7007,-0.8542102,1.307068,-1.648769
RWI,523.7087,-0.8542457,1.306584,-1.64994
RWI,523.7172,-0.8541508,1.306246,-1.651121
RWI,523.7254,-0.8541528,1.305872,-1.652099
RWI,523.7338,-0.8541448,1.305429,-1.653153
RWI,523.7424,-0.8540753,1.304993,-1.65423
RWI,523.751,-0.8539954,1.304448,-1.655242
RWI,523.7587,-0.8541434,1.303655,-1.656217
RWI,523.7675,-0.8538997,1.302837,-1.657335
RWI,523.7753,-0.8538136,1.302304,-1.658526
RWI,523.7837,-0.8533838,1.301732,-1.660039
RWI,523.7925,-0.8531907,1.301014,-1.661489
RWI,523.8001,-0.8530969,1.300213,-1.662956
RWI,523.8105,-0.8531131,1.299301,-1.664322
RWI,523.8174,-0.852792,1.298301,-1.665774
RWI,523.8262,-0.8528271,1.297023,-1.667455
RWI,523.8337,-0.852661,1.295969,-1.669076
RWI,523.8429,-0.8526683,1.294768,-1.670756
RWI,523.8503,-0.8526984,1.29339,-1.672611
RWI,523.8589,-0.8527055,1.292168,-1.674242
RWI,523.8672,-0.8528826,1.2907,-1.675896
RWI,523.8757,-0.8530338,1.289333,-1.67752
RWI,523.8848,-0.853066,1.288077,-1.679417
RWI,523.8922,-0.852958,1.286643,-1.681537
RWI,523.9005,-0.8528267,1.285401,-1.683426
RWI,523.9088,-0.8524569,1.283793,-1.686001
RWI,523.9174,-0.8523788,1.281864,-1.688549
RWI,523.9255,-0.8523389,1.279534,-1.691325
RWI,523.9335,-0.8525266,1.27657,-1.694182
RWI,523.9432,-0.8530213,1.272991,-1.696979
RWI,523.9503,-0.8538615,1.26821,-1.699711
RWI,523.959,-0.8547944,1.263284,-1.701939
RWI,523.9676,-0.85623,1.25755,-1.704221
RWI,523.9758,-0.8581634,1.251541,-1.706443
RWI,523.9844,-0.860462,1.245236,-1.709228
RWI,523.9929,-0.8635331,1.238717,-1.712502
RWI,524.0012,-0.8660719,1.232984,-1.716204
RWI,524.0102,-0.868574,1.227391,-1.719489
RWI,524.0209,-0.8712506,1.221219,-1.723782
RWI,524.0278,-0.8735166,1.215386,-1.728495
RWI,524.0354,-0.8763443,1.208973,-1.733473
RWI,524.0444,-0.8782178,1.203642,-1.737884
RWI,524.0522,-0.8809209,1.196731,-1.742004
RWI,524.0608,-0.8832909,1.190416,-1.746702
RWI,524.0695,-0.8856617,1.18392,-1.751128
RWI,524.0782,-0.8877448,1.177387,-1.755346
RWI,524.0862,-0.8901069,1.171287,-1.759545
RWI,524.0948,-0.8921335,1.165079,-1.763215
RWI,524.1049,-0.8942515,1.158985,-1.766509
RWI,524.1144,-0.8971421,1.151834,-1.770944
RWI,524.1198,-0.9002705,1.144809,-1.774439
RWI,524.1259,-0.9019458,1.141195,-1.776518
RWI,524.1352,-0.903574,1.137341,-1.778556
RWI,524.1426,-0.9055007,1.131974,-1.780908
RWI,524.258,-0.9067079,1.127201,-1.783381
RWI,524.2714,-0.9076663,1.122667,-1.785048
RWI,524.282,-0.9195184,1.07834,-1.80426
RWI,524.2886,-0.9182771,1.077737,-1.804202
RWI,524.2953,-0.9181428,1.077118,-1.804033
RWI,524.3008,-0.9173114,1.077238,-1.803285
RWI,524.3087,-0.9165549,1.077701,-1.802205
RWI,524.3168,-0.9158284,1.078235,-1.80096
RWI,524.3256,-0.9148127,1.079428,-1.799617
RWI,524.3336,-0.9137347,1.081159,-1.798082
RWI,524.3427,-0.9126485,1.083637,-1.796552
RWI,524.3502,-0.911244,1.086485,-1.794759
RWI,524.3589,-0.9096799,1.0898,-1.793056
RWI,524.3676,-0.9078862,1.09393,-1.791588
RWI,524.3754,-0.9059607,1.098903,-1.790324
RWI,524.3839,-0.9040012,1.104583,-1.788858
RWI,524.3923,-0.9017963,1.1103,-1.787395
RWI,524.4003,-0.8993745,1.116227,-1.785439
RWI,524.4103,-0.8968359,1.122145,-1.783044
RWI,524.4171,-0.8941835,1.128274,-1.779268
RWI,524.4255,-0.8918049,1.133915,-1.775538
RWI,524.4337,-0.8892384,1.139647,-1.771486
RWI,524.4424,-0.8868071,1.145742,-1.767133
RWI,524.4507,-0.8845922,1.151859,-1.762976
RWI,524.4588,-0.8823985,1.158203,-1.758518
RWI,524.4669,-0.880733,1.164988,-1.754289
RWI,524.4756,-0.8790779,1.171697,-1.74969
RWI,524.4845,-0.8774958,1.178587,-1.74492
RWI,524.492,-0.8759312,1.185534,-1.739457
RWI,524.5003,-0.8745527,1.192023,-1.734274
RWI,524.5087,-0.8731219,1.19881,-1.728377
RWI,524.5167,-0.8716581,1.205545,-1.72274
RWI,524.5253,-0.8703961,1.211877,-1.716699
RWI,524.5337,-0.8690696,1.218376,-1.710524
RWI,524.5425,-0.867846,1.224494,-1.703875
RWI,524.5502,-0.8669702,1.230991,-1.697714
RWI,524.5587,-0.8654974,1.237739,-1.691338
RWI,524.5676,-0.8645771,1.24372,-1.684939
RWI,524.5753,-0.8636922,1.249846,-1.678623
RWI,524.5837,-0.8630666,1.255586,-1.672507
RWI,524.5923,-0.8627253,1.261059,-1.666127
RWI,524.5999,-0.8623652,1.266239,-1.660226
RWI,524.6091,-0.8620926,1.271376,-1.654344
RWI,524.617,-0.861947,1.276437,-1.648532
RWI,524.6252,-0.8615453,1.281184,-1.642998
RWI,524.634,-0.861339,1.285944,-1.637592
RWI,524.6422,-0.8612645,1.2905,-1.632454
RWI,524.6504,-0.8611601,1.294645,-1.627304
RWI,524.659,-0.8611203,1.298489,-1.62227
RWI,524.6668,-0.8612155,1.30209,-1.61765
RWI,524.6761,-0.8615835,1.305655,-1.613325
RWI,524.6846,-0.8617174,1.309027,-1.609494
RWI,524.6922,-0.8620175,1.312681,-1.605078
RWI,524.7004,-0.8622663,1.315508,-1.601792
RWI,524.7087,-0.8627143,1.318531,-1.598785
RWI,524.717,-0.8630332,1.321756,-1.595187
RWI,524.7256,-0.8637156,1.323737,-1.592548
RWI,524.7353,-0.8641324,1.325966,-1.58948
RWI,524.7454,-0.86458,1.328441,-1.585658
RWI,524.7513,-0.8655747,1.329835,-1.582787
RWI,524.7586,-0.8660547,1.331225,-1.580566
RWI,524.7674,-0.8665724,1.33243,-1.578695
RWI,524.7751,-0.8673061,1.334069,-1.576602
RWI,524.7836,-0.8679574,1.335598,-1.575057
RWI,524.7921,-0.868627,1.33721,-1.573024
RWI,524.8006,-0.8689587,1.338534,-1.571479
RWI,524.8094,-0.8697231,1.340117,-1.569486
RWI,524.8177,-0.8701719,1.34095,-1.567822
RWI,524.826,-0.8707695,1.341346,-1.566162
RWI,524.834,-0.8713991,1.341689,-1.564804
RWI,524.8444,-0.8715381,1.342456,-1.563445
RWI,524.8514,-0.871923,1.342947,-1.562332
RWI,524.8593,-0.8719493,1.343033,-1.561119
RWI,524.8679,-0.8719181,1.342815,-1.560432
RWI,524.8765,-0.8718652,1.342616,-1.559739
RWI,524.8849,-0.8715854,1.342646,-1.558931
RWI,524.8926,-0.8712246,1.342011,-1.558418
RWI,524.9009,-0.8710472,1.34145,-1.557577
RWI,524.9092,-0.8704431,1.340191,-1.556751
RWI,524.918,-0.8698127,1.33823,-1.555836
RWI,524.9259,-0.8693022,1.336759,-1.554933
RWI,524.934,-0.8686596,1.33432,-1.554185
RWI,524.9437,-0.8679598,1.332423,-1.553553
RWI,524.9509,-0.8673002,1.330633,-1.552966
RWI,524.9594,-0.8668272,1.329042,-1.552488
RWI,524.9678,-0.8663759,1.327545,-1.552207
RWI,524.9758,-0.865763,1.326298,-1.552077
RWI,524.9841,-0.8654965,1.325322,-1.551699
RWI,524.9928,-0.8652051,1.324865,-1.551975
RWI,525.0009,-0.8641509,1.325686,-1.552177
RWI,525.0103,-0.8638034,1.324771,-1.552071
RWI,525.0175,-0.8633019,1.323629,-1.552138
RWI,525.0261,-0.8624466,1.321587,-1.551751
RWI,525.0349,-0.862044,1.31991,-1.551569
RWI,525.0466,-0.8617886,1.318199,-1.55168
RWI,525.0568,-0.8614198,1.315764,-1.551314
RWI,525.1734,-0.8617238,1.313945,-1.552072
RWI,525.1823,-0.8674814,1.312436,-1.559139
RWI,525.1929,-0.868402,1.312411,-1.560018
RWI,525.2037,-0.8695285,1.312675,-1.561041
RWI,525.2131,-0.87084,1.31299,-1.562322
RWI,525.2184,-0.8723089,1.313592,-1.563465
RWI,525.2254,-0.8730446,1.313927,-1.564101
RWI,525.2336,-0.8740486,1.314248,-1.564806
RWI,525.2422,-0.8753442,1.314584,-1.565817
RWI,525.2507,-0.8765663,1.314753,-1.566824
RWI,525.2588,-0.8781288,1.315059,-1.567865
RWI,525.2667,-0.8795331,1.315378,-1.568969
RWI,525.2755,-0.8812805,1.315729,-1.570195
RWI,525.2852,-0.8830783,1.316134,-1.571375
RWI,525.2919,-0.8849995,1.316431,-1.572714
RWI,525.3002,-0.8869885,1.316766,-1.574033
RWI,525.3084,-0.8888578,1.317132,-1.57541
RWI,525.3167,-0.8907942,1.31767,-1.576715
RWI,525.3254,-0.8927828,1.318054,-1.578181
RWI,525.3336,-0.8948468,1.318516,-1.57962
RWI,525.3423,-0.8970553,1.318725,-1.581052
RWI,525.3506,-0.8992701,1.318666,-1.582476
RWI,525.3583,-0.9016432,1.318607,-1.583889
RWI,525.3674,-0.9041346,1.318468,-1.585218
RWI,525.3753,-0.9071751,1.317683,-1.586948
RWI,525.3839,-0.909723,1.317366,-1.588242
RWI,525.3918,-0.9121535,1.316892,-1.589607
RWI,525.4004,-0.9147558,1.316409,-1.591054
RWI,525.4099,-0.9172847,1.315907,-1.59261
RWI,525.4171,-0.9198716,1.315281,-1.594109
RWI,525.4252,-0.9225292,1.314616,-1.595501
RWI,525.4338,-0.9247825,1.313988,-1.596845
RWI,525.4423,-0.9272249,1.313399,-1.598166
RWI,525.4503,-0.9296481,1.312296,-1.599221
RWI,525.4585,-0.9322722,1.310833,-1.600167
RWI,525.4666,-0.9347247,1.309621,-1.601156
RWI,525.4753,-0.9372436,1.307871,-1.601827
RWI,525.485,-0.9397547,1.305796,-1.602549
RWI,525.4921,-0.9424006,1.304191,-1.603182
RWI,525.5001,-0.9446056,1.302067,-1.603529
RWI,525.5089,-0.9467362,1.300186,-1.60404
RWI,525.5169,-0.9491094,1.298586,-1.604275
RWI,525.5254,-0.9511056,1.296308,-1.604592
RWI,525.5332,-0.953362,1.294142,-1.604638
RWI,525.5425,-0.9554458,1.291697,-1.604759
RWI,525.5502,-0.9575647,1.289019,-1.604818
RWI,525.559,-0.9592767,1.286193,-1.604706
RWI,525.5672,-0.9613408,1.283362,-1.604654
RWI,525.5753,-0.963024,1.280497,-1.604221
RWI,525.5837,-0.9648975,1.276973,-1.603776
RWI,525.5919,-0.966783,1.27365,-1.603146
RWI,525.6,-0.9685548,1.269846,-1.602565
RWI,525.6088,-0.9702272,1.26617,-1.601751
RWI,525.6171,-0.9718796,1.262294,-1.600772
RWI,525.6252,-0.9731272,1.258286,-1.59966
RWI,525.6334,-0.9747235,1.254341,-1.598277
RWI,525.6423,-0.9761671,1.250032,-1.596952
RWI,525.6505,-0.9775517,1.245594,-1.595487
RWI,525.6586,-0.9790164,1.240972,-1.593919
RWI,525.6671,-0.9803092,1.236371,-1.592162
RWI,525.6754,-0.9814538,1.231347,-1.590369
RWI,525.684,-0.9827356,1.226146,-1.588322
RWI,525.6917,-0.9840916,1.220948,-1.586095
RWI,525.7006,-0.9853222,1.215292,-1.583868
RWI,525.71,-0.9861426,1.209453,-1.581276
RWI,525.7184,-0.9873701,1.202676,-1.578348
RWI,525.7276,-0.9881054,1.197056,-1.575624
RWI,525.7355,-0.9889666,1.190825,-1.572751
RWI,525.7441,-0.9897637,1.184669,-1.569891
RWI,525.7525,-0.9904276,1.178405,-1.566954
RWI,525.7606,-0.9910254,1.172055,-1.563962
RWI,525.769,-0.9917475,1.165053,-1.560663
RWI,525.7772,-0.9923075,1.158236,-1.557455
RWI,525.7859,-0.9927858,1.151208,-1.554242
RWI,525.7941,-0.992997,1.143717,-1.550947
RWI,525.8022,-0.9934339,1.136604,-1.547676
RWI,525.8108,-0.9934505,1.129192,-1.544606
RWI,525.8191,-0.9938409,1.122071,-1.54145
RWI,525.8282,-0.9940335,1.11467,-1.538271
RWI,525.8364,-0.9949915,1.107567,-1.534791
RWI,525.846,-0.9961044,1.100462,-1.531033
RWI,525.8521,-0.9970122,1.092129,-1.52695
RWI,525.8607,-0.9973804,1.085646,-1.524114
RWI,525.8688,-0.9976316,1.077908,-1.520573
RWI,525.8785,-0.9978653,1.069939,-1.517222
RWI,525.8867,-0.998023,1.061768,-1.514161
RWI,525.8939,-0.9981295,1.053768,-1.511224
RWI,525.9022,-0.9979251,1.046391,-1.508839
RWI,525.9108,-0.998032,1.038345,-1.505986
RWI,525.9191,-0.9979869,1.030344,-1.503268
RWI,525.9274,-0.997527,1.022246,-1.500775
RWI,525.9354,-0.9976091,1.013883,-1.498211
RWI,525.9442,-0.9974434,1.005541,-1.495998
RWI,525.9524,-0.9972627,0.9971509,-1.493805
RWI,525.9606,-0.9969879,0.9888749,-1.491762
RWI,525.9692,-0.9967979,0.9808066,-1.489717
RWI,525.9772,-0.9964453,0.9726888,-1.488156
RWI,525.9855,-0.9966028,0.9644621,-1.486431
RWI,525.9939,-0.9964458,0.9565485,-1.485148
RWI,526.0023,-0.996249,0.9485423,-1.48392
RWI,526.0111,-0.996087,0.9409295,-1.482805
RWI,526.0191,-0.9960456,0.93231,-1.481212
RWI,526.0272,-0.9956338,0.9242849,-1.480025
RWI,526.0359,-0.9953806,0.9163221,-1.479095
RWI,526.0446,-0.9951499,0.9083241,-1.478305
RWI,526.0522,-0.9948469,0.9002787,-1.477384
RWI,526.0604,-0.9945984,0.8928743,-1.476752
RWI,526.0691,-0.9944661,0.885662,-1.476495
RWI,526.0778,-0.9942487,0.8779932,-1.47587
RWI,526.0865,-0.9940068,0.8712428,-1.475827
RWI,526.0939,-0.9937388,0.8638759,-1.475341
RWI,526.1025,-0.9937037,0.8567479,-1.475182
RWI,526.1104,-0.9936195,0.8496934,-1.475268
RWI,526.1195,-0.9935524,0.8425081,-1.475465
RWI,526.1274,-0.9936051,0.8351423,-1.475825
RWI,526.1354,-0.9935633,0.8282884,-1.476196
RWI,526.1447,-0.9935427,0.8212799,-1.477125
RWI,526.1527,-0.9940337,0.8143554,-1.477756
RWI,526.1606,-0.9942341,0.8076323,-1.47853
RWI,526.1693,-0.9945214,0.8010666,-1.479198
RWI,526.1771,-0.994664,0.7952816,-1.48024
RWI,526.1855,-0.9949322,0.7889532,-1.480974
RWI,526.1938,-0.9954287,0.782627,-1.48194
RWI,526.2023,-0.9956635,0.7769376,-1.483169
RWI,526.2112,-0.9961965,0.7705549,-1.484648
RWI,526.2189,-0.9966673,0.7642562,-1.485787
RWI,526.2275,-0.9973429,0.7580927,-1.487575
RWI,526.2355,-0.9982296,0.7520921,-1.489077
RWI,526.2452,-0.9989438,0.7460575,-1.490833
RWI,526.2522,-0.9998888,0.739933,-1.493008
RWI,526.2608,-1.000964,0.7345912,-1.49504
RWI,526.2686,-1.002049,0.7291971,-1.497279
RWI,526.2783,-1.00345,0.7242049,-1.499331
RWI,526.2862,-1.004997,0.7187105,-1.501628
RWI,526.2941,-1.006828,0.7133334,-1.50415
RWI,526.3021,-1.008724,0.7083226,-1.507195
RWI,526.3105,-1.010672,0.7033114,-1.510196
RWI,526.3187,-1.012843,0.6980723,-1.513243
RWI,526.3274,-1.015267,0.6933829,-1.516685
RWI,526.3352,-1.017881,0.6888053,-1.520127
RWI,526.3445,-1.020492,0.6840569,-1.523409
RWI,526.3522,-1.024039,0.6799944,-1.526738
RWI,526.3607,-1.02714,0.6755765,-1.530316
RWI,526.3696,-1.03003,0.6714855,-1.533995
RWI,526.3774,-1.033049,0.6669006,-1.537506
RWI,526.3856,-1.035852,0.6627657,-1.541385
RWI,526.394,-1.03841,0.6597149,-1.545479
RWI,526.4025,-1.040832,0.6564364,-1.549385
RWI,526.4106,-1.042858,0.6542655,-1.55348
RWI,526.4192,-1.045053,0.6513233,-1.557449
RWI,526.4274,-1.046207,0.6500146,-1.561404
RWI,526.4359,-1.047512,0.6492897,-1.563693
RWI,526.4449,-1.04913,0.6477417,-1.567127
RWI,526.4525,-1.050809,0.6487049,-1.56788
RWI,526.4604,-1.055189,0.6485055,-1.567441
RWI,526.4692,-1.056741,0.6493571,-1.569776
RWI,526.4777,-1.056773,0.6506026,-1.570416
RWI,526.4861,-1.055015,0.6530975,-1.572992
RWI,526.4938,-1.056093,0.6551115,-1.571435
RWI,526.5024,-1.056866,0.6567106,-1.570697
RWI,526.5106,-1.05812,0.6591595,-1.568105
RWI,526.5193,-1.058038,0.6605717,-1.56615
RWI,526.5273,-1.057439,0.6625172,-1.5637
RWI,526.5354,-1.055428,0.6635386,-1.560282
RWI,526.5446,-1.05316,0.6656394,-1.55764
RWI,526.5541,-1.050022,0.6676071,-1.554327
RWI,526.5638,-1.046487,0.6712426,-1.55137
RWI,526.5695,-1.041895,0.6750419,-1.547533
RWI,526.5775,-1.039328,0.6774262,-1.545101
RWI,526.5856,-1.036765,0.6812391,-1.542598
RWI,526.5944,-1.033477,0.6846269,-1.538888
RWI,526.6041,-1.030124,0.6875737,-1.535221
RWI,526.6142,-1.02644,0.6925711,-1.529909
RWI,526.6196,-1.023291,0.6973087,-1.525082
RWI,526.6248,-1.021119,0.7000964,-1.521695
RWI,526.6338,-1.018941,0.703495,-1.517808
RWI,526.642,-1.015801,0.7082865,-1.514128
RWI,526.6501,-1.012767,0.7126019,-1.510097
RWI,526.6586,-1.009643,0.7181307,-1.506726
RWI,526.6667,-1.006253,0.7234776,-1.504153
RWI,526.6752,-1.00262,0.7289011,-1.501709
RWI,526.6843,-0.9989309,0.7348453,-1.49992
RWI,526.6918,-0.9953113,0.7403869,-1.497632
RWI,526.6998,-0.9917298,0.7463449,-1.496444
RWI,526.7086,-0.9882553,0.7521241,-1.494743
RWI,526.7164,-0.9847968,0.7580872,-1.493404
RWI,526.725,-0.9816896,0.7643319,-1.492867
RWI,526.7335,-0.9785751,0.7708275,-1.491996
RWI,526.742,-0.9749573,0.7775079,-1.491839
RWI,526.7504,-0.9722122,0.7842913,-1.492464
RWI,526.7586,-0.9687726,0.790787,-1.492854
RWI,526.7668,-0.9657379,0.7973577,-1.49334
RWI,526.775,-0.962502,0.8034265,-1.493875
RWI,526.7835,-0.959357,0.8104897,-1.494489
RWI,526.7917,-0.9561947,0.8175249,-1.495114
RWI,526.7999,-0.9530538,0.8244368,-1.49593
RWI,526.8086,-0.9498956,0.8323796,-1.49774
RWI,526.8167,-0.9468045,0.8399805,-1.49918
RWI,526.8256,-0.9438289,0.8478101,-1.501198
RWI,526.8334,-0.9409738,0.8553813,-1.503752
RWI,526.8427,-0.9380719,0.8629228,-1.506359
RWI,526.8502,-0.9351706,0.8703955,-1.509569
RWI,526.8586,-0.9321021,0.877387,-1.513058
RWI,526.867,-0.9294659,0.88426,-1.517388
RWI,526.876,-0.9267194,0.8912838,-1.521123
RWI,526.8846,-0.9237811,0.8981729,-1.52566
RWI,526.8922,-0.9209574,0.9052833,-1.530959
RWI,526.9006,-0.918339,0.9122671,-1.535635
RWI,526.9089,-0.9158856,0.9192368,-1.54056
RWI,526.9182,-0.9135214,0.9267253,-1.545956
RWI,526.9258,-0.9112522,0.934453,-1.55168
RWI,526.9342,-0.9090936,0.9416922,-1.556767
RWI,526.9439,-0.9069726,0.9494665,-1.562435
RWI,526.9514,-0.9052022,0.9569559,-1.56784
RWI,526.9598,-0.9033942,0.964078,-1.573073
RWI,526.9684,-0.9015703,0.9716107,-1.578566
RWI,526.9765,-0.8999742,0.9789252,-1.584084
RWI,526.9851,-0.8982319,0.9859452,-1.589591
RWI,526.9938,-0.8962789,0.9924723,-1.59524
RWI,527.0023,-0.8948759,0.9990974,-1.600946
RWI,527.0108,-0.8934529,1.00554,-1.606586
RWI,527.0189,-0.8924444,1.011139,-1.61237
RWI,527.0272,-0.8916924,1.016991,-1.618142
RWI,527.0353,-0.8911003,1.022336,-1.623724
RWI,527.0452,-0.8903877,1.027821,-1.629208
RWI,527.0521,-0.8898252,1.033493,-1.634717
RWI,527.0604,-0.8893266,1.038201,-1.63953
RWI,527.0688,-0.888653,1.043118,-1.644282
RWI,527.0777,-0.8883315,1.047922,-1.648722
RWI,527.0859,-0.8879963,1.053304,-1.652966
RWI,527.0936,-0.8876737,1.058798,-1.656931
RWI,527.1021,-0.8876175,1.063764,-1.660719
RWI,527.1102,-0.8870955,1.068879,-1.664587
RWI,527.1189,-0.8867396,1.07334,-1.667635
RWI,527.129,-0.8864483,1.077888,-1.670776
RWI,527.1357,-0.8862369,1.082313,-1.673162
RWI,527.1442,-0.8859615,1.087121,-1.675799
RWI,527.1521,-0.8858263,1.090973,-1.677749
RWI,527.1605,-0.8858982,1.094819,-1.679711
RWI,527.1695,-0.8857063,1.0989,-1.681403
RWI,527.177,-0.8856609,1.102636,-1.682806
RWI,527.1852,-0.8855454,1.106104,-1.683868
RWI,527.1936,-0.8854208,1.109891,-1.684809
RWI,527.2029,-0.8851528,1.113843,-1.685781
RWI,527.2145,-0.884894,1.118016,-1.686827
RWI,527.2241,-0.8840792,1.124013,-1.688295
RWI,527.2332,-0.8832089,1.129695,-1.689074
RWI,527.2428,-0.8830417,1.13482,-1.689169
RWI,527.2505,-0.8825793,1.139603,-1.689458
RWI,527.2585,-0.8820284,1.144561,-1.689473
RWI,527.2664,-0.8814611,1.148825,-1.689633
RWI,527.2752,-0.880522,1.153458,-1.689465
RWI,527.2843,-0.879728,1.157698,-1.689308
RWI,527.2916,-0.878863,1.162055,-1.688748
RWI,527.2997,-0.8780022,1.166188,-1.688276
RWI,527.308,-0.8772954,1.170428,-1.68758
RWI,527.3161,-0.8767867,1.17416,-1.686753
RWI,527.3249,-0.875865,1.17855,-1.686287
RWI,527.3331,-0.8753291,1.182505,-1.685856
RWI,527.342,-0.8745776,1.186458,-1.685481
RWI,527.3499,-0.873823,1.190772,-1.685205
RWI,527.3583,-0.8730756,1.19494,-1.684776
RWI,527.3692,-0.8718624,1.199601,-1.684453
RWI,527.3789,-0.8702627,1.205389,-1.683221
RWI,527.3843,-0.8690424,1.210351,-1.681823
RWI,527.3914,-0.8683659,1.213235,-1.680509
RWI,527.3997,-0.8675327,1.216521,-1.679283
RWI,527.4086,-0.8666683,1.220438,-1.677478
RWI,527.4166,-0.8659123,1.224447,-1.675652
RWI,527.425,-0.8653598,1.228414,-1.674011
RWI,527.4329,-0.8646531,1.232452,-1.672383
RWI,527.4413,-0.8642386,1.236452,-1.670767
RWI,527.4498,-0.8639162,1.240535,-1.668935
RWI,527.4588,-0.8635496,1.244481,-1.666977
RWI,527.4661,-0.8631157,1.248572,-1.664925
RWI,527.475,-0.8628974,1.252564,-1.662198
RWI,527.4843,-0.8625072,1.25659,-1.659833
RWI,527.4916,-0.862133,1.260674,-1.657341
RWI,527.4998,-0.8615468,1.264943,-1.654804
RWI,527.5087,-0.8610235,1.269212,-1.652265
RWI,527.5164,-0.8608678,1.273203,-1.649478
RWI,527.525,-0.860983,1.277403,-1.646374
RWI,527.5329,-0.8607563,1.281489,-1.643874
RWI,527.5422,-0.8607607,1.285615,-1.641274
RWI,527.5498,-0.8611169,1.289796,-1.638255
RWI,527.5588,-0.8613261,1.293497,-1.635597
RWI,527.5667,-0.8615586,1.297475,-1.63249
RWI,527.5746,-0.8616531,1.300937,-1.629834
RWI,527.5831,-0.8619367,1.303984,-1.626675
RWI,527.5916,-0.862017,1.307104,-1.623604
RWI,527.5999,-0.8622105,1.310176,-1.620448
RWI,527.6083,-0.8622767,1.313082,-1.617505
RWI,527.6163,-0.8623338,1.316253,-1.61461
RWI,527.6249,-0.8624903,1.318809,-1.611557
RWI,527.6328,-0.8628157,1.321173,-1.608445
RWI,527.6414,-0.8630609,1.323007,-1.605249
RWI,527.6504,-0.86335,1.324747,-1.602089
RWI,527.6581,-0.8636997,1.326464,-1.598865
RWI,527.6671,-0.864012,1.32774,-1.595822
RWI,527.6781,-0.8643918,1.328965,-1.592735
RWI,527.6887,-0.8650019,1.329728,-1.588618
RWI,527.6941,-0.8654386,1.330825,-1.584333
RWI,527.6996,-0.8655774,1.3312,-1.582162
RWI,527.7079,-0.8656728,1.331278,-1.580194
RWI,527.7163,-0.8664724,1.331081,-1.577455
RWI,527.7247,-0.8668367,1.331313,-1.574594
RWI,527.7333,-0.8674775,1.331611,-1.572357
RWI,527.7428,-0.8678671,1.332079,-1.570137
RWI,527.7495,-0.8687355,1.332841,-1.568467
RWI,527.758,-0.8690653,1.333347,-1.566495
RWI,527.7668,-0.8691707,1.333901,-1.564916
RWI,527.7748,-0.8691159,1.334841,-1.563329
RWI,527.7828,-0.868856,1.335498,-1.561913
RWI,527.7916,-0.8683753,1.335937,-1.560788
RWI,527.7997,-0.8671559,1.336406,-1.559379
RWI,527.8082,-0.8659329,1.336393,-1.558264
RWI,527.8165,-0.8648576,1.336148,-1.558084
RWI,527.8247,-0.8638976,1.336262,-1.557022
RWI,527.8329,-0.8626417,1.336451,-1.556513
RWI,527.8419,-0.8620105,1.33697,-1.556412
RWI,527.8502,-0.8613406,1.337514,-1.555501
RWI,527.8667,-0.8604493,1.338024,-1.555348
RWI,527.8759,-0.8592673,1.338112,-1.554414
RWI,527.8839,-0.8597449,1.337404,-1.554054
RWI,527.8914,-0.8595693,1.335853,-1.553896
RWI,527.8995,-0.859341,1.334505,-1.554072
RWI,527.9083,-0.8590103,1.33278,-1.554079
RWI,527.9161,-0.8582482,1.331053,-1.554018
RWI,527.9249,-0.8581557,1.329432,-1.554045
RWI,527.9332,-0.8578697,1.327997,-1.554
RWI,527.9416,-0.857654,1.326817,-1.553864
RWI,527.9498,-0.8571512,1.325571,-1.554047
RWI,527.9581,-0.8563244,1.324531,-1.554125
RWI,527.9669,-0.8552665,1.324399,-1.554738
RWI,527.9749,-0.8545169,1.324347,-1.55492
RWI,527.9837,-0.8541443,1.323569,-1.555073
RWI,527.9929,-0.8542945,1.321768,-1.555098
RWI,527.9996,-0.8539985,1.319139,-1.556038
RWI,528.0085,-0.8541743,1.317958,-1.556418
RWI,528.0167,-0.8541465,1.316896,-1.556934
RWI,528.0247,-0.8541874,1.316196,-1.557589
RWI,528.0334,-0.8545783,1.316086,-1.558496
RWI,528.0423,-0.8543963,1.31603,-1.55896
RWI,528.0505,-0.8542666,1.316183,-1.559861
RWI,528.0588,-0.8540992,1.316474,-1.560589
RWI,528.0673,-0.8541374,1.317005,-1.561529
RWI,528.0764,-0.8541082,1.317393,-1.562399
RWI,528.0854,-0.8541377,1.317465,-1.563041
RWI,528.0931,-0.8543831,1.317743,-1.563825
RWI,528.1013,-0.8547199,1.317988,-1.564696
RWI,528.11,-0.8550429,1.318135,-1.565468
RWI,528.1184,-0.8554016,1.318354,-1.56635
RWI,528.1271,-0.8556246,1.318681,-1.567182
RWI,528.1378,-0.8560337,1.319042,-1.568116
RWI,528.1475,-0.8567196,1.3195,-1.569865
RWI,528.1525,-0.857461,1.320053,-1.571242
RWI,528.1577,-0.8579899,1.320466,-1.57212
RWI,528.1669,-0.8584204,1.320795,-1.572818
RWI,528.1748,-0.8592211,1.321341,-1.574035
RWI,528.1829,-0.8599148,1.32181,-1.575231
RWI,528.1916,-0.8608763,1.322332,-1.576398
RWI,528.1996,-0.8619167,1.322693,-1.577731
RWI,528.2086,-0.863049,1.323154,-1.579052
RWI,528.2162,-0.8642105,1.323607,-1.580404
RWI,528.2245,-0.8653153,1.323975,-1.581955
RWI,528.2331,-0.8665701,1.324235,-1.583355
RWI,528.241,-0.8678807,1.324623,-1.584897
RWI,528.2498,-0.8694049,1.324947,-1.586422
RWI,528.2579,-0.8710999,1.32511,-1.58814
RWI,528.2661,-0.8726672,1.325333,-1.58978
RWI,528.2751,-0.8744712,1.325449,-1.591433
RWI,528.2833,-0.876238,1.32561,-1.593155
RWI,528.2918,-0.8781226,1.325904,-1.594572
RWI,528.2994,-0.8800302,1.325999,-1.596102
RWI,528.3078,-0.8819618,1.326014,-1.597687
RWI,528.316,-0.8840324,1.326002,-1.599248
RWI,528.3246,-0.8861759,1.32589,-1.600885
RWI,528.3328,-0.8881317,1.325675,-1.602525
RWI,528.342,-0.8902621,1.325325,-1.60404
RWI,528.3497,-0.8926844,1.32475,-1.605697
RWI,528.358,-0.8949296,1.324176,-1.607121
RWI,528.3668,-0.8973488,1.323367,-1.608568
RWI,528.3747,-0.8997548,1.322672,-1.609929
RWI,528.3828,-0.9021006,1.321633,-1.611153
RWI,528.3914,-0.9043564,1.320688,-1.612426
RWI,528.3997,-0.9068249,1.319593,-1.613549
RWI,528.4084,-0.9091099,1.318374,-1.614673
RWI,528.4164,-0.9115472,1.317006,-1.615706
RWI,528.4246,-0.913883,1.315504,-1.616522
RWI,528.4327,-0.9162531,1.313895,-1.617267
RWI,528.442,-0.9186401,1.312273,-1.617824
RWI,528.4498,-0.9211528,1.310161,-1.618283
RWI,528.4584,-0.9235768,1.308189,-1.618766
RWI,528.4669,-0.9259132,1.305834,-1.618927
RWI,528.4758,-0.9282377,1.303647,-1.619064
RWI,528.4848,-0.9303563,1.301325,-1.619406
RWI,528.4921,-0.9327033,1.298933,-1.619542
RWI,528.5013,-0.9347674,1.296179,-1.619331
RWI,528.5091,-0.9371241,1.293205,-1.619138
RWI,528.5181,-0.939344,1.290159,-1.618786
RWI,528.5266,-0.9415585,1.286921,-1.618276
RWI,528.5345,-0.9436104,1.28346,-1.617429
RWI,528.5436,-0.9459661,1.280506,-1.616437
RWI,528.5516,-0.9480744,1.276853,-1.615351
RWI,528.5612,-0.949916,1.272873,-1.614137
RWI,528.5688,-0.9522546,1.268434,-1.612831
RWI,528.577,-0.9539672,1.264855,-1.611577
RWI,528.585,-0.9557422,1.260878,-1.609809
RWI,528.5936,-0.9575998,1.256603,-1.608146
RWI,528.6016,-0.959455,1.252308,-1.606123
RWI,528.6104,-0.9613249,1.247645,-1.604141
RWI,528.6187,-0.9631222,1.242931,-1.601953
RWI,528.6273,-0.9647506,1.238138,-1.599638
RWI,528.6354,-0.966511,1.232952,-1.597285
RWI,528.6444,-0.9684094,1.227876,-1.594725
RWI,528.6517,-0.9698609,1.222522,-1.592199
RWI,528.6599,-0.9713958,1.217208,-1.589545
RWI,528.6682,-0.9730731,1.21183,-1.58654
RWI,528.6778,-0.9744608,1.206111,-1.583648
RWI,528.6861,-0.9760996,1.20017,-1.580621
RWI,528.6933,-0.9775813,1.194038,-1.577574
RWI,528.7017,-0.9789832,1.188315,-1.574713
RWI,528.7104,-0.9801645,1.181681,-1.571429
RWI,528.7182,-0.9815623,1.175237,-1.568335
RWI,528.7272,-0.9827368,1.168804,-1.565148
RWI,528.735,-0.9842303,1.161981,-1.561979
RWI,528.744,-0.985386,1.155206,-1.558703
RWI,528.7515,-0.986243,1.148973,-1.555131
RWI,528.7604,-0.9873204,1.142212,-1.55179
RWI,528.7687,-0.9882089,1.135372,-1.548418
RWI,528.7765,-0.9892009,1.128559,-1.545131
RWI,528.7852,-0.9900733,1.121539,-1.541766
RWI,528.7937,-0.9910185,1.114303,-1.538343
RWI,528.8019,-0.9918277,1.107082,-1.534944
RWI,528.8102,-0.9925167,1.099541,-1.531495
RWI,528.8182,-0.9932147,1.091946,-1.528262
RWI,528.8267,-0.9938904,1.084526,-1.525207
RWI,528.8352,-0.99466,1.077027,-1.522095
RWI,528.8447,-0.994969,1.06971,-1.519351
RWI,528.8521,-0.9956726,1.062035,-1.516274
RWI,528.8606,-0.9968933,1.054616,-1.513211
RWI,528.8684,-0.998345,1.046578,-1.509808
RWI,528.8777,-0.9992831,1.039105,-1.507179
RWI,528.886,-0.9997354,1.031267,-1.50456
RWI,528.8932,-1.000328,1.023486,-1.502209
RWI,528.9019,-1.000884,1.015769,-1.50006
RWI,528.9102,-1.001718,1.007527,-1.497908
RWI,528.9188,-1.002346,0.9996316,-1.49589
RWI,528.9267,-1.002817,0.9916924,-1.493956
RWI,528.9348,-1.00354,0.9837447,-1.491952
RWI,528.9443,-1.004115,0.9760599,-1.490346
RWI,528.9528,-1.00482,0.9676822,-1.488212
RWI,528.9603,-1.005361,0.9595765,-1.48657
RWI,528.9706,-1.00554,0.9515357,-1.485233
RWI,528.9786,-1.005918,0.9417975,-1.484032
RWI,528.9883,-1.006244,0.9348159,-1.483352
RWI,528.9958,-1.006594,0.9277017,-1.482567
RWI,529.0055,-1.007102,0.9174784,-1.481303
RWI,529.0122,-1.007483,0.9117881,-1.480862
RWI,529.022,-1.008024,0.9021617,-1.479949
RWI,529.0283,-1.008567,0.8955733,-1.479395
RWI,529.0341,-1.00906,0.8869963,-1.478707
RWI,529.0418,-1.00936,0.8814857,-1.478452
RWI,529.0513,-1.009626,0.8752878,-1.478337
RWI,529.061,-1.010301,0.8669707,-1.47817
RWI,529.067,-1.010584,0.8580714,-1.478234
RWI,529.0797,-1.01105,0.8525766,-1.478297
RWI,529.0862,-1.011994,0.8422062,-1.478384
RWI,529.0981,-1.012484,0.8369175,-1.478408
RWI,529.1055,-1.013585,0.8277586,-1.478509
RWI,529.1115,-1.014565,0.8217617,-1.478585
RWI,529.1172,-1.015219,0.8161985,-1.478758
RWI,529.1287,-1.01572,0.8117735,-1.478788
RWI,529.1342,-1.017006,0.8024402,-1.478869
RWI,529.1415,-1.017083,0.7981282,-1.479328
RWI,529.1497,-1.018325,0.7921976,-1.479951
RWI,529.158,-1.019233,0.7854241,-1.480616
RWI,529.1667,-1.020074,0.7792904,-1.481645
RWI,529.1748,-1.021187,0.772338,-1.482638
RWI,529.183,-1.022041,0.7658708,-1.48399
RWI,529.1914,-1.023265,0.7594069,-1.485508
RWI,529.1994,-1.024708,0.7530965,-1.486832
RWI,529.2084,-1.025863,0.7468807,-1.488104
RWI,529.2166,-1.027212,0.7405373,-1.489464
RWI,529.2245,-1.028276,0.7344961,-1.490898
RWI,529.2331,-1.029684,0.7282488,-1.492324
RWI,529.2412,-1.030915,0.7224182,-1.493583
RWI,529.2497,-1.032435,0.7164997,-1.495075
RWI,529.2578,-1.033724,0.711171,-1.496491
RWI,529.2659,-1.035335,0.7059391,-1.498088
RWI,529.2751,-1.037015,0.700911,-1.499694
RWI,529.2836,-1.038264,0.696461,-1.501468
RWI,529.2911,-1.039704,0.6913813,-1.503301
RWI,529.2999,-1.041556,0.687354,-1.504495
RWI,529.3078,-1.042715,0.6823819,-1.505473
RWI,529.3159,-1.044677,0.6777111,-1.506735
RWI,529.3247,-1.046512,0.6729835,-1.508015
RWI,529.3329,-1.048166,0.6675968,-1.508804
RWI,529.342,-1.049004,0.6646492,-1.511465
RWI,529.3495,-1.049415,0.6624639,-1.514821
RWI,529.3578,-1.049448,0.6605189,-1.518543
RWI,529.3668,-1.049735,0.6585987,-1.522091
RWI,529.3743,-1.050019,0.6569425,-1.526238
RWI,529.3828,-1.050845,0.6554111,-1.529594
RWI,529.3912,-1.05158,0.6538782,-1.53327
RWI,529.3993,-1.052596,0.6527198,-1.536656
RWI,529.408,-1.053528,0.6515838,-1.540205
RWI,529.4161,-1.054579,0.6506296,-1.5435
RWI,529.4246,-1.056135,0.6500778,-1.546441
RWI,529.4328,-1.05707,0.6493345,-1.549946
RWI,529.441,-1.0593,0.649258,-1.552384
RWI,529.4495,-1.060908,0.649047,-1.554955
RWI,529.4585,-1.063601,0.6493351,-1.55638
RWI,529.4666,-1.066905,0.6498441,-1.558158
RWI,529.4758,-1.068477,0.6501044,-1.559786
RWI,529.4843,-1.069168,0.6505977,-1.561027
RWI,529.4923,-1.070052,0.6512603,-1.561918
RWI,529.5007,-1.070921,0.6520327,-1.562381
RWI,529.5096,-1.071957,0.6530183,-1.561967
RWI,529.5181,-1.072911,0.6542961,-1.56084
RWI,529.5284,-1.072969,0.6554367,-1.559468
RWI,529.5377,-1.071806,0.6566821,-1.556383
RWI,529.5439,-1.071033,0.6581411,-1.553199
RWI,529.5504,-1.06982,0.6592168,-1.551608
RWI,529.5599,-1.067636,0.6604154,-1.549068
RWI,529.5673,-1.064834,0.6619848,-1.545947
RWI,529.5752,-1.062671,0.6632596,-1.543322
RWI,529.5834,-1.060061,0.6648893,-1.54005
RWI,529.5922,-1.057371,0.6666898,-1.536636
RWI,529.6002,-1.054494,0.6687166,-1.53291
RWI,529.6101,-1.051535,0.6709404,-1.528984
RWI,529.6169,-1.048588,0.6732135,-1.525693
RWI,529.6252,-1.04553,0.6756606,-1.52176
RWI,529.6336,-1.042532,0.6782728,-1.517872
RWI,529.642,-1.039491,0.6809965,-1.514115
RWI,529.6503,-1.036551,0.684027,-1.510421
RWI,529.6586,-1.033389,0.6871518,-1.506719
RWI,529.6667,-1.02999,0.6906003,-1.503156
RWI,529.6759,-1.026327,0.6942297,-1.499134
RWI,529.6874,-1.022196,0.6978261,-1.495453
RWI,529.6959,-1.017409,0.7025853,-1.489746
RWI,529.7012,-1.013427,0.7068272,-1.485605
RWI,529.7076,-1.010822,0.7104409,-1.483897
RWI,529.7164,-1.007739,0.714582,-1.481455
RWI,529.7244,-1.003684,0.718868,-1.478769
RWI,529.7325,-0.9990363,0.726016,-1.477294
RWI,529.7411,-0.9945015,0.7327876,-1.476482
RWI,529.7499,-0.9899482,0.7393367,-1.475013
RWI,529.7574,-0.9854181,0.7460373,-1.473456
RWI,529.7664,-0.9813457,0.7527795,-1.472906
RWI,529.7742,-0.9772782,0.7593831,-1.472177
RWI,529.7826,-0.9730924,0.7662277,-1.472269
RWI,529.7911,-0.9687338,0.7736136,-1.473054
RWI,529.7994,-0.964689,0.7801476,-1.473453
RWI,529.8079,-0.9606167,0.7872669,-1.474652
RWI,529.8161,-0.9565666,0.7941319,-1.476172
RWI,529.8242,-0.9526123,0.8011975,-1.477936
RWI,529.8327,-0.9485042,0.8084214,-1.480761
RWI,529.841,-0.9446859,0.8156426,-1.482638
RWI,529.8494,-0.9411494,0.8231099,-1.484406
RWI,529.8581,-0.9374394,0.8300911,-1.48678
RWI,529.8676,-0.9343337,0.8379556,-1.488964
RWI,529.8761,-0.9311667,0.8459061,-1.49202
RWI,529.8836,-0.9288592,0.8535095,-1.494947
RWI,529.8908,-0.9270148,0.8607419,-1.498511
RWI,529.8993,-0.9249591,0.8677847,-1.501979
RWI,529.9076,-0.9233926,0.8754203,-1.506392
RWI,529.9161,-0.9215575,0.8830301,-1.510123
RWI,529.9247,-0.9195412,0.8903406,-1.514737
RWI,529.9325,-0.9181251,0.8977652,-1.519011
RWI,529.9415,-0.9166697,0.905302,-1.523664
RWI,529.9493,-0.9151087,0.9127701,-1.527905
RWI,529.9576,-0.9141806,0.9211705,-1.53308
RWI,529.9665,-0.9127162,0.9282122,-1.537623
RWI,529.9744,-0.911736,0.9362013,-1.542493
RWI,529.9831,-0.9110814,0.9435128,-1.54776
RWI,529.9915,-0.9105823,0.9508958,-1.553053
RWI,529.9999,-0.9099337,0.9584962,-1.55842
RWI,530.0085,-0.9094681,0.9657508,-1.564043
RWI,530.017,-0.9093211,0.9734482,-1.569577
RWI,530.0251,-0.9091492,0.9808854,-1.575093
RWI,530.0338,-0.9090439,0.9881863,-1.58052
RWI,530.043,-0.9085922,0.9951014,-1.585856
RWI,530.0508,-0.9082116,1.002305,-1.59114
RWI,530.0592,-0.9075835,1.009107,-1.596394
RWI,530.0674,-0.9074882,1.016172,-1.601754
RWI,530.0763,-0.9069567,1.023234,-1.607386
RWI,530.0858,-0.9067284,1.029962,-1.61294
RWI,530.093,-0.9064821,1.036706,-1.618456
RWI,530.1012,-0.9060494,1.043329,-1.623706
RWI,530.1119,-0.90567,1.049525,-1.628816
RWI,530.119,-0.9051344,1.055578,-1.633732
RWI,530.1263,-0.9043823,1.062086,-1.639032
RWI,530.1354,-0.9038667,1.067149,-1.643307
RWI,530.1459,-0.9036291,1.072985,-1.648284
RWI,530.1553,-0.9028187,1.080114,-1.65428
RWI,530.1611,-0.901978,1.086496,-1.659537
RWI,530.1693,-0.9012643,1.090337,-1.662782
RWI,530.1757,-0.9001555,1.094803,-1.666215
RWI,530.1829,-0.8988654,1.099641,-1.670406
RWI,530.1911,-0.898403,1.103496,-1.673106
RWI,530.199,-0.8977656,1.108303,-1.676458
RWI,530.2082,-0.8974528,1.11315,-1.679928
RWI,530.2161,-0.8970388,1.117408,-1.683102
RWI,530.2241,-0.8966666,1.122012,-1.686148
RWI,530.2328,-0.8962494,1.125842,-1.688774
RWI,530.2409,-0.895806,1.130013,-1.691257
RWI,530.2494,-0.8952084,1.134246,-1.693282
RWI,530.2575,-0.8945622,1.138255,-1.695481
RWI,530.2657,-0.8937544,1.142308,-1.697057
RWI,530.2751,-0.8930774,1.14621,-1.698759
RWI,530.2832,-0.8924202,1.150507,-1.700078
RWI,530.2914,-0.8916058,1.154535,-1.701407
RWI,530.2994,-0.8909687,1.158633,-1.702551
RWI,530.3076,-0.8899522,1.162592,-1.703135
RWI,530.3158,-0.8892496,1.166572,-1.703635
RWI,530.3243,-0.8885066,1.170398,-1.703744
RWI,530.3323,-0.8873621,1.174553,-1.703213
RWI,530.3416,-0.8865167,1.178579,-1.703043
RWI,530.3493,-0.8854861,1.182572,-1.702409
RWI,530.3577,-0.8843678,1.18677,-1.701535
RWI,530.3663,-0.8828365,1.190819,-1.700941
RWI,530.3741,-0.8814734,1.195925,-1.70029
RWI,530.3824,-0.8801372,1.200479,-1.699648
RWI,530.3913,-0.8787231,1.205719,-1.698846
RWI,530.3992,-0.8774488,1.210464,-1.697908
RWI,530.4077,-0.8763179,1.215136,-1.696766
RWI,530.4155,-0.8752421,1.219672,-1.695296
RWI,530.4241,-0.8742453,1.223854,-1.693222
RWI,530.4326,-0.8729841,1.228143,-1.691106
RWI,530.4418,-0.8718624,1.232374,-1.688604
RWI,530.4499,-0.8708038,1.236685,-1.685609
RWI,530.4581,-0.8694805,1.240995,-1.682956
RWI,530.4666,-0.8683549,1.245555,-1.680338
RWI,530.4753,-0.8672692,1.250036,-1.677259
RWI,530.4845,-0.8661451,1.254558,-1.674249
RWI,530.4922,-0.865052,1.259123,-1.67115
RWI,530.5006,-0.8641846,1.26345,-1.667879
RWI,530.5089,-0.863237,1.267841,-1.664346
RWI,530.5173,-0.8627874,1.272053,-1.660543
RWI,530.5262,-0.8619438,1.276421,-1.656862
RWI,530.5342,-0.8617529,1.280508,-1.65319
RWI,530.5435,-0.8612342,1.284822,-1.649789
RWI,530.5515,-0.8609523,1.289269,-1.646569
RWI,530.5599,-0.8607767,1.293835,-1.643344
RWI,530.5681,-0.860574,1.298398,-1.640308
RWI,530.5764,-0.8604105,1.302557,-1.637097
RWI,530.5844,-0.8601179,1.306853,-1.633265
RWI,530.5935,-0.8598382,1.310586,-1.629624
RWI,530.6035,-0.8597404,1.314218,-1.625517
RWI,530.6138,-0.8594599,1.318273,-1.620979
RWI,530.6189,-0.8593091,1.322072,-1.616759
RWI,530.6242,-0.8592255,1.324543,-1.61403
RWI,530.6324,-0.8595783,1.326187,-1.61199
RWI,530.6409,-0.8597293,1.328981,-1.608433
RWI,530.6493,-0.8597746,1.331713,-1.604972
RWI,530.6576,-0.8601663,1.334295,-1.601746
RWI,530.6656,-0.8605031,1.336557,-1.598443
RWI,530.6746,-0.8609604,1.33881,-1.595309
RWI,530.683,-0.8616434,1.340457,-1.592614
RWI,530.6909,-0.8622631,1.342607,-1.589442
RWI,530.699,-0.8628442,1.343972,-1.58702
RWI,530.7076,-0.8634326,1.3458,-1.584087
RWI,530.7156,-0.8640783,1.347217,-1.581615
RWI,530.7244,-0.8643602,1.34831,-1.579242
RWI,530.7324,-0.8644765,1.349706,-1.576925
RWI,530.7421,-0.8646877,1.350812,-1.57452
RWI,530.7494,-0.8655165,1.351226,-1.572319
RWI,530.7576,-0.8661146,1.351715,-1.570343
RWI,530.7663,-0.8670413,1.351761,-1.568344
RWI,530.774,-0.8676581,1.351954,-1.566274
RWI,530.7822,-0.8683027,1.352175,-1.564752
RWI,530.7908,-0.8686409,1.35203,-1.562804
RWI,530.7988,-0.8691483,1.351832,-1.561199
RWI,530.8085,-0.8694677,1.351503,-1.559217
RWI,530.8157,-0.8696191,1.350869,-1.557744
RWI,530.824,-0.8699554,1.35048,-1.556018
RWI,530.8322,-0.8702533,1.349895,-1.554327
RWI,530.8411,-0.8701912,1.348988,-1.553034
RWI,530.8494,-0.8704665,1.347848,-1.551536
RWI,530.8578,-0.8704431,1.346425,-1.550761
RWI,530.8658,-0.8709325,1.345353,-1.549878
RWI,530.8745,-0.8708878,1.344433,-1.549017
RWI,530.8834,-0.8707822,1.343378,-1.548721
RWI,530.8906,-0.8707706,1.342213,-1.548295
RWI,530.8994,-0.8703234,1.34115,-1.547615
RWI,530.9076,-0.8701694,1.339902,-1.547204
RWI,530.9166,-0.8699189,1.338844,-1.54691
RWI,530.9249,-0.8699974,1.337621,-1.546537
RWI,530.9332,-0.869789,1.336335,-1.546296
RWI,530.9423,-0.8695836,1.334739,-1.545838
RWI,530.9501,-0.8694876,1.33321,-1.54572
RWI,530.9587,-0.8691607,1.331779,-1.545721
RWI,530.9677,-0.8687304,1.329666,-1.545818
RWI,530.9756,-0.8682622,1.328247,-1.546056
RWI,530.984,-0.8677208,1.326563,-1.546185
RWI,530.993,-0.8677697,1.325243,-1.546615
RWI,531.0009,-0.8676995,1.324207,-1.547074
RWI,531.0103,-0.8678222,1.323387,-1.547603
RWI,531.0178,-0.8677058,1.322503,-1.548085
RWI,531.0266,-0.8677317,1.321811,-1.54852
RWI,531.0345,-0.8677877,1.3208,-1.548954
RWI,531.0444,-0.8676847,1.319704,-1.549457
RWI,531.0513,-0.867646,1.318704,-1.550091
RWI,531.0613,-0.8675666,1.317806,-1.550508
RWI,531.0703,-0.8675926,1.317026,-1.551378
RWI,531.076,-0.8678807,1.316606,-1.552325
RWI,531.0845,-0.8680207,1.316346,-1.552779
RWI,531.0925,-0.8683248,1.316332,-1.553488
RWI,531.1003,-0.8684744,1.316318,-1.554127
RWI,531.1091,-0.8688213,1.316335,-1.554816
RWI,531.1174,-0.8690146,1.316145,-1.555353
RWI,531.1256,-0.8693091,1.316043,-1.555995
RWI,531.1337,-0.8693853,1.316331,-1.556889
RWI,531.1431,-0.8695776,1.316419,-1.557539
RWI,531.1506,-0.8698435,1.316669,-1.558109
RWI,531.1589,-0.8701366,1.316777,-1.558887
RWI,531.1677,-0.8702682,1.31738,-1.559671
RWI,531.1757,-0.8706335,1.317752,-1.560416
RWI,531.1837,-0.8709478,1.318067,-1.561031
RWI,531.1924,-0.8713596,1.318659,-1.561917
RWI,531.2004,-0.8718179,1.319023,-1.562772
RWI,531.2095,-0.8724753,1.319263,-1.563589
RWI,531.2202,-0.8729383,1.319629,-1.564461
RWI,531.2296,-0.8734143,1.320033,-1.565798
RWI,531.2345,-0.8739803,1.320348,-1.566921
RWI,531.2404,-0.8742945,1.320575,-1.567525
RWI,531.2492,-0.8743937,1.320944,-1.568452
RWI,531.2572,-0.8748972,1.321341,-1.569511
RWI,531.2656,-0.8753598,1.321674,-1.570794
RWI,531.2742,-0.8759118,1.322152,-1.571831
RWI,531.2829,-0.8764967,1.322516,-1.573019
RWI,531.2907,-0.8771793,1.322683,-1.574345
RWI,531.2991,-0.8779178,1.323045,-1.575712
RWI,531.3073,-0.8787323,1.323285,-1.577142
RWI,531.3156,-0.8796542,1.323634,-1.578641
RWI,531.3243,-0.880589,1.323993,-1.580194
RWI,531.3322,-0.8817852,1.323892,-1.58183
RWI,531.3413,-0.8828816,1.324106,-1.583564
RWI,531.3492,-0.8841027,1.324251,-1.585284
RWI,531.3572,-0.8852537,1.32433,-1.587086
RWI,531.3663,-0.8863945,1.324395,-1.588894
RWI,531.3738,-0.887489,1.324244,-1.590711
RWI,531.3825,-0.8887762,1.324043,-1.592558
RWI,531.3907,-0.8902447,1.323661,-1.59463
RWI,531.3988,-0.891709,1.323325,-1.596458
RWI,531.4078,-0.8933678,1.322635,-1.598397
RWI,531.4159,-0.8948465,1.322171,-1.600264
RWI,531.4243,-0.8965827,1.321327,-1.602053
RWI,531.4323,-0.898105,1.320682,-1.603925
RWI,531.4409,-0.8996884,1.319783,-1.605787
RWI,531.4493,-0.9012791,1.318764,-1.607599
RWI,531.4574,-0.9028361,1.317666,-1.609455
RWI,531.4657,-0.9041227,1.316701,-1.611334
RWI,531.4744,-0.9057605,1.315489,-1.61299
RWI,531.4827,-0.9073276,1.314144,-1.614769
RWI,531.4908,-0.9089391,1.312832,-1.616404
RWI,531.4989,-0.9106752,1.310962,-1.617642
RWI,531.5074,-0.9122287,1.309346,-1.619151
RWI,531.5161,-0.9139134,1.307342,-1.620419
RWI,531.5248,-0.9156599,1.304912,-1.621492
RWI,531.5326,-0.9172586,1.302788,-1.622663
RWI,531.5421,-0.9188713,1.300477,-1.62361
RWI,531.5502,-0.9205968,1.298165,-1.62433
RWI,531.5589,-0.9222625,1.295508,-1.625114
RWI,531.5671,-0.9240149,1.292611,-1.625706
RWI,531.5752,-0.9253912,1.289973,-1.626187
RWI,531.5835,-0.9267686,1.28718,-1.626592
RWI,531.5923,-0.9282618,1.284077,-1.626916
RWI,531.6003,-0.929635,1.280769,-1.626936
RWI,531.6097,-0.9309682,1.277576,-1.626864
RWI,531.6174,-0.9322434,1.274166,-1.626708
RWI,531.626,-0.9335665,1.270565,-1.62632
RWI,531.6346,-0.9347975,1.266821,-1.625877
RWI,531.6437,-0.9358827,1.262887,-1.625035
RWI,531.6514,-0.9368766,1.259037,-1.624414
RWI,531.6597,-0.9380376,1.254819,-1.623471
RWI,531.668,-0.9392636,1.250333,-1.62261
RWI,531.6769,-0.9402199,1.245804,-1.621352
RWI,531.6853,-0.9413067,1.241151,-1.620148
RWI,531.6927,-0.9422643,1.236221,-1.618712
RWI,531.7015,-0.9433061,1.231914,-1.617502
RWI,531.7093,-0.9442438,1.227222,-1.615871
RWI,531.718,-0.945168,1.222454,-1.614121
RWI,531.7263,-0.9461116,1.217692,-1.612386
RWI,531.7345,-0.9468747,1.212914,-1.610124
RWI,531.7434,-0.9477659,1.207978,-1.60815
RWI,531.7509,-0.9487118,1.202678,-1.605698
RWI,531.7593,-0.9494683,1.197439,-1.603352
RWI,531.7682,-0.9503277,1.191932,-1.601014
RWI,531.7762,-0.9510053,1.186248,-1.598344
RWI,531.7847,-0.951968,1.180283,-1.595864
RWI,531.7928,-0.9527139,1.174525,-1.593245
RWI,531.801,-0.9535238,1.168707,-1.59038
RWI,531.8096,-0.9544842,1.162915,-1.587567
RWI,531.8179,-0.9553271,1.157082,-1.584652
RWI,531.8263,-0.9563628,1.151275,-1.581612
RWI,531.8347,-0.9571799,1.145265,-1.578568
RWI,531.8443,-0.957961,1.139173,-1.575524
RWI,531.8514,-0.9588311,1.13308,-1.572423
RWI,531.8597,-0.9596201,1.126896,-1.569312
RWI,531.8679,-0.9601301,1.120707,-1.56626
RWI,531.8783,-0.960843,1.114545,-1.563276
RWI,531.886,-0.9615609,1.107392,-1.55983
RWI,531.893,-0.9622672,1.101299,-1.55706
RWI,531.9015,-0.9627349,1.095531,-1.554536
RWI,531.9095,-0.9633954,1.089421,-1.551992
RWI,531.9178,-0.964143,1.083109,-1.549246
RWI,531.9263,-0.9648794,1.076985,-1.546391
RWI,531.9347,-0.9655092,1.070702,-1.543647
RWI,531.9431,-0.9662066,1.064548,-1.540962
RWI,531.9512,-0.9668198,1.058173,-1.538229
RWI,531.9594,-0.9677082,1.051908,-1.535612
RWI,531.9683,-0.9681633,1.045774,-1.533167
RWI,531.9761,-0.9689689,1.039102,-1.530444
RWI,531.9844,-0.9695233,1.03263,-1.528081
RWI,531.9932,-0.9700969,1.026048,-1.525838
RWI,532.001,-0.9708335,1.019283,-1.523516
RWI,532.0103,-0.9713906,1.012679,-1.521287
RWI,532.0178,-0.9724557,1.006221,-1.518887
RWI,532.0264,-0.9743834,0.9994785,-1.515941
RWI,532.0343,-0.9758691,0.9923449,-1.513066
RWI,532.0436,-0.9766246,0.9856525,-1.510754
RWI,532.0518,-0.9775159,0.9784931,-1.508456
RWI,532.0595,-0.9783898,0.970754,-1.506348
RWI,532.0677,-0.9789326,0.9633583,-1.504379
RWI,532.0768,-0.9796578,0.9558619,-1.502553
RWI,532.085,-0.9802319,0.9482765,-1.500774
RWI,532.0931,-0.980932,0.9408914,-1.499163
RWI,532.1015,-0.9814699,0.9338477,-1.498031
RWI,532.1093,-0.9825205,0.9264057,-1.496457
RWI,532.1176,-0.983488,0.9193646,-1.495193
RWI,532.1261,-0.9845474,0.9118461,-1.493791
RWI,532.1345,-0.9857277,0.9044827,-1.492088
RWI,532.1432,-0.9868897,0.8973545,-1.490731
RWI,532.1507,-0.9881742,0.8899155,-1.489338
RWI,532.1597,-0.9892145,0.8826306,-1.488099
RWI,532.1683,-0.9902585,0.8753331,-1.487113
RWI,532.1761,-0.9911665,0.8678333,-1.48681
RWI,532.1843,-0.9922259,0.8608851,-1.486201
RWI,532.1929,-0.9933645,0.8538924,-1.485961
RWI,532.2008,-0.9946147,0.847084,-1.485493
RWI,532.2099,-0.995715,0.840565,-1.48534
RWI,532.218,-0.9969836,0.8339207,-1.485172
RWI,532.2265,-0.9983983,0.8272337,-1.48478
RWI,532.2344,-0.9997921,0.8205039,-1.484374
RWI,532.2435,-1.000884,0.8139678,-1.484342
RWI,532.2514,-1.001846,0.8078312,-1.484218
RWI,532.2596,-1.002922,0.8013798,-1.484096
RWI,532.2675,-1.004082,0.7952194,-1.483869
RWI,532.2763,-1.005203,0.7891535,-1.483763
RWI,532.285,-1.006593,0.7830386,-1.483678
RWI,532.2929,-1.007853,0.7769319,-1.483843
RWI,532.3016,-1.009442,0.7708833,-1.484169
RWI,532.3096,-1.011307,0.7647552,-1.484576
RWI,532.3179,-1.013076,0.75855,-1.485318
RWI,532.3263,-1.014962,0.7527809,-1.486039
RWI,532.3342,-1.017111,0.7467698,-1.486541
RWI,532.3433,-1.019299,0.7408432,-1.487254
RWI,532.3508,-1.021635,0.7348167,-1.488154
RWI,532.3594,-1.023782,0.7287894,-1.489177
RWI,532.368,-1.026062,0.7223229,-1.490155
RWI,532.3759,-1.028405,0.7161516,-1.492224
RWI,532.3844,-1.030836,0.7097017,-1.493751
RWI,532.3929,-1.033521,0.7038578,-1.496377
RWI,532.4008,-1.036552,0.6982011,-1.499032
RWI,532.4098,-1.039769,0.6926714,-1.502022
RWI,532.4175,-1.043152,0.6872233,-1.505376
RWI,532.4265,-1.046265,0.6820902,-1.508917
RWI,532.4348,-1.049907,0.6771111,-1.512403
RWI,532.4436,-1.053298,0.6720854,-1.516181
RWI,532.4513,-1.056606,0.6670114,-1.519652
RWI,532.4595,-1.059874,0.6626047,-1.523298
RWI,532.4681,-1.062185,0.6610297,-1.527821
RWI,532.4762,-1.064489,0.6595274,-1.532243
RWI,532.4855,-1.066878,0.6583774,-1.536462
RWI,532.493,-1.069104,0.6574634,-1.54056
RWI,532.5009,-1.071036,0.6566789,-1.544443
RWI,532.5093,-1.073077,0.6564,-1.547545
RWI,532.5184,-1.074631,0.6559148,-1.550634
RWI,532.5261,-1.076215,0.6558272,-1.553304
RWI,532.5343,-1.077509,0.6558123,-1.55564
RWI,532.5435,-1.078412,0.6559862,-1.557409
RWI,532.5538,-1.07846,0.6561326,-1.558498
RWI,532.5594,-1.078405,0.6565603,-1.559273
RWI,532.5682,-1.078384,0.6569092,-1.559842
RWI,532.5762,-1.077379,0.6574646,-1.558935
RWI,532.5842,-1.076465,0.6582173,-1.558391
RWI,532.5927,-1.075733,0.6589756,-1.558137
RWI,532.6008,-1.073689,0.6597956,-1.555993
RWI,532.6106,-1.072019,0.6604117,-1.555732
RWI,532.6215,-1.07023,0.6613566,-1.553967
RWI,532.63,-1.067401,0.6624916,-1.550633
RWI,532.6357,-1.064564,0.6635917,-1.548182
RWI,532.6412,-1.063016,0.6648413,-1.546789
RWI,532.6491,-1.061755,0.6664937,-1.545535
RWI,532.6572,-1.059636,0.6683604,-1.543003
RWI,532.6653,-1.057415,0.6701921,-1.541401
RWI,532.6744,-1.055616,0.6726174,-1.538033
RWI,532.683,-1.053483,0.6749046,-1.535849
RWI,532.6906,-1.051756,0.6776089,-1.532419
RWI,532.699,-1.049633,0.6815454,-1.530204
RWI,532.707,-1.047877,0.6845235,-1.52735
RWI,532.7156,-1.045723,0.6884329,-1.524825
RWI,532.7241,-1.043659,0.6927793,-1.522716
RWI,532.7322,-1.041533,0.6970437,-1.520216
RWI,532.7415,-1.039667,0.7016529,-1.518183
RWI,532.7491,-1.037827,0.7067626,-1.515587
RWI,532.7573,-1.035559,0.7108095,-1.513028
RWI,532.7663,-1.033908,0.7161497,-1.510782
RWI,532.7775,-1.031936,0.7215564,-1.508109
RWI,532.7869,-1.029046,0.7301227,-1.504907
RWI,532.7933,-1.026509,0.7370818,-1.502554
RWI,532.7987,-1.025154,0.7415017,-1.500772
RWI,532.8078,-1.023669,0.7461548,-1.499031
RWI,532.8157,-1.021443,0.752654,-1.496835
RWI,532.8238,-1.01885,0.7588438,-1.495368
RWI,532.832,-1.015815,0.7667097,-1.49411
RWI,532.8405,-1.013064,0.7734138,-1.493112
RWI,532.8491,-1.009834,0.7816266,-1.492514
RWI,532.8575,-1.006332,0.789653,-1.492245
RWI,532.8657,-1.00327,0.7977366,-1.491658
RWI,532.8765,-1.000049,0.8063508,-1.49104
RWI,532.8846,-0.9971547,0.8142977,-1.491028
RWI,532.8908,-0.9934189,0.8240548,-1.491012
RWI,532.8989,-0.9906982,0.8315222,-1.492417
RWI,532.9069,-0.9879702,0.8400791,-1.493906
RWI,532.915,-0.9848615,0.8484901,-1.494851
RWI,532.9239,-0.9824318,0.8575887,-1.497093
RWI,532.9324,-0.9797705,0.8665603,-1.499297
RWI,532.9406,-0.9769011,0.8752256,-1.502465
RWI,532.9489,-0.9749383,0.8839647,-1.50517
RWI,532.957,-0.9726436,0.8930598,-1.509094
RWI,532.9662,-0.9709727,0.9016283,-1.512536
RWI,532.9737,-0.9690186,0.9109189,-1.516444
RWI,532.9821,-0.9671034,0.9191723,-1.520141
RWI,532.9905,-0.965497,0.9277266,-1.523874
RWI,532.9986,-0.9637209,0.9366658,-1.528029
RWI,533.0073,-0.9619155,0.9455837,-1.532482
RWI,533.0157,-0.9603353,0.954065,-1.537533
RWI,533.0238,-0.9584522,0.9626763,-1.542887
RWI,533.0322,-0.9568444,0.9704214,-1.547333
RWI,533.0402,-0.9553447,0.9786618,-1.552704
RWI,533.049,-0.9539757,0.9873107,-1.558478
RWI,533.0573,-0.9524304,0.9956884,-1.563986
RWI,533.0652,-0.9510862,1.004052,-1.569136
RWI,533.0743,-0.9497449,1.012875,-1.574462
RWI,533.0827,-0.9477751,1.021075,-1.578849
RWI,533.0906,-0.9460899,1.030074,-1.583279
RWI,533.0986,-0.944506,1.038303,-1.587355
RWI,533.1093,-0.942192,1.047166,-1.591858
RWI,533.1166,-0.9393612,1.056341,-1.596256
RWI,533.1246,-0.9367031,1.065792,-1.60143
RWI,533.1328,-0.9344808,1.072561,-1.605043
RWI,533.1425,-0.9318901,1.081084,-1.610081
RWI,533.1496,-0.9291863,1.089731,-1.61486
RWI,533.1587,-0.9267047,1.097808,-1.619117
RWI,533.1675,-0.9242001,1.106406,-1.623533
RWI,533.1752,-0.9214712,1.114735,-1.627654
RWI,533.1837,-0.9192985,1.122922,-1.631639
RWI,533.1925,-0.9170447,1.131123,-1.635917
RWI,533.2004,-0.9147246,1.139225,-1.640141
RWI,533.2103,-0.9126132,1.146431,-1.643869
RWI,533.2184,-0.9100809,1.153782,-1.647859
RWI,533.2262,-0.9073102,1.160975,-1.652411
RWI,533.2362,-0.9053286,1.167195,-1.655867
RWI,533.2462,-0.9023558,1.175022,-1.6612
RWI,533.2515,-0.8998196,1.182075,-1.665672
RWI,533.2571,-0.8979449,1.186385,-1.668787
RWI,533.2655,-0.8965659,1.190255,-1.671242
RWI,533.2742,-0.894267,1.195951,-1.675122
RWI,533.2833,-0.8925257,1.201768,-1.67909
RWI,533.2906,-0.8905282,1.207017,-1.682551
RWI,533.2991,-0.8883789,1.212014,-1.686027
RWI,533.3071,-0.8862188,1.217144,-1.68943
RWI,533.3152,-0.8844488,1.222067,-1.691795
RWI,533.3241,-0.8823923,1.22714,-1.694588
RWI,533.3323,-0.8802907,1.232099,-1.696057
RWI,533.3419,-0.8782957,1.237061,-1.69838
RWI,533.3488,-0.8765375,1.241699,-1.699611
RWI,533.3573,-0.874671,1.246446,-1.70157
RWI,533.366,-0.8730942,1.250733,-1.70269
RWI,533.3738,-0.8714014,1.255057,-1.702964
RWI,533.3824,-0.8700171,1.259348,-1.703989
RWI,533.3904,-0.8688351,1.263059,-1.703546
RWI,533.3992,-0.8674868,1.267087,-1.703773
RWI,533.4074,-0.8661889,1.270856,-1.702936
RWI,533.4157,-0.865176,1.274563,-1.701408
RWI,533.4238,-0.8641829,1.278398,-1.700646
RWI,533.4321,-0.8630885,1.28185,-1.698471
RWI,533.4404,-0.861959,1.285465,-1.696829
RWI,533.449,-0.8608529,1.288703,-1.693959
RWI,533.4569,-0.8598601,1.292246,-1.691837
RWI,533.4656,-0.8591028,1.295368,-1.689368
RWI,533.4742,-0.8588269,1.298361,-1.687229
RWI,533.4828,-0.8583358,1.301641,-1.684947
RWI,533.4907,-0.8586648,1.305039,-1.683387
RWI,533.4986,-0.8586515,1.308536,-1.681746
RWI,533.5078,-0.8592522,1.311747,-1.679428
RWI,533.5154,-0.8595252,1.316134,-1.677088
RWI,533.5242,-0.8595388,1.320027,-1.674664
RWI,533.5327,-0.8593515,1.323887,-1.672071
RWI,533.5418,-0.8585789,1.32738,-1.668047
RWI,533.5497,-0.8578429,1.330591,-1.66433
RWI,533.5593,-0.8568267,1.333542,-1.660799
RWI,533.5668,-0.8556887,1.336978,-1.65665
RWI,533.5749,-0.8550481,1.339466,-1.653746
RWI,533.5836,-0.8544582,1.342346,-1.650578
RWI,533.5921,-0.8547649,1.344515,-1.647542
RWI,533.6002,-0.8555837,1.346438,-1.644927
RWI,533.6093,-0.8561106,1.348128,-1.641469
RWI,533.6172,-0.8559388,1.349716,-1.637377
RWI,533.6258,-0.8556283,1.350743,-1.633663
RWI,533.6345,-0.8549584,1.351598,-1.629725
RWI,533.6429,-0.8539635,1.353022,-1.626101
RWI,533.6509,-0.8530779,1.354236,-1.62271
RWI,533.6589,-0.8522683,1.354973,-1.619648
RWI,533.6677,-0.8519616,1.355723,-1.616094
RWI,533.6762,-0.8520298,1.355726,-1.612695
RWI,533.6857,-0.8520842,1.354802,-1.609749
RWI,533.696,-0.8520962,1.354392,-1.606262
RWI,533.7055,-0.85232,1.352893,-1.60209
RWI,533.7156,-0.8523198,1.352575,-1.598796
RWI,533.7235,-0.8526507,1.352222,-1.595931
RWI,533.7321,-0.8532215,1.352219,-1.593637
RWI,533.7404,-0.8530208,1.352416,-1.591621
RWI,533.7491,-0.853484,1.35294,-1.589535
RWI,533.7568,-0.8537868,1.35405,-1.587545
RWI,533.8948,-0.8542175,1.354359,-1.585135
RWI,533.9048,-0.8657991,1.352444,-1.566348
RWI,533.9106,-0.8661841,1.352635,-1.565405
RWI,533.9167,-0.8665408,1.352593,-1.565104
RWI,533.9236,-0.8673307,1.352313,-1.564867
RWI,533.9318,-0.8679923,1.351591,-1.564587
RWI,533.9407,-0.8686212,1.350633,-1.564502
RWI,533.949,-0.8688984,1.349321,-1.564098
RWI,533.9567,-0.8692611,1.348477,-1.563901
RWI,533.9661,-0.8694588,1.347722,-1.563606
RWI,533.9736,-0.8696169,1.347039,-1.563251
RWI,533.9818,-0.8699054,1.346556,-1.562708
RWI,533.9902,-0.8697177,1.345937,-1.562337
RWI,533.9983,-0.8698224,1.34523,-1.562132
RWI,534.0074,-0.8701098,1.344474,-1.56192
RWI,534.0151,-0.8704912,1.343747,-1.561958
RWI,534.0236,-0.8707821,1.342896,-1.562053
RWI,534.032,-0.8711677,1.342174,-1.562197
RWI,534.0405,-0.8710223,1.341059,-1.561958
RWI,534.049,-0.8713765,1.340272,-1.56213
RWI,534.059,-0.8711194,1.339736,-1.561975
RWI,534.0676,-0.8709334,1.339869,-1.561873
RWI,534.0739,-0.8709156,1.339863,-1.561826
RWI,534.0824,-0.871101,1.339494,-1.561841
RWI,534.0903,-0.8712962,1.338701,-1.562005
RWI,534.0985,-0.8710647,1.337625,-1.561984
RWI,534.1068,-0.8708551,1.336643,-1.56184
RWI,534.1152,-0.8708514,1.335872,-1.562243
RWI,534.1235,-0.8706813,1.335072,-1.562263
RWI,534.1317,-0.8708839,1.334544,-1.56258
RWI,534.1407,-0.8712454,1.334325,-1.563078
RWI,534.1487,-0.871458,1.333949,-1.563375
RWI,534.1569,-0.8717095,1.333899,-1.564261
RWI,534.166,-0.8720716,1.333759,-1.565058
RWI,534.1734,-0.8722329,1.33375,-1.565529
RWI,534.1819,-0.8724337,1.333777,-1.566028
RWI,534.1903,-0.8726443,1.334,-1.566357
RWI,534.1987,-0.8729032,1.334119,-1.566829
RWI,534.2075,-0.8732193,1.334547,-1.56753
RWI,534.2188,-0.8734105,1.33476,-1.567991
RWI,534.2285,-0.8738426,1.334968,-1.568883
RWI,534.234,-0.8742241,1.335125,-1.569633
RWI,534.2401,-0.874498,1.335242,-1.56999
RWI,534.2488,-0.8748258,1.33533,-1.570539
RWI,534.2569,-0.8752085,1.335491,-1.571193
RWI,534.2653,-0.8755667,1.335564,-1.571951
RWI,534.2737,-0.8759991,1.335721,-1.572646
RWI,534.282,-0.876479,1.335959,-1.573433
RWI,534.2903,-0.877059,1.33623,-1.574531
RWI,534.2989,-0.8776103,1.336452,-1.57545
RWI,534.3071,-0.8785319,1.33663,-1.576367
RWI,534.3152,-0.8791352,1.336642,-1.577138
RWI,534.3236,-0.8799158,1.336849,-1.57812
RWI,534.3316,-0.8808926,1.336974,-1.579129
RWI,534.3409,-0.8818518,1.337055,-1.580158
RWI,534.3484,-0.8826731,1.336989,-1.581038
RWI,534.3571,-0.8836401,1.336969,-1.582106
RWI,534.3659,-0.8848736,1.33658,-1.583361
RWI,534.3734,-0.8861373,1.336539,-1.58438
RWI,534.3815,-0.8872364,1.336467,-1.585564
RWI,534.3903,-0.8886313,1.336434,-1.586764
RWI,534.3982,-0.8900487,1.336378,-1.587852
RWI,534.4071,-0.8915532,1.336236,-1.588931
RWI,534.4156,-0.8929875,1.336083,-1.590123
RWI,534.4232,-0.8946694,1.335628,-1.591194
RWI,534.4322,-0.8960555,1.335538,-1.592371
RWI,534.4404,-0.8978499,1.335134,-1.593581
RWI,534.4489,-0.8994378,1.334451,-1.594607
RWI,534.4566,-0.9013221,1.333911,-1.595781
RWI,534.4651,-0.9033394,1.333137,-1.597003
RWI,534.4739,-0.9053848,1.332393,-1.59821
RWI,534.4824,-0.9075271,1.331733,-1.599516
RWI,534.4902,-0.9094853,1.331063,-1.60067
RWI,534.4985,-0.9116226,1.330183,-1.601837
RWI,534.5067,-0.9136123,1.32914,-1.602866
RWI,534.5153,-0.9159394,1.328117,-1.603897
RWI,534.5236,-0.9181352,1.326831,-1.605013
RWI,534.5315,-0.9203501,1.325701,-1.606091
RWI,534.5406,-0.922924,1.324152,-1.60726
RWI,534.5496,-0.9253427,1.322598,-1.608317
RWI,534.5577,-0.9279926,1.321071,-1.60953
RWI,534.5662,-0.930369,1.319461,-1.610532
RWI,534.574,-0.9328253,1.31785,-1.611501
RWI,534.5823,-0.9351758,1.316271,-1.612474
RWI,534.5912,-0.9375708,1.314522,-1.613353
RWI,534.5993,-0.9399059,1.312627,-1.614198
RWI,534.6088,-0.9424545,1.310736,-1.614764
RWI,534.6164,-0.9449363,1.308215,-1.615352
RWI,534.6252,-0.9472714,1.305808,-1.615917
RWI,534.6334,-0.9496745,1.303199,-1.616456
RWI,534.643,-0.9521185,1.300376,-1.616662
RWI,534.6509,-0.9544294,1.297433,-1.616893
RWI,534.6587,-0.956854,1.29411,-1.616876
RWI,534.6674,-0.9588829,1.290996,-1.616893
RWI,534.6765,-0.9611953,1.287417,-1.616686
RWI,534.6851,-0.9632406,1.283839,-1.616442
RWI,534.6928,-0.9653741,1.280018,-1.615933
RWI,534.7006,-0.96736,1.276368,-1.615334
RWI,534.7089,-0.9688988,1.272184,-1.614532
RWI,534.7175,-0.9708292,1.268208,-1.613622
RWI,534.7256,-0.9724021,1.263703,-1.612342
RWI,534.7336,-0.9741101,1.259185,-1.611068
RWI,534.743,-0.9757255,1.254765,-1.609653
RWI,534.7504,-0.9771662,1.249587,-1.607961
RWI,534.7588,-0.978626,1.244481,-1.606228
RWI,534.7676,-0.9800425,1.239195,-1.604367
RWI,534.7758,-0.9810714,1.233973,-1.602172
RWI,534.7839,-0.9822127,1.228441,-1.60006
RWI,534.7927,-0.9834183,1.222698,-1.597604
RWI,534.8007,-0.9846428,1.216932,-1.594958
RWI,534.8096,-0.9855517,1.210741,-1.591895
RWI,534.8173,-0.9866311,1.204791,-1.588848
RWI,534.8257,-0.987258,1.198561,-1.585965
RWI,534.8341,-0.9880764,1.19213,-1.582494
RWI,534.8428,-0.9888465,1.185406,-1.579016
RWI,534.8512,-0.9895096,1.17851,-1.575522
RWI,534.8591,-0.9899267,1.171132,-1.572086
RWI,534.867,-0.99053,1.163938,-1.568584
RWI,534.8762,-0.9910212,1.156444,-1.565086
RWI,534.8854,-0.9915283,1.148896,-1.561402
RWI,534.8931,-0.9920533,1.141119,-1.557438
RWI,534.9008,-0.9937881,1.133359,-1.552747
RWI,534.9088,-0.9946789,1.126196,-1.548754
RWI,534.9177,-0.9951144,1.118373,-1.544783
RWI,534.9258,-0.995614,1.11044,-1.540592
RWI,534.934,-0.995883,1.102386,-1.536688
RWI,534.9427,-0.996174,1.094162,-1.532548
RWI,534.9504,-0.9966052,1.085561,-1.528356
RWI,534.9592,-0.9965398,1.077448,-1.524355
RWI,534.9677,-0.9966369,1.068122,-1.520572
RWI,534.9753,-0.9966755,1.059279,-1.516484
RWI,534.9844,-0.996073,1.050399,-1.513445
RWI,534.9922,-0.9957049,1.041206,-1.509949
RWI,535.0002,-0.9951379,1.032224,-1.507042
RWI,535.0099,-0.9944482,1.023319,-1.504242
RWI,535.017,-0.9940466,1.014057,-1.50122
RWI,535.0255,-0.9936258,1.005174,-1.49847
RWI,535.0336,-0.9932393,0.9961016,-1.495734
RWI,535.0427,-0.9929561,0.9871597,-1.493381
RWI,535.0508,-0.9927917,0.9775057,-1.490898
RWI,535.0591,-0.9925289,0.967929,-1.488641
RWI,535.067,-0.9921771,0.9583954,-1.486609
RWI,535.0765,-0.9920009,0.9490116,-1.484597
RWI,535.0848,-0.9919477,0.9393097,-1.482635
RWI,535.0925,-0.9916971,0.9298838,-1.480986
RWI,535.1004,-0.9914775,0.9207736,-1.479218
RWI,535.109,-0.991309,0.9114727,-1.477794
RWI,535.1172,-0.9914874,0.9025069,-1.476922
RWI,535.1257,-0.9916447,0.8933934,-1.475865
RWI,535.1339,-0.991917,0.8836762,-1.474986
RWI,535.1432,-0.9923505,0.8745022,-1.474485
RWI,535.1503,-0.9928382,0.8654666,-1.474296
RWI,535.1588,-0.99357,0.8569492,-1.474469
RWI,535.1676,-0.9942569,0.8482472,-1.474148
RWI,535.1753,-0.995383,0.8401938,-1.473882
RWI,535.184,-0.9967885,0.8321117,-1.47327
RWI,535.1922,-0.9984651,0.8239266,-1.472536
RWI,535.2004,-1.000007,0.8151501,-1.472092
RWI,535.2092,-1.001102,0.8063521,-1.471724
RWI,535.2172,-1.001746,0.7973992,-1.472283
RWI,535.2258,-1.002813,0.7884734,-1.472455
RWI,535.2338,-1.003409,0.7795954,-1.473291
RWI,535.2425,-1.00442,0.7716081,-1.474835
RWI,535.2507,-1.005446,0.7638462,-1.476565
RWI,535.2587,-1.00699,0.7569002,-1.479046
RWI,535.2675,-1.008742,0.7495335,-1.480924
RWI,535.2755,-1.010764,0.742507,-1.483209
RWI,535.2849,-1.012761,0.7354376,-1.4857
RWI,535.2923,-1.015183,0.7285132,-1.488652
RWI,535.3007,-1.017131,0.7220467,-1.491435
RWI,535.3088,-1.019553,0.7151083,-1.494714
RWI,535.3175,-1.022084,0.7082045,-1.497892
RWI,535.3254,-1.024487,0.7017416,-1.501571
RWI,535.3335,-1.027416,0.6959904,-1.50552
RWI,535.3427,-1.030346,0.6902268,-1.509622
RWI,535.3505,-1.033561,0.6847724,-1.513609
RWI,535.3587,-1.036685,0.679432,-1.517695
RWI,535.3674,-1.039967,0.6739722,-1.521848
RWI,535.3754,-1.04328,0.6685644,-1.525171
RWI,535.3837,-1.046239,0.6628153,-1.529012
RWI,535.392,-1.048199,0.6609619,-1.533672
RWI,535.4004,-1.050189,0.6592253,-1.537638
RWI,535.4094,-1.054115,0.6585734,-1.539901
RWI,535.4172,-1.060461,0.6577654,-1.546319
RWI,535.4254,-1.061885,0.6565278,-1.549267
RWI,535.434,-1.064271,0.6557835,-1.552301
RWI,535.4426,-1.067332,0.6552961,-1.555269
RWI,535.4506,-1.07105,0.655196,-1.556332
RWI,535.4592,-1.073725,0.6549204,-1.558115
RWI,535.4688,-1.076202,0.6547174,-1.559937
RWI,535.4793,-1.078372,0.6549532,-1.559559
RWI,535.486,-1.079898,0.6551114,-1.561257
RWI,535.4914,-1.080263,0.6552756,-1.560319
RWI,535.4985,-1.079564,0.6555891,-1.558548
RWI,535.5071,-1.078908,0.6557908,-1.558086
RWI,535.5153,-1.077261,0.6564949,-1.555256
RWI,535.5242,-1.075258,0.6568977,-1.551684
RWI,535.532,-1.07158,0.6583872,-1.54766
RWI,535.5419,-1.068525,0.6605552,-1.54388
RWI,535.5547,-1.065935,0.6623203,-1.540499
RWI,535.5626,-1.06046,0.6652765,-1.532372
RWI,535.574,-1.056902,0.6670963,-1.527927
RWI,535.5822,-1.049518,0.6690435,-1.522953
RWI,535.5906,-1.046632,0.6722291,-1.518577
RWI,535.5989,-1.043152,0.6752366,-1.513677
RWI,535.608,-1.039453,0.6785673,-1.508866
RWI,535.6155,-1.035991,0.6823242,-1.504138
RWI,535.6252,-1.03149,0.6857616,-1.500595
RWI,535.634,-1.027581,0.6929139,-1.495779
RWI,535.6402,-1.022715,0.6974942,-1.491457
RWI,535.6492,-1.020459,0.7020115,-1.488519
RWI,535.6574,-1.016003,0.7067461,-1.484835
RWI,535.6653,-1.012585,0.7125084,-1.481542
RWI,535.6751,-1.008561,0.7180257,-1.478417
RWI,535.6832,-1.004301,0.7230662,-1.475252
RWI,535.6906,-1.000752,0.7291302,-1.473075
RWI,535.6986,-0.9968709,0.7358447,-1.471189
RWI,535.707,-0.9933632,0.7420757,-1.468998
RWI,535.7153,-0.9898289,0.7488394,-1.467734
RWI,535.7238,-0.9864489,0.7554497,-1.465971
RWI,535.7321,-0.9830432,0.762023,-1.46476
RWI,535.7413,-0.9799221,0.7689243,-1.463259
RWI,535.7488,-0.9764459,0.7760279,-1.462474
RWI,535.7573,-0.9734188,0.7830692,-1.461515
RWI,535.7666,-0.9699302,0.7904321,-1.461011
RWI,535.7739,-0.9666185,0.7985834,-1.460968
RWI,535.7826,-0.963396,0.8054589,-1.460903
RWI,535.7911,-0.9598216,0.8134474,-1.462125
RWI,535.7994,-0.9566564,0.8211184,-1.463054
RWI,535.8111,-0.9535346,0.8290561,-1.464374
RWI,535.8197,-0.9506581,0.83689,-1.465998
RWI,535.8257,-0.9466599,0.8477514,-1.468375
RWI,535.8321,-0.9448796,0.8536749,-1.470126
RWI,535.8406,-0.9430465,0.8593686,-1.471627
RWI,535.8489,-0.9402415,0.867501,-1.475168
RWI,535.8571,-0.9378084,0.875289,-1.478262
RWI,535.8654,-0.9353546,0.883109,-1.4814
RWI,535.8745,-0.93304,0.8908687,-1.484965
RWI,535.8839,-0.9307322,0.8989885,-1.488605
RWI,535.8931,-0.9285091,0.9077131,-1.492681
RWI,535.9004,-0.9263045,0.9154773,-1.496492
RWI,535.9067,-0.9244387,0.9240789,-1.500949
RWI,535.9154,-0.9229287,0.9303809,-1.504202
RWI,535.9239,-0.9212297,0.938258,-1.508627
RWI,535.9338,-0.9193651,0.9463655,-1.513659
RWI,535.9479,-0.9168863,0.9557044,-1.520218
RWI,535.9563,-0.9142547,0.968172,-1.529187
RWI,535.9655,-0.9126799,0.9755566,-1.53497
RWI,535.9736,-0.9112731,0.9823919,-1.54025
RWI,535.9813,-0.9098128,0.9892219,-1.545759
RWI,535.9896,-0.9085655,0.9962017,-1.55127
RWI,535.9979,-0.9072531,1.002639,-1.55672
RWI,536.0068,-0.9059076,1.009477,-1.562456
RWI,536.0149,-0.9046302,1.01625,-1.568091
RWI,536.0231,-0.9033489,1.022442,-1.573573
RWI,536.0317,-0.9021673,1.028569,-1.578793
RWI,536.04,-0.900814,1.034611,-1.584527
RWI,536.0483,-0.8996919,1.040492,-1.590118
RWI,536.0565,-0.8985143,1.046344,-1.596003
RWI,536.0646,-0.8974159,1.051901,-1.601863
RWI,536.0736,-0.8966088,1.057447,-1.607749
RWI,536.0824,-0.895395,1.063278,-1.613972
RWI,536.0899,-0.8944731,1.068681,-1.619683
RWI,536.0983,-0.8933699,1.074004,-1.625642
RWI,536.1065,-0.8924783,1.079117,-1.631505
RWI,536.1145,-0.8912128,1.084337,-1.637449
RWI,536.1232,-0.8902034,1.089467,-1.642952
RWI,536.1316,-0.8889454,1.09435,-1.648453
RWI,536.14,-0.8875783,1.098997,-1.653913
RWI,536.1484,-0.8861402,1.103502,-1.659411
RWI,536.1563,-0.8845625,1.108011,-1.664922
RWI,536.1653,-0.8834277,1.1124,-1.669667
RWI,536.1732,-0.8823944,1.116946,-1.674378
RWI,536.1816,-0.8813454,1.121385,-1.678696
RWI,536.1896,-0.8801555,1.125486,-1.682983
RWI,536.1981,-0.8789976,1.129524,-1.68707
RWI,536.2066,-0.8779202,1.133311,-1.690842
RWI,536.215,-0.8766875,1.137128,-1.694254
RWI,536.223,-0.8757893,1.140578,-1.69722
RWI,536.2318,-0.8748453,1.143368,-1.70018
RWI,536.2397,-0.8739495,1.146583,-1.703201
RWI,536.2485,-0.8730062,1.149501,-1.7055
RWI,536.2563,-0.8723225,1.152307,-1.707578
RWI,536.2645,-0.8715887,1.15516,-1.709673
RWI,536.2733,-0.8706654,1.157558,-1.710948
RWI,536.2817,-0.8700355,1.16003,-1.712155
RWI,536.29,-0.8693299,1.16247,-1.712911
RWI,536.2982,-0.8686635,1.16474,-1.713378
RWI,536.3068,-0.8678638,1.167015,-1.713366
RWI,536.3145,-0.8669134,1.169455,-1.713258
RWI,536.3234,-0.8660166,1.171836,-1.712755
RWI,536.3317,-0.8652408,1.174492,-1.712138
RWI,536.3403,-0.8645867,1.177326,-1.711295
RWI,536.3488,-0.8639529,1.18048,-1.710362
RWI,536.3575,-0.8634412,1.183427,-1.709271
RWI,536.3666,-0.8630465,1.186642,-1.707837
RWI,536.3742,-0.8626038,1.189687,-1.70622
RWI,536.3832,-0.8622921,1.192775,-1.704381
RWI,536.3932,-0.8618243,1.196142,-1.702217
RWI,536.4025,-0.8613846,1.200212,-1.699324
RWI,536.409,-0.8606085,1.204082,-1.696402
RWI,536.4161,-0.8603166,1.206764,-1.694518
RWI,536.4244,-0.8597755,1.210019,-1.691682
RWI,536.4328,-0.8591922,1.213669,-1.68834
RWI,536.441,-0.8587809,1.217487,-1.685203
RWI,536.45,-0.8583195,1.221222,-1.681768
RWI,536.4578,-0.8581041,1.224853,-1.678305
RWI,536.4658,-0.8578323,1.228647,-1.674948
RWI,536.4749,-0.8577815,1.232672,-1.671737
RWI,536.4835,-0.8575962,1.236754,-1.668544
RWI,536.4911,-0.8572735,1.241627,-1.665853
RWI,536.4994,-0.8570874,1.246445,-1.663011
RWI,536.5075,-0.8568106,1.25135,-1.660403
RWI,536.5162,-0.8566743,1.256581,-1.657946
RWI,536.525,-0.8566407,1.261784,-1.655384
RWI,536.5327,-0.8568506,1.266804,-1.652751
RWI,536.5417,-0.8573095,1.271759,-1.649554
RWI,536.553,-0.8577477,1.276133,-1.646306
RWI,536.5642,-0.8584409,1.282647,-1.641428
RWI,536.5735,-0.8589458,1.287389,-1.637555
RWI,536.5811,-0.859725,1.293616,-1.632797
RWI,536.59,-0.8598582,1.297629,-1.629437
RWI,536.5979,-0.8599596,1.301828,-1.625939
RWI,536.6075,-0.8600841,1.305651,-1.622306
RWI,536.6151,-0.86046,1.308899,-1.618598
RWI,536.623,-0.860667,1.312346,-1.614824
RWI,536.6311,-0.8609173,1.315613,-1.611286
RWI,536.6397,-0.8615283,1.318004,-1.607452
RWI,536.6484,-0.861648,1.320378,-1.603909
RWI,536.6562,-0.8625074,1.323043,-1.600114
RWI,536.6646,-0.8631614,1.324813,-1.59667
RWI,536.6734,-0.8638252,1.326904,-1.593235
RWI,536.6816,-0.8647772,1.329422,-1.589843
RWI,536.6898,-0.86565,1.331571,-1.586898
RWI,536.6982,-0.8664683,1.333672,-1.583697
RWI,536.708,-0.8670123,1.33588,-1.58043
RWI,536.7167,-0.868315,1.338207,-1.576455
RWI,536.7228,-0.8692444,1.339667,-1.573154
RWI,536.7313,-0.8702053,1.340739,-1.570776
RWI,536.741,-0.8716655,1.340993,-1.567772
RWI,536.748,-0.8729903,1.34163,-1.564489
RWI,536.7562,-0.8743996,1.341438,-1.561361
RWI,536.7651,-0.8761427,1.340601,-1.558245
RWI,536.773,-0.8778189,1.340461,-1.555104
RWI,536.7814,-0.878463,1.339646,-1.55266
RWI,536.7896,-0.8786294,1.339455,-1.549811
RWI,536.7977,-0.8785741,1.339057,-1.547363
RWI,536.808,-0.8782397,1.33878,-1.545178
RWI,536.8143,-0.8774607,1.338405,-1.54305
RWI,536.8234,-0.8766375,1.337741,-1.540945
RWI,536.8312,-0.8757173,1.336576,-1.539559
RWI,536.8395,-0.8747151,1.334816,-1.538327
RWI,536.8482,-0.8738722,1.332841,-1.537322
RWI,536.8564,-0.8727746,1.330315,-1.536527
RWI,536.8646,-0.8723222,1.327556,-1.536044
RWI,536.8737,-0.8708242,1.325431,-1.535915
RWI,536.8821,-0.8699458,1.322842,-1.535572
RWI,536.8901,-0.8681393,1.320503,-1.535839
RWI,536.8988,-0.8669626,1.318381,-1.535657
RWI,536.9073,-0.8652714,1.316275,-1.535752
RWI,536.9157,-0.863863,1.314572,-1.53579
RWI,536.9243,-0.8627085,1.312893,-1.535816
RWI,536.9325,-0.860834,1.310555,-1.535933
RWI,536.9413,-0.8602288,1.308759,-1.536039
RWI,536.9495,-0.8590261,1.306819,-1.536477
RWI,536.9581,-0.858266,1.305117,-1.53688
RWI,536.9666,-0.8576853,1.30352,-1.537387
RWI,536.9743,-0.856505,1.301808,-1.537549
RWI,536.983,-0.8560464,1.300025,-1.538293
RWI,536.9911,-0.8552805,1.298306,-1.538519
RWI,536.9996,-0.8548007,1.296381,-1.539156
RWI,537.0099,-0.8539754,1.294284,-1.539508
RWI,537.0201,-0.8536683,1.292583,-1.540032
RWI,537.0256,-0.8532291,1.290757,-1.540584
RWI,537.0316,-0.8529211,1.289907,-1.540944
RWI,537.0397,-0.8528847,1.289036,-1.541186
RWI,537.0484,-0.8528321,1.288519,-1.541636
RWI,537.0567,-0.8523648,1.28761,-1.541993
RWI,537.0649,-0.852324,1.286745,-1.542453
RWI,537.0737,-0.8521425,1.28654,-1.542839
RWI,537.0817,-0.8519913,1.286279,-1.54346
RWI,537.0899,-0.85199,1.2865,-1.544055
RWI,537.0981,-0.8519021,1.287246,-1.544966
RWI,537.1068,-0.8520206,1.287694,-1.545724
RWI,537.1147,-0.8524148,1.287619,-1.546194
RWI,537.1234,-0.8527746,1.287197,-1.546737
RWI,537.1313,-0.8530307,1.286751,-1.547326
RWI,537.1403,-0.8533499,1.286911,-1.548025
RWI,537.1482,-0.8536043,1.287026,-1.548612
RWI,537.1567,-0.8540999,1.287429,-1.549444
RWI,537.1657,-0.8548273,1.288159,-1.550609
RWI,537.1731,-0.8553817,1.289048,-1.551496
RWI,537.1818,-0.8563636,1.290022,-1.552535
RWI,537.1899,-0.8571892,1.290825,-1.55345
RWI,537.1984,-0.8579198,1.29187,-1.554299
RWI,537.207,-0.8584504,1.29297,-1.555299
RWI,537.2148,-0.8591859,1.294003,-1.556353
RWI,537.2234,-0.8593796,1.295299,-1.5568
RWI,537.2315,-0.8601312,1.296342,-1.557831
RWI,537.2398,-0.8610709,1.297173,-1.558916
RWI,537.2484,-0.8623028,1.298105,-1.559885
RWI,537.2567,-0.8636162,1.298944,-1.560904
RWI,537.2649,-0.8647171,1.2998,-1.561862
RWI,537.2745,-0.865988,1.300655,-1.562949
RWI,537.2816,-0.8676583,1.301734,-1.564078
RWI,537.2903,-0.8695934,1.303115,-1.56501
RWI,537.2983,-0.8705124,1.30371,-1.565895
RWI,537.3073,-0.8722669,1.304622,-1.567125
RWI,537.3171,-0.8735672,1.305514,-1.568522
RWI,537.3268,-0.8757921,1.306578,-1.569944
RWI,537.3322,-0.8776762,1.307271,-1.571512
RWI,537.3406,-0.8788247,1.307471,-1.57241
RWI,537.3487,-0.8805862,1.30813,-1.573642
RWI,537.3572,-0.8824865,1.308642,-1.575069
RWI,537.3663,-0.8844033,1.309118,-1.576529
RWI,537.3735,-0.8862848,1.309668,-1.577968
RWI,537.3821,-0.8878623,1.310438,-1.57947
RWI,537.3901,-0.8897908,1.310712,-1.581087
RWI,537.3987,-0.8914036,1.311048,-1.582764
RWI,537.4079,-0.8933638,1.311056,-1.584191
RWI,537.4152,-0.8953418,1.311292,-1.585631
RWI,537.4235,-0.8976854,1.311052,-1.587078
RWI,537.4321,-0.899802,1.311024,-1.588432
RWI,537.4402,-0.9018629,1.310871,-1.58966
RWI,537.449,-0.9039419,1.310366,-1.590991
RWI,537.4573,-0.9058467,1.310005,-1.592006
RWI,537.465,-0.9078915,1.309436,-1.593382
RWI,537.4745,-0.9098024,1.308884,-1.59477
RWI,537.4827,-0.911798,1.308211,-1.596085
RWI,537.4902,-0.9138954,1.307437,-1.597508
RWI,537.4988,-0.9159374,1.306631,-1.598722
RWI,537.507,-0.917945,1.305522,-1.600056
RWI,537.5155,-0.9200122,1.304285,-1.601527
RWI,537.5241,-0.9222223,1.302746,-1.603113
RWI,537.5319,-0.9242278,1.30102,-1.604724
RWI,537.5406,-0.9262501,1.299624,-1.605988
RWI,537.5486,-0.928197,1.298091,-1.607369
RWI,537.5581,-0.9301491,1.295976,-1.608916
RWI,537.566,-0.9323902,1.293516,-1.610633
RWI,537.5737,-0.9339674,1.291345,-1.61208
RWI,537.582,-0.9361215,1.288898,-1.613796
RWI,537.5903,-0.9385234,1.286074,-1.615463
RWI,537.5986,-0.940764,1.283251,-1.617109
RWI,537.6081,-0.9428357,1.280029,-1.61845
RWI,537.616,-0.944825,1.276521,-1.61999
RWI,537.6239,-0.9469358,1.272438,-1.621066
RWI,537.6328,-0.9492355,1.268436,-1.621652
RWI,537.641,-0.9512295,1.263685,-1.622254
RWI,537.6497,-0.9533961,1.259418,-1.622556
RWI,537.658,-0.9554384,1.255038,-1.623097
RWI,537.6663,-0.9573356,1.249746,-1.623315
RWI,537.6756,-0.9594369,1.244598,-1.623647
RWI,537.6849,-0.9613413,1.239043,-1.623568
RWI,537.6917,-0.9632043,1.233352,-1.623157
RWI,537.7,-0.9650799,1.227221,-1.622737
RWI,537.7081,-0.9668056,1.220801,-1.622059
RWI,537.7166,-0.9685152,1.214467,-1.621053
RWI,537.7253,-0.9700578,1.208009,-1.619943
RWI,537.7335,-0.9713777,1.201462,-1.618678
RWI,537.742,-0.972508,1.195005,-1.616977
RWI,537.7499,-0.9737195,1.187934,-1.614861
RWI,537.7583,-0.975154,1.18119,-1.613226
RWI,537.7671,-0.9762477,1.173397,-1.610974
RWI,537.7748,-0.9779667,1.165817,-1.608953
RWI,537.7839,-0.9793804,1.158196,-1.606752
RWI,537.7919,-0.980787,1.150319,-1.604644
RWI,537.7998,-0.9821777,1.141839,-1.602598
RWI,537.8091,-0.9838238,1.133987,-1.600252
RWI,537.8167,-0.9852468,1.125749,-1.597826
RWI,537.8251,-0.9864613,1.117382,-1.595397
RWI,537.8334,-0.9876186,1.108978,-1.59279
RWI,537.8419,-0.9887747,1.10061,-1.590275
RWI,537.8506,-0.9897273,1.092276,-1.587279
RWI,537.8586,-0.9906373,1.083694,-1.584501
RWI,537.8663,-0.991429,1.075096,-1.581426
RWI,537.876,-0.9917351,1.066883,-1.57861
RWI,537.8843,-0.992355,1.058053,-1.575701
RWI,537.8921,-0.9930601,1.049645,-1.573011
RWI,537.9001,-0.9936188,1.04134,-1.570175
RWI,537.9084,-0.9942285,1.032928,-1.567385
RWI,537.9166,-0.9956856,1.024347,-1.56423
RWI,537.925,-0.9963842,1.01635,-1.561133
RWI,537.933,-0.9969415,1.007998,-1.558013
RWI,537.9429,-0.9974269,0.9996001,-1.555232
RWI,537.9502,-0.9976422,0.9910975,-1.552382
RWI,537.9583,-0.9981063,0.9829507,-1.549762
RWI,537.9672,-0.9985261,0.9745428,-1.547212
RWI,537.9749,-0.9991046,0.9661962,-1.544714
RWI,537.9833,-0.9998159,0.9583304,-1.542506
RWI,537.9918,-1.000569,0.9500391,-1.539729
RWI,538,-1.001052,0.9419801,-1.537313
RWI,538.0089,-1.001405,0.9343565,-1.535334
RWI,538.0165,-1.00153,0.9263504,-1.533195
RWI,538.0252,-1.001798,0.9185997,-1.531615
RWI,538.0331,-1.001768,0.910949,-1.529739
RWI,538.0423,-1.001659,0.9034025,-1.528446
RWI,538.0503,-1.001786,0.8956034,-1.527008
RWI,538.0583,-1.00192,0.8878052,-1.525534
RWI,538.0664,-1.002015,0.8805069,-1.524445
RWI,538.0757,-1.002006,0.8732907,-1.523731
RWI,538.0842,-1.00193,0.8661371,-1.522455
RWI,538.0916,-1.002173,0.8592821,-1.521223
RWI,538.1,-1.002702,0.852351,-1.519818
RWI,538.1085,-1.002851,0.8457962,-1.518575
RWI,538.1172,-1.00331,0.8391332,-1.517384
RWI,538.1249,-1.003846,0.8324802,-1.516407
RWI,538.1332,-1.004604,0.8254197,-1.515501
RWI,538.142,-1.005105,0.8186583,-1.514901
RWI,538.1499,-1.005871,0.8114856,-1.514616
RWI,538.1581,-1.006595,0.8047231,-1.514449
RWI,538.1671,-1.007352,0.7980121,-1.514399
RWI,538.1747,-1.00812,0.7910306,-1.514263
RWI,538.1831,-1.009199,0.784745,-1.514753
RWI,538.1918,-1.009868,0.7786846,-1.515152
RWI,538.2,-1.01099,0.7724001,-1.515492
RWI,538.2086,-1.01224,0.7661338,-1.515866
RWI,538.2167,-1.013731,0.7600282,-1.516587
RWI,538.2251,-1.015087,0.7537361,-1.517219
RWI,538.2334,-1.016517,0.7476493,-1.518425
RWI,538.2418,-1.018388,0.7408653,-1.519551
RWI,538.2502,-1.020206,0.7353159,-1.521574
RWI,538.2582,-1.022179,0.7300324,-1.523528
RWI,538.2666,-1.024526,0.724895,-1.525589
RWI,538.2759,-1.027055,0.7206718,-1.528216
RWI,538.2843,-1.029527,0.7159746,-1.530781
RWI,538.2919,-1.031787,0.7115789,-1.533224
RWI,538.2999,-1.033758,0.7073217,-1.536355
RWI,538.3083,-1.035968,0.7036277,-1.539525
RWI,538.3163,-1.038006,0.6996642,-1.54275
RWI,538.3252,-1.039504,0.6965235,-1.546133
RWI,538.3329,-1.041251,0.6934429,-1.549491
RWI,538.3423,-1.042994,0.6900496,-1.552671
RWI,538.35,-1.044369,0.6870891,-1.55533
RWI,538.3585,-1.045772,0.6843027,-1.558217
RWI,538.3669,-1.046941,0.6818082,-1.560983
RWI,538.3747,-1.04835,0.6791451,-1.563135
RWI,538.3832,-1.05017,0.6769468,-1.565271
RWI,538.3918,-1.053532,0.6760946,-1.567131
RWI,538.3996,-1.054715,0.6751748,-1.571027
RWI,538.4089,-1.055901,0.6742429,-1.574305
RWI,538.4169,-1.057462,0.6753711,-1.576753
RWI,538.4249,-1.059066,0.675248,-1.579622
RWI,538.4335,-1.060374,0.6747779,-1.5819
RWI,538.4419,-1.060968,0.6746292,-1.583833
RWI,538.4501,-1.061768,0.6740859,-1.58611
RWI,538.4583,-1.062169,0.6737251,-1.587476
RWI,538.4667,-1.062308,0.6730366,-1.588521
RWI,538.4752,-1.062837,0.6731306,-1.588769
RWI,538.4848,-1.063517,0.6737052,-1.589583
RWI,538.4917,-1.063759,0.674558,-1.590683
RWI,538.5,-1.064327,0.6764144,-1.591521
RWI,538.5086,-1.065015,0.6777758,-1.59223
RWI,538.5174,-1.065461,0.6803976,-1.591833
RWI,538.5287,-1.065771,0.6817655,-1.590734
RWI,538.5397,-1.066436,0.6839375,-1.587304
RWI,538.5488,-1.067214,0.6858226,-1.584537
RWI,538.5565,-1.06813,0.6871027,-1.581794
RWI,538.5655,-1.068537,0.6884976,-1.578845
RWI,538.5728,-1.068453,0.6901147,-1.575799
RWI,538.5811,-1.068183,0.6920274,-1.572956
RWI,538.5897,-1.06733,0.6941881,-1.569901
RWI,538.5975,-1.066099,0.6966707,-1.566821
RWI,538.6064,-1.064629,0.6995005,-1.563875
RWI,538.6146,-1.062605,0.7025076,-1.560864
RWI,538.6227,-1.060439,0.7055791,-1.557743
RWI,538.6311,-1.057709,0.7088663,-1.554816
RWI,538.6394,-1.054819,0.7122819,-1.551779
RWI,538.6482,-1.051545,0.7166061,-1.548943
RWI,538.6561,-1.047598,0.7189328,-1.546769
RWI,538.664,-1.045086,0.7233469,-1.543818
RWI,538.6746,-1.042355,0.7270114,-1.540345
RWI,538.6866,-1.03903,0.7315515,-1.537154
RWI,538.6969,-1.034099,0.7382657,-1.532425
RWI,538.7061,-1.030457,0.7444617,-1.528799
RWI,538.7141,-1.027294,0.7488764,-1.525529
RWI,538.7231,-1.023603,0.7534573,-1.524834
RWI,538.731,-1.019804,0.758374,-1.522821
RWI,538.7401,-1.01552,0.7627772,-1.521226
RWI,538.7478,-1.012206,0.7680631,-1.519674
RWI,538.7557,-1.008691,0.7727305,-1.517699
RWI,538.7652,-1.004958,0.7784131,-1.517077
RWI,538.7727,-1.00148,0.7837272,-1.515587
RWI,538.7806,-0.9981209,0.7889729,-1.514476
RWI,538.7893,-0.9947842,0.7940971,-1.51353
RWI,538.7975,-0.9909143,0.7992335,-1.513264
RWI,538.8063,-0.9874735,0.8050864,-1.513261
RWI,538.8143,-0.9837,0.8106223,-1.513502
RWI,538.8228,-0.9797586,0.8160103,-1.514724
RWI,538.8309,-0.9759047,0.8212366,-1.515265
RWI,538.8392,-0.9720101,0.826434,-1.516592
RWI,538.8482,-0.9686246,0.8319142,-1.518424
RWI,538.8559,-0.9644754,0.8370428,-1.520721
RWI,538.8643,-0.9605849,0.8420559,-1.52265
RWI,538.8737,-0.9566513,0.8469375,-1.526049
RWI,538.8815,-0.952903,0.8519943,-1.52914
RWI,538.89,-0.9493811,0.8570226,-1.532539
RWI,538.8978,-0.9457424,0.8620266,-1.536641
RWI,538.9057,-0.9428314,0.8662982,-1.539894
RWI,538.914,-0.9395466,0.8707261,-1.544046
RWI,538.9225,-0.9366475,0.8753339,-1.548334
RWI,538.9311,-0.9338552,0.8798775,-1.55298
RWI,538.9394,-0.9311212,0.8841232,-1.557785
RWI,538.9485,-0.928888,0.8881966,-1.562785
RWI,538.956,-0.9265809,0.8923817,-1.567935
RWI,538.9654,-0.9247671,0.8958873,-1.573771
RWI,538.9725,-0.9225756,0.8995674,-1.579398
RWI,538.9813,-0.9210318,0.9026516,-1.585407
RWI,538.9892,-0.9191342,0.9061306,-1.591187
RWI,538.9975,-0.9177816,0.9089438,-1.59743
RWI,539.006,-0.9162922,0.9118517,-1.603715
RWI,539.0142,-0.9146718,0.914694,-1.609876
RWI,539.0225,-0.9138281,0.9168371,-1.616671
RWI,539.0309,-0.9129385,0.918936,-1.623032
RWI,539.0391,-0.9123476,0.920931,-1.629538
RWI,539.0478,-0.91191,0.9227415,-1.63602
RWI,539.0559,-0.9117664,0.9245259,-1.642423
RWI,539.064,-0.9118202,0.9259241,-1.648894
RWI,539.0733,-0.9115589,0.927479,-1.655361
RWI,539.0809,-0.9119903,0.9284558,-1.661917
RWI,539.0895,-0.9118889,0.9297138,-1.66815
RWI,539.0979,-0.9120686,0.9306009,-1.674516
RWI,539.1073,-0.9124659,0.9312811,-1.680973
RWI,539.115,-0.9126366,0.9314924,-1.687153
RWI,539.1242,-0.9129884,0.9318301,-1.693233
RWI,539.132,-0.9135188,0.9321684,-1.699699
RWI,539.1417,-0.914027,0.9318281,-1.705603
RWI,539.1493,-0.9149706,0.9319034,-1.712032
RWI,539.1582,-0.9159513,0.9319057,-1.718003
RWI,539.1667,-0.9171479,0.931993,-1.724049
RWI,539.1746,-0.9178877,0.9324256,-1.729533
RWI,539.183,-0.918735,0.932543,-1.73516
RWI,539.1915,-0.9191984,0.9332615,-1.740164
RWI,539.1995,-0.9198662,0.9334953,-1.74562
RWI,539.2084,-0.9202185,0.9339172,-1.750217
RWI,539.2162,-0.9207318,0.9344229,-1.75484
RWI,539.2248,-0.9213179,0.9346445,-1.759669
RWI,539.233,-0.9218827,0.934763,-1.764173
RWI,539.2411,-0.9223286,0.9346861,-1.768297
RWI,539.2497,-0.9229719,0.9345127,-1.77274
RWI,539.2579,-0.9235906,0.9342348,-1.777085
RWI,539.2661,-0.9242895,0.9338201,-1.781345
RWI,539.2753,-0.9249972,0.9332569,-1.785466
RWI,539.2844,-0.9257172,0.9324399,-1.789561
RWI,539.2917,-0.92655,0.9314581,-1.79336
RWI,539.2996,-0.9272218,0.9302436,-1.797385
RWI,539.3083,-0.9281023,0.9291593,-1.801113
RWI,539.3165,-0.9287173,0.9277687,-1.804725
RWI,539.3246,-0.929285,0.9263976,-1.80815
RWI,539.3328,-0.9296767,0.9251449,-1.81089
RWI,539.3431,-0.9300268,0.9240054,-1.813913
RWI,539.3498,-0.9301571,0.9231119,-1.815805
RWI,539.3583,-0.9300756,0.9219729,-1.817941
RWI,539.3672,-0.9301193,0.9206683,-1.819925
RWI,539.3748,-0.9300209,0.9191355,-1.821725
RWI,539.383,-0.929909,0.9173825,-1.823435
RWI,539.3917,-0.9299058,0.9154612,-1.825226
RWI,539.3998,-0.93003,0.91368,-1.826978
RWI,539.4084,-0.9302618,0.9115792,-1.828569
RWI,539.4162,-0.9303781,0.9096218,-1.82984
RWI,539.4251,-0.9304662,0.9078353,-1.831451
RWI,539.4331,-0.9306821,0.9060686,-1.832544
RWI,539.4417,-0.9305877,0.9043212,-1.833538
RWI,539.4536,-0.9306865,0.902432,-1.834728
RWI,539.4628,-0.9302543,0.9002626,-1.835784
RWI,539.4727,-0.9298604,0.8988215,-1.836444
RWI,539.4819,-0.9295384,0.8970865,-1.837209
RWI,539.4893,-0.9298321,0.8953375,-1.837945
RWI,539.4975,-0.9297487,0.8939981,-1.838496
RWI,539.5059,-0.9297097,0.8926693,-1.839022
RWI,539.5143,-0.9297422,0.8913025,-1.839664
RWI,539.5229,-0.9297726,0.8898638,-1.840237
RWI,539.5305,-0.9297494,0.8882789,-1.840878
RWI,539.5403,-0.9300733,0.8866487,-1.841573
RWI,539.5481,-0.9304582,0.8849474,-1.842403
RWI,539.5563,-0.9309402,0.8830947,-1.843339
RWI,539.5648,-0.9313394,0.8813384,-1.844316
RWI,539.5726,-0.9317822,0.8795471,-1.845194
RWI,539.5808,-0.9319768,0.8780087,-1.846216
RWI,539.5892,-0.9321799,0.876236,-1.847089
RWI,539.5974,-0.9326457,0.8745306,-1.847903
RWI,539.6062,-0.932895,0.8732792,-1.848193
RWI,539.614,-0.9329824,0.8721026,-1.848625
RWI,539.6227,-0.9331033,0.8709937,-1.849007
RWI,539.6307,-0.9332113,0.8699093,-1.849394
RWI,539.6389,-0.9330452,0.8693254,-1.850048
RWI,539.6481,-0.9331373,0.8682418,-1.85035
RWI,539.6556,-0.9334524,0.8671361,-1.850879
RWI,539.6638,-0.9336016,0.8661256,-1.851221
RWI,539.673,-0.9341695,0.8646164,-1.851692
RWI,539.6809,-0.9345869,0.8633848,-1.852219
RWI,539.6895,-0.9348626,0.8621988,-1.852761
RWI,539.6975,-0.9352653,0.8610565,-1.85326
RWI,539.7057,-0.9357085,0.8599742,-1.853673
RWI,539.7139,-0.9361447,0.8589189,-1.854289
RWI,539.7224,-0.9366969,0.8578082,-1.854956
RWI,539.7309,-0.9372153,0.8568972,-1.855505
RWI,539.7395,-0.937719,0.8565078,-1.856053
RWI,539.7476,-0.9383826,0.8559701,-1.856469
RWI,539.7558,-0.9389967,0.8555247,-1.857075
RWI,539.7649,-0.9394544,0.8549715,-1.857509
RWI,539.7723,-0.9401365,0.8545604,-1.858065
RWI,539.7809,-0.9409196,0.8543704,-1.858674
RWI,539.7892,-0.9414896,0.8541102,-1.859228
RWI,539.7975,-0.9421244,0.8538368,-1.85989
RWI,539.8068,-0.9426876,0.8536842,-1.860524
RWI,539.8145,-0.943404,0.8535869,-1.861219
RWI,539.8234,-0.9439276,0.8535472,-1.861863
RWI,539.8319,-0.9443694,0.8535159,-1.862505
RWI,539.8406,-0.9449788,0.8531619,-1.862967
RWI,539.8491,-0.9451659,0.8533308,-1.863583
RWI,539.8574,-0.9454554,0.853389,-1.864178
RWI,539.8657,-0.945188,0.8534845,-1.864986
RWI,539.8746,-0.945005,0.853596,-1.865571
RWI,539.8845,-0.9450059,0.8536434,-1.86621
RWI,539.8915,-0.9443092,0.8533194,-1.866593
RWI,539.9,-0.9441019,0.8532893,-1.867239
RWI,539.9106,-0.9439152,0.8532122,-1.86789
RWI,539.9199,-0.9437225,0.8530988,-1.868801
RWI,539.9253,-0.9435908,0.8529453,-1.8695
RWI,539.9304,-0.9435039,0.8528585,-1.869905
RWI,539.9412,-0.9431189,0.8528008,-1.869908
RWI,539.9478,-0.9426309,0.8533114,-1.870335
RWI,539.9554,-0.9421952,0.8532225,-1.870735
RWI,539.9648,-0.9416788,0.8531212,-1.871033
RWI,539.9725,-0.9411642,0.8531619,-1.871406
RWI,539.9806,-0.9406422,0.8532285,-1.871679
RWI,539.9891,-0.9402377,0.8532861,-1.872015
RWI,539.9971,-0.9399171,0.8531136,-1.872362
RWI,540.0061,-0.9395349,0.8534949,-1.872599
RWI,540.0139,-0.9390306,0.854249,-1.872609
RWI,540.0221,-0.9386026,0.8554506,-1.872567
RWI,540.0303,-0.9383133,0.8574695,-1.872116
RWI,540.0392,-0.9377347,0.8588649,-1.871872
RWI,540.0476,-0.9370652,0.8612384,-1.870935
RWI,540.0557,-0.9361657,0.8629689,-1.870449
RWI,540.064,-0.9349738,0.8653544,-1.869577
RWI,540.0732,-0.9334736,0.8685078,-1.868026
RWI,540.0806,-0.9315954,0.8717825,-1.866337
RWI,540.0893,-0.9298053,0.87529,-1.864476
RWI,540.0974,-0.9276097,0.8788937,-1.862677
RWI,540.1054,-0.9252539,0.8819823,-1.861157
RWI,540.1143,-0.9229429,0.8845269,-1.85998
RWI,540.1227,-0.9206163,0.8871381,-1.859086
RWI,540.1304,-0.9185572,0.8897961,-1.858403
RWI,540.1396,-0.9165822,0.8928818,-1.857605
RWI,540.1476,-0.9144127,0.8972368,-1.856604
RWI,540.1558,-0.912508,0.9022294,-1.855512
RWI,540.1649,-0.9101417,0.9066792,-1.85428
RWI,540.1726,-0.9072251,0.9127385,-1.85251
RWI,540.1805,-0.9045234,0.9180663,-1.851094
RWI,540.1893,-0.901486,0.9236898,-1.849632
RWI,540.1976,-0.8986174,0.9292021,-1.84818
RWI,540.2073,-0.8955532,0.935476,-1.846878
RWI,540.218,-0.8924465,0.9416774,-1.845592
RWI,540.2271,-0.8881791,0.9504212,-1.844075
RWI,540.2325,-0.8846146,0.9576139,-1.842937
RWI,540.2389,-0.8825494,0.9620276,-1.84232
RWI,540.2474,-0.8801079,0.9668952,-1.841709
RWI,540.2555,-0.8770037,0.9734265,-1.841036
RWI,540.2637,-0.8737096,0.9795225,-1.840167
RWI,540.2733,-0.8705087,0.9857904,-1.839725
RWI,540.2805,-0.867148,0.9922222,-1.83952
RWI,540.2894,-0.8638248,0.9986294,-1.839333
RWI,540.2971,-0.86052,1.005061,-1.839062
RWI,540.3058,-0.8573732,1.011297,-1.839409
RWI,540.3139,-0.8541107,1.01768,-1.839384
RWI,540.3224,-0.8512166,1.02381,-1.839766
RWI,540.3304,-0.8483096,1.029799,-1.840914
RWI,540.3398,-0.8453731,1.03563,-1.841282
RWI,540.3473,-0.8424834,1.041147,-1.842406
RWI,540.3558,-0.8396993,1.046167,-1.843058
RWI,540.3649,-0.8371887,1.051766,-1.843886
RWI,540.3724,-0.8343979,1.057026,-1.844888
RWI,540.3804,-0.8317984,1.06188,-1.84593
RWI,540.389,-0.8295285,1.066422,-1.847371
RWI,540.3972,-0.826868,1.071091,-1.848526
RWI,540.406,-0.8245391,1.075705,-1.849964
RWI,540.4141,-0.8221159,1.079949,-1.851306
RWI,540.4222,-0.8197892,1.084112,-1.852372
RWI,540.4305,-0.8176475,1.087874,-1.853772
RWI,540.439,-0.815672,1.091282,-1.855361
RWI,540.4479,-0.8136672,1.094881,-1.856851
RWI,540.4556,-0.8112851,1.098282,-1.858044
RWI,540.4639,-0.8092122,1.101615,-1.859317
RWI,540.473,-0.8073993,1.10442,-1.860699
RWI,540.4807,-0.8056631,1.10682,-1.86221
RWI,540.4893,-0.8040124,1.109175,-1.863579
RWI,540.4971,-0.8021515,1.111371,-1.864825
RWI,540.5055,-0.8005884,1.113169,-1.866003
RWI,540.514,-0.7990321,1.114913,-1.8674
RWI,540.5225,-0.7978119,1.116564,-1.868833
RWI,540.5311,-0.7965388,1.118015,-1.870242
RWI,540.54,-0.7952428,1.119215,-1.871648
RWI,540.5485,-0.7941262,1.120292,-1.873047
RWI,540.5562,-0.7930312,1.121045,-1.874529
RWI,540.5654,-0.7920649,1.121966,-1.875778
RWI,540.5731,-0.7915083,1.122266,-1.87704
RWI,540.5822,-0.7908974,1.122429,-1.878124
RWI,540.5903,-0.7901676,1.122862,-1.879356
RWI,540.5988,-0.7897472,1.122679,-1.880415
RWI,540.6078,-0.7892965,1.122793,-1.881377
RWI,540.6158,-0.7887554,1.122805,-1.882352
RWI,540.6243,-0.7883549,1.122875,-1.88305
RWI,540.6328,-0.7878141,1.122996,-1.883876
RWI,540.6411,-0.7875363,1.123085,-1.884562
RWI,540.6495,-0.7872722,1.123628,-1.884974
RWI,540.6581,-0.78706,1.123725,-1.885464
RWI,540.666,-0.7867408,1.123841,-1.885687
RWI,540.6749,-0.7864227,1.124208,-1.885923
RWI,540.6831,-0.7861211,1.124556,-1.886034
RWI,540.6915,-0.785803,1.124843,-1.885849
RWI,540.6993,-0.7854611,1.125249,-1.885658
RWI,540.7076,-0.7851017,1.125552,-1.885295
RWI,540.7161,-0.7848503,1.126184,-1.885137
RWI,540.7245,-0.7844701,1.127025,-1.884765
RWI,540.7327,-0.7840683,1.128103,-1.884272
RWI,540.7431,-0.7837548,1.129325,-1.883701
RWI,540.749,-0.7831807,1.130937,-1.882738
RWI,540.7578,-0.7826695,1.132187,-1.882013
RWI,540.7665,-0.7818888,1.133675,-1.881121
RWI,540.7744,-0.7810063,1.13512,-1.880079
RWI,540.7825,-0.780098,1.136734,-1.879054
RWI,540.7911,-0.779197,1.138442,-1.877971
RWI,540.799,-0.7783708,1.140022,-1.876997
RWI,540.8079,-0.7773253,1.14176,-1.876076
RWI,540.8157,-0.7767508,1.143465,-1.875171
RWI,540.8243,-0.7760993,1.145039,-1.874412
RWI,540.8325,-0.7753947,1.146622,-1.87368
RWI,540.8412,-0.7749083,1.148193,-1.872975
RWI,540.8497,-0.7743005,1.149794,-1.872351
RWI,540.858,-0.7739154,1.151602,-1.871636
RWI,540.8659,-0.773185,1.153315,-1.870895
RWI,540.8749,-0.7726983,1.154848,-1.87036
RWI,540.8834,-0.7722612,1.156291,-1.869888
RWI,540.8913,-0.7716689,1.157662,-1.869278
RWI,540.8995,-0.7712764,1.15864,-1.868991
RWI,540.9082,-0.7707111,1.15965,-1.868386
RWI,540.9163,-0.7704245,1.160434,-1.867965
RWI,540.9245,-0.7701257,1.161083,-1.867623
RWI,540.9329,-0.7698131,1.161793,-1.867397
RWI,540.9414,-0.7693423,1.162609,-1.866969
RWI,540.9495,-0.7692413,1.163394,-1.866706
RWI,540.9578,-0.7690054,1.16416,-1.866454
RWI,540.9666,-0.7686684,1.164992,-1.866083
RWI,540.9741,-0.7685082,1.165552,-1.865826
RWI,540.9826,-0.7683637,1.165982,-1.865624
RWI,540.9913,-0.7680889,1.166456,-1.865375
RWI,540.9994,-0.7679338,1.166613,-1.865101
RWI,541.0085,-0.7676922,1.166679,-1.864865
RWI,541.0161,-0.7676513,1.166534,-1.864822
RWI,541.0245,-0.7676343,1.166311,-1.864638
RWI,541.0327,-0.7675907,1.166208,-1.864546
RWI,541.0411,-0.7675102,1.166188,-1.864372
RWI,541.0496,-0.7674863,1.165972,-1.864164
RWI,541.0577,-0.7675075,1.165787,-1.863986
RWI,541.0659,-0.7674588,1.16565,-1.863794
RWI,541.0754,-0.767478,1.165476,-1.86346
RWI,541.0833,-0.7674436,1.165344,-1.863228
RWI,541.0914,-0.7674289,1.165148,-1.862993
RWI,541.0991,-0.7675161,1.164824,-1.862883
RWI,541.108,-0.7676097,1.164467,-1.862636
RWI,541.1157,-0.7676384,1.16414,-1.862467
RWI,541.1243,-0.7677557,1.163665,-1.862338
RWI,541.1323,-0.7678204,1.163465,-1.86224
RWI,541.1418,-0.7679172,1.163262,-1.86201
RWI,541.1492,-0.7679947,1.163119,-1.861879
RWI,541.1581,-0.7680414,1.163061,-1.861823
RWI,541.1667,-0.7680997,1.16292,-1.861698
RWI,541.1743,-0.7681458,1.162855,-1.861603
RWI,541.1827,-0.7679716,1.163071,-1.861489
RWI,541.1912,-0.7680172,1.163025,-1.861387
RWI,541.1991,-0.7681589,1.162842,-1.861253
RWI,541.2084,-0.7682029,1.162838,-1.861161
RWI,541.2158,-0.7682385,1.162849,-1.861082
RWI,541.2244,-0.7683516,1.16262,-1.860977
RWI,541.2325,-0.7683425,1.162671,-1.860915
RWI,541.2412,-0.768315,1.162681,-1.860894
RWI,541.2493,-0.7683107,1.162733,-1.860836
RWI,541.2576,-0.7682562,1.162856,-1.860772
RWI,541.2658,-0.768109,1.163052,-1.860752
RWI,541.2748,-0.7680724,1.163189,-1.860687
RWI,541.2841,-0.7679542,1.163461,-1.860669
RWI,541.2914,-0.7679376,1.163619,-1.860636
RWI,541.2991,-0.7679233,1.163813,-1.860595
RWI,541.3077,-0.768101,1.163952,-1.86058
RWI,541.3157,-0.768106,1.164168,-1.860532
RWI,541.3248,-0.7681066,1.164366,-1.860482
RWI,541.3327,-0.7681645,1.164383,-1.860558
RWI,541.3414,-0.7681397,1.164577,-1.860521
RWI,541.3494,-0.7680598,1.164897,-1.860363
RWI,541.3575,-0.7681193,1.165273,-1.86039
RWI,541.3665,-0.7679688,1.165642,-1.860307
RWI,541.3744,-0.767962,1.165964,-1.860265
RWI,541.3824,-0.7679463,1.166226,-1.860245
RWI,541.3913,-0.7679123,1.166479,-1.860241
RWI,541.3989,-0.7679284,1.166726,-1.860219
RWI,541.4078,-0.767961,1.166925,-1.860213
RWI,541.4159,-0.7679318,1.167048,-1.86019
RWI,541.4241,-0.7679526,1.167118,-1.860178
RWI,541.4327,-0.7680568,1.167262,-1.860211
RWI,541.4411,-0.768041,1.167416,-1.860267
RWI,541.4496,-0.7681327,1.167398,-1.860271
RWI,541.4574,-0.7682084,1.167355,-1.860332
RWI,541.4659,-0.7682969,1.167339,-1.860414
RWI,541.475,-0.7683257,1.167277,-1.860467
RWI,541.483,-0.7681843,1.167421,-1.860521
RWI,541.492,-0.7681543,1.1674,-1.860667
RWI,541.4992,-0.768161,1.167417,-1.860797
RWI,541.5078,-0.7682455,1.167269,-1.860931
RWI,541.516,-0.7682475,1.167138,-1.861091
RWI,541.5248,-0.7681766,1.166912,-1.86122
RWI,541.5324,-0.7680334,1.166585,-1.861389
RWI,541.5419,-0.7679386,1.165947,-1.861627
RWI,541.5493,-0.7676995,1.165456,-1.861783
RWI,541.5574,-0.767464,1.16495,-1.861997
RWI,541.5667,-0.7669913,1.164037,-1.862236
RWI,541.5744,-0.7666683,1.163185,-1.862457
RWI,541.5826,-0.7660644,1.161605,-1.862681
RWI,541.5912,-0.765519,1.160247,-1.862839
RWI,541.5989,-0.7646697,1.157859,-1.863051
RWI,541.6082,-0.7639347,1.155753,-1.863312
RWI,541.6191,-0.7632064,1.153401,-1.863564
RWI,541.6285,-0.7620622,1.150096,-1.863834
RWI,541.6334,-0.7610351,1.146916,-1.864156
RWI,541.6384,-0.7605019,1.145284,-1.864398
RWI,541.6476,-0.7598057,1.143224,-1.864559
RWI,541.6554,-0.7588588,1.140049,-1.864944
RWI,541.6633,-0.757936,1.13672,-1.865485
RWI,541.6723,-0.7569315,1.132951,-1.865717
RWI,541.6805,-0.7558601,1.128759,-1.866046
RWI,541.689,-0.754629,1.124217,-1.866409
RWI,541.6971,-0.7534921,1.119303,-1.866821
RWI,541.8344,-0.7523007,1.11412,-1.867272
RWI,541.8436,-0.7468005,1.003783,-1.881623
RWI,541.8499,-0.7481545,0.9967325,-1.883242
RWI,541.8555,-0.749246,0.9914067,-1.884481
RWI,541.8638,-0.7501335,0.9865052,-1.885559
RWI,541.8724,-0.7516494,0.9796904,-1.887256
RWI,541.8803,-0.7540672,0.9732121,-1.888882
RWI,541.8891,-0.7562397,0.9670658,-1.890306
RWI,541.8973,-0.7579682,0.9604443,-1.891853
RWI,541.9056,-0.7610416,0.9546018,-1.893353
RWI,541.9136,-0.7638285,0.9488224,-1.894579
RWI,541.9218,-0.766799,0.9432647,-1.896033
RWI,541.9301,-0.7697549,0.9375234,-1.897418
RWI,541.9388,-0.7727788,0.9322934,-1.898796
RWI,541.9471,-0.775713,0.9275414,-1.900008
RWI,541.9557,-0.7785313,0.9227476,-1.901251
RWI,541.9646,-0.7818055,0.9185665,-1.902338
RWI,541.9718,-0.784289,0.9142364,-1.903122
RWI,541.9805,-0.7871568,0.9101925,-1.904283
RWI,541.989,-0.7901119,0.9060712,-1.905476
RWI,541.9983,-0.7919384,0.9018903,-1.906634
RWI,542.0076,-0.7949083,0.8972142,-1.908159
RWI,542.0146,-0.7975181,0.8933722,-1.909388
RWI,542.0218,-0.799509,0.8905447,-1.910466
RWI,542.0303,-0.8018522,0.8874634,-1.911242
RWI,542.0387,-0.8044476,0.8839776,-1.912352
RWI,542.0473,-0.8072822,0.8816005,-1.913142
RWI,542.0551,-0.810059,0.8789188,-1.914055
RWI,542.0636,-0.81251,0.8764751,-1.914815
RWI,542.0725,-0.815071,0.8743192,-1.915541
RWI,542.0806,-0.8174119,0.8716409,-1.916305
RWI,542.0888,-0.8194011,0.8692129,-1.917067
RWI,542.0968,-0.821868,0.866815,-1.917639
RWI,542.1053,-0.8237679,0.8645139,-1.918457
RWI,542.1136,-0.8252132,0.8625986,-1.919146
RWI,542.1219,-0.8269718,0.8607426,-1.919982
RWI,542.1301,-0.8286647,0.8591396,-1.92051
RWI,542.1402,-0.830012,0.8576851,-1.921285
RWI,542.1506,-0.8309699,0.8566725,-1.921966
RWI,542.16,-0.8325205,0.8544524,-1.923093
RWI,542.1668,-0.8338106,0.8531248,-1.92368
RWI,542.1721,-0.8345862,0.8521209,-1.924293
RWI,542.1804,-0.8353737,0.8511311,-1.924634
RWI,542.1885,-0.8364897,0.8501576,-1.925031
RWI,542.1973,-0.8375936,0.8490577,-1.925561
RWI,542.2063,-0.8385528,0.8484077,-1.925952
RWI,542.2137,-0.8395888,0.8475995,-1.926614
RWI,542.2219,-0.8403429,0.8471379,-1.926995
RWI,542.2302,-0.8411599,0.8466691,-1.927387
RWI,542.2384,-0.8418754,0.8461985,-1.927751
RWI,542.2472,-0.8424716,0.8457069,-1.928091
RWI,542.2551,-0.8433015,0.8451584,-1.92844
RWI,542.2632,-0.8440313,0.8445309,-1.928762
RWI,542.2722,-0.8448783,0.8439445,-1.929064
RWI,542.2802,-0.8455665,0.8432384,-1.929268
RWI,542.2886,-0.8462605,0.8425206,-1.929307
RWI,542.2971,-0.8471764,0.8421203,-1.929596
RWI,542.3052,-0.8477669,0.8416141,-1.929727
RWI,542.3135,-0.8482913,0.8411871,-1.929812
RWI,542.3223,-0.8488098,0.8406922,-1.930093
RWI,542.3299,-0.8492625,0.8403178,-1.930056
RWI,542.3387,-0.8496383,0.8400139,-1.930221
RWI,542.347,-0.8499899,0.8396899,-1.930254
RWI,542.3554,-0.8502512,0.8394723,-1.930276
RWI,542.3647,-0.8505639,0.8392151,-1.930341
RWI,542.372,-0.8509116,0.8388584,-1.93039
RWI,542.3802,-0.8513395,0.8386225,-1.930368
RWI,542.3885,-0.8516163,0.8382733,-1.93038
RWI,542.3967,-0.8518962,0.8379973,-1.930372
RWI,542.4058,-0.8520658,0.8377774,-1.930377
RWI,542.4132,-0.852374,0.83772,-1.930456
RWI,542.4218,-0.8526047,0.8377741,-1.930542
RWI,542.4302,-0.8525853,0.837944,-1.930541
RWI,542.4384,-0.8527426,0.8382674,-1.930488
RWI,542.4479,-0.8527731,0.8384019,-1.930536
RWI,542.4553,-0.8526982,0.8386244,-1.930498
RWI,542.4632,-0.8528536,0.8387753,-1.930525
RWI,542.4724,-0.8528026,0.838995,-1.930503
RWI,542.4807,-0.8527384,0.8393477,-1.930564
RWI,542.4889,-0.8526691,0.8395309,-1.930525
RWI,542.4974,-0.8525696,0.8397301,-1.930498
RWI,542.5058,-0.8524544,0.8399667,-1.930377
RWI,542.5148,-0.8523178,0.8402814,-1.930171
RWI,542.5228,-0.8522226,0.8407496,-1.929838
RWI,542.5318,-0.8521079,0.8412946,-1.929519
RWI,542.5401,-0.8519022,0.8419042,-1.929076
RWI,542.5489,-0.8517108,0.8425133,-1.928615
RWI,542.5575,-0.851487,0.843371,-1.928026
RWI,542.5659,-0.8512723,0.8443865,-1.927281
RWI,542.5737,-0.8512359,0.8453053,-1.92648
RWI,542.5825,-0.8510786,0.8461244,-1.92579
RWI,542.591,-0.8509529,0.8468562,-1.925048
RWI,542.5992,-0.8507915,0.847545,-1.924306
RWI,542.6079,-0.8505659,0.8481367,-1.923683
RWI,542.6155,-0.8500541,0.8491133,-1.922874
RWI,542.6241,-0.8496565,0.849894,-1.922139
RWI,542.6326,-0.8495796,0.8515455,-1.920858
RWI,542.6405,-0.8483185,0.8529987,-1.920068
RWI,542.6494,-0.8477613,0.8544112,-1.919075
RWI,542.6575,-0.8466543,0.8561609,-1.917916
RWI,542.6658,-0.8463221,0.8578843,-1.916336
RWI,542.6743,-0.8465451,0.8603437,-1.914551
RWI,542.6829,-0.8458681,0.8625394,-1.912922
RWI,542.6906,-0.8458487,0.8641648,-1.911554
RWI,542.6988,-0.8454627,0.8657573,-1.909785
RWI,542.7076,-0.8455635,0.8670087,-1.908239
RWI,542.7157,-0.845549,0.8684463,-1.906287
RWI,542.7239,-0.8454849,0.8695347,-1.904729
RWI,542.7322,-0.8455849,0.8707861,-1.90261
RWI,542.7421,-0.8456997,0.8722634,-1.900622
RWI,542.7488,-0.8455512,0.8735086,-1.898887
RWI,542.7577,-0.8457659,0.8747619,-1.896381
RWI,542.7662,-0.8462468,0.876491,-1.894357
RWI,542.7737,-0.846922,0.8785828,-1.891857
RWI,542.7823,-0.8473626,0.8801114,-1.88971
RWI,542.7909,-0.8480079,0.8816575,-1.887256
RWI,542.7988,-0.8489146,0.8830337,-1.88478
RWI,542.8077,-0.8499305,0.8842996,-1.882507
RWI,542.8155,-0.8513147,0.8854155,-1.88013
RWI,542.8243,-0.852779,0.8863841,-1.877938
RWI,542.8324,-0.854126,0.8871615,-1.875932
RWI,542.8408,-0.8557495,0.8878961,-1.873753
RWI,542.8492,-0.8575617,0.8884086,-1.871718
RWI,542.8574,-0.8589996,0.8893184,-1.869657
RWI,542.8659,-0.8608748,0.8899657,-1.86756
RWI,542.8743,-0.8628618,0.8904661,-1.865638
RWI,542.8826,-0.8649145,0.8912779,-1.863643
RWI,542.891,-0.8667681,0.8918572,-1.861799
RWI,542.899,-0.8686716,0.8924076,-1.859931
RWI,542.9075,-0.8710491,0.8924083,-1.858124
RWI,542.9163,-0.8727851,0.8929186,-1.85657
RWI,542.9262,-0.8746897,0.8928894,-1.855179
RWI,542.9345,-0.8770464,0.8928939,-1.853631
RWI,542.9403,-0.8789995,0.8927329,-1.852363
RWI,542.9483,-0.8802036,0.8927755,-1.851629
RWI,542.9564,-0.8819203,0.892691,-1.8506
RWI,542.9651,-0.8838715,0.8925197,-1.849486
RWI,542.9728,-0.8857639,0.8923532,-1.848715
RWI,542.9812,-0.8875136,0.8921413,-1.847916
RWI,542.9896,-0.889228,0.8918661,-1.847217
RWI,542.9982,-0.8906614,0.8919166,-1.846406
RWI,543.0071,-0.8921021,0.8918214,-1.845868
RWI,543.0147,-0.8936363,0.8914229,-1.845157
RWI,543.0229,-0.8950144,0.8911971,-1.844571
RWI,543.0311,-0.8960944,0.8906018,-1.84415
RWI,543.0396,-0.8975248,0.8903194,-1.843315
RWI,543.0483,-0.8985367,0.8894185,-1.842878
RWI,543.0563,-0.8997558,0.8886341,-1.842629
RWI,543.0645,-0.9009737,0.8879199,-1.842343
RWI,543.0739,-0.9021993,0.8867667,-1.842299
RWI,543.0816,-0.9032419,0.8860175,-1.842259
RWI,543.09,-0.9042763,0.8850822,-1.842305
RWI,543.098,-0.9051915,0.8841283,-1.842275
RWI,543.1066,-0.9060838,0.8831661,-1.84232
RWI,543.1146,-0.9070582,0.8823292,-1.842468
RWI,543.1232,-0.907928,0.881413,-1.842633
RWI,543.131,-0.9087563,0.8803634,-1.842849
RWI,543.14,-0.9095428,0.8791206,-1.843113
RWI,543.1481,-0.9100946,0.8780307,-1.843172
RWI,543.1567,-0.9107392,0.8769616,-1.843356
RWI,543.1652,-0.9115585,0.8758277,-1.844051
RWI,543.1729,-0.9121579,0.8746408,-1.844926
RWI,543.1814,-0.9126551,0.8739951,-1.845469
RWI,543.1896,-0.912944,0.8733769,-1.846177
RWI,543.1977,-0.9136598,0.8732787,-1.846922
RWI,543.2078,-0.9140732,0.8733511,-1.847357
RWI,543.2146,-0.9142375,0.8735138,-1.847902
RWI,543.2236,-0.9142624,0.8739854,-1.84799
RWI,543.2318,-0.9141866,0.8742765,-1.847976
RWI,543.2399,-0.9140516,0.874608,-1.847833
RWI,543.2491,-0.913795,0.8748763,-1.847942
RWI,543.2573,-0.9136183,0.8749111,-1.847949
RWI,543.2652,-0.9133998,0.8748029,-1.848011
RWI,543.2743,-0.9132853,0.8745284,-1.848184
RWI,543.2827,-0.9130358,0.8738566,-1.848342
RWI,543.2908,-0.9129465,0.8730964,-1.848587
RWI,543.2988,-0.9128292,0.8724493,-1.848829
RWI,543.3075,-0.9128051,0.871704,-1.849184
RWI,543.3152,-0.9129401,0.8709677,-1.849502
RWI,543.3239,-0.9130556,0.869979,-1.849859
RWI,543.3322,-0.9131548,0.8694164,-1.850196
RWI,543.3412,-0.9131054,0.8689204,-1.850379
RWI,543.3488,-0.9130539,0.8685794,-1.850508
RWI,543.3574,-0.9128644,0.8685266,-1.850458
RWI,543.3666,-0.9126996,0.8686332,-1.850329
RWI,543.3738,-0.9126173,0.8687397,-1.850034
RWI,543.3824,-0.9124812,0.8689542,-1.849781
RWI,543.3905,-0.9124335,0.8691436,-1.849489
RWI,543.3987,-0.9123194,0.8693184,-1.849277
RWI,543.408,-0.9122615,0.8697194,-1.848877
RWI,543.4155,-0.9121841,0.8697754,-1.848453
RWI,543.4239,-0.9121944,0.86992,-1.84822
RWI,543.4322,-0.9122884,0.8698094,-1.847915
RWI,543.4404,-0.9123834,0.8699443,-1.847618
RWI,543.4489,-0.9124945,0.8701007,-1.847276
RWI,543.4572,-0.9123946,0.8702636,-1.847013
RWI,543.4656,-0.9124392,0.8705347,-1.846748
RWI,543.4741,-0.9125046,0.8704759,-1.846458
RWI,543.483,-0.9126902,0.8706113,-1.846278
RWI,543.4908,-0.9126017,0.8706205,-1.846078
RWI,543.4989,-0.9126683,0.8705397,-1.845811
RWI,543.507,-0.9127162,0.8705437,-1.845629
RWI,543.5157,-0.9126526,0.8704591,-1.845435
RWI,543.5238,-0.9126689,0.8704623,-1.845234
RWI,543.5321,-0.91271,0.8704848,-1.845075
RWI,543.5414,-0.9123982,0.8707464,-1.844872
RWI,543.5489,-0.9123721,0.8707802,-1.844736
RWI,543.5577,-0.9121625,0.8710184,-1.844539
RWI,543.566,-0.9121053,0.8710495,-1.844419
RWI,543.5737,-0.9120702,0.8710691,-1.844356
RWI,543.5818,-0.9119767,0.8711221,-1.844269
RWI,543.5909,-0.9119252,0.8711458,-1.844247
RWI,543.5989,-0.9118104,0.8711384,-1.844299
RWI,543.6077,-0.911782,0.8711628,-1.844332
RWI,543.6156,-0.9117876,0.8711647,-1.844329
RWI,543.624,-0.9116988,0.8711022,-1.844316
RWI,543.6321,-0.9117073,0.8710325,-1.844342
RWI,543.6404,-0.9116627,0.8708833,-1.844415
RWI,543.6491,-0.911695,0.8708027,-1.844488
RWI,543.6573,-0.9116437,0.8709837,-1.84453
RWI,543.6654,-0.9117165,0.8709074,-1.844671
RWI,543.6743,-0.9118321,0.8706833,-1.844792
RWI,543.6824,-0.9118487,0.8706445,-1.844899
RWI,543.6907,-0.9118632,0.8706542,-1.845016
RWI,543.6995,-0.9117697,0.8706343,-1.845062
RWI,543.7071,-0.9118045,0.8705535,-1.845242
RWI,543.7151,-0.9119965,0.8702402,-1.84532
RWI,543.7241,-0.9119505,0.8702516,-1.845353
RWI,543.7324,-0.9118514,0.8702779,-1.845508
RWI,543.741,-0.911836,0.8702568,-1.845589
RWI,543.749,-0.9117677,0.8705505,-1.845572
RWI,543.757,-0.9117053,0.8705641,-1.8456
RWI,543.7662,-0.9116693,0.8705709,-1.845647
RWI,543.7736,-0.911608,0.8704835,-1.845746
RWI,543.7821,-0.9115757,0.8704524,-1.845808
RWI,543.7905,-0.9115748,0.8701821,-1.845828
RWI,543.7987,-0.9114397,0.8702664,-1.845765
RWI,543.8079,-0.9113721,0.8702266,-1.845801
RWI,543.8152,-0.9112648,0.8701305,-1.845804
RWI,543.8237,-0.9111545,0.8701127,-1.845835
RWI,543.8323,-0.9109253,0.8700976,-1.84587
RWI,543.8407,-0.9108698,0.8700532,-1.84591
RWI,543.849,-0.9107966,0.8701055,-1.845865
RWI,543.8574,-0.9106967,0.8700349,-1.845828
RWI,543.8651,-0.9106804,0.8699546,-1.845867
RWI,543.8751,-0.9106601,0.8698682,-1.845852
RWI,543.8825,-0.9106967,0.8698446,-1.845853
RWI,543.8907,-0.910671,0.8698378,-1.845882
RWI,543.899,-0.9107473,0.8698503,-1.845871
RWI,543.9098,-0.9108037,0.8698578,-1.845871
RWI,543.9156,-0.91083,0.8698106,-1.845812
RWI,543.9239,-0.9109693,0.8696671,-1.845856
RWI,543.9321,-0.910978,0.8697314,-1.845933
RWI,543.941,-0.9110494,0.8697059,-1.845994
RWI,543.9488,-0.9110421,0.8699849,-1.845999
RWI,543.9572,-0.9109552,0.8700396,-1.846
RWI,543.9665,-0.9109662,0.870169,-1.846024
RWI,543.9737,-0.9110299,0.8702034,-1.846031
RWI,543.9822,-0.911034,0.8699832,-1.845903
RWI,543.9902,-0.9110703,0.8699587,-1.845964
RWI,543.9986,-0.9111483,0.8699422,-1.845961
RWI,544.0078,-0.9112766,0.8700651,-1.846016
RWI,544.0153,-0.9113435,0.8701144,-1.84602
RWI,544.024,-0.91136,0.8700055,-1.845904
RWI,544.0319,-0.9114124,0.8700141,-1.845924
RWI,544.0405,-0.9115216,0.8699979,-1.845946
RWI,544.0493,-0.9115435,0.8700144,-1.845859
RWI,544.0571,-0.9115703,0.8700454,-1.845853
RWI,544.0652,-0.9116544,0.8700957,-1.845682
RWI,544.0745,-0.9115667,0.8702046,-1.845722
RWI,544.083,-0.9116139,0.8702422,-1.845723
RWI,544.0905,-0.9116411,0.8702622,-1.845726
RWI,544.0986,-0.9116106,0.870252,-1.845722
RWI,544.107,-0.9116833,0.870113,-1.845701
RWI,544.1158,-0.9117055,0.8700946,-1.845737
RWI,544.1237,-0.9116676,0.8701363,-1.845671
RWI,544.1318,-0.9116449,0.8701024,-1.845662
RWI,544.1407,-0.9116322,0.8701977,-1.845624
RWI,544.1484,-0.911609,0.8701909,-1.845613
RWI,544.1572,-0.911568,0.8701975,-1.845612
RWI,544.1666,-0.9114804,0.8701829,-1.845614
RWI,544.1736,-0.9115316,0.8701276,-1.8456
RWI,544.1823,-0.9114707,0.8702836,-1.845527
RWI,544.1904,-0.9115049,0.8702515,-1.845499
RWI,544.1985,-0.9113997,0.8702754,-1.845435
RWI,544.2075,-0.9113791,0.8701199,-1.845463
RWI,544.2153,-0.9113598,0.8701814,-1.845448
RWI,544.2238,-0.9113078,0.8701034,-1.845456
RWI,544.2321,-0.9112871,0.8701329,-1.845411
RWI,544.2405,-0.91123,0.8700926,-1.845393
RWI,544.2487,-0.911208,0.8700555,-1.845401
RWI,544.2571,-0.9111856,0.8701299,-1.84528
RWI,544.2652,-0.9111446,0.8701296,-1.845259
RWI,544.2743,-0.9111174,0.8701693,-1.845246
RWI,544.2825,-0.9110924,0.8700069,-1.845224
RWI,544.2908,-0.9110669,0.8699712,-1.845223
RWI,544.2985,-0.9110401,0.8699822,-1.845198
RWI,544.3068,-0.911016,0.8702087,-1.845212
RWI,544.3154,-0.9110148,0.8701826,-1.845165
RWI,544.3243,-0.9108154,0.8703926,-1.845094
RWI,544.3318,-0.9108005,0.8702974,-1.845042
RWI,544.3414,-0.910648,0.8702422,-1.844993
RWI,544.3484,-0.910565,0.8702216,-1.844985
RWI,544.357,-0.9105892,0.8698943,-1.844971
RWI,544.3658,-0.9105214,0.869836,-1.844988
RWI,544.3737,-0.9104498,0.8697766,-1.845009
RWI,544.3818,-0.9102979,0.8699769,-1.845001
RWI,544.3905,-0.9102312,0.869882,-1.84504
RWI,544.3984,-0.9102013,0.8698673,-1.844977
RWI,544.4075,-0.910136,0.8698114,-1.845004
RWI,544.415,-0.9100191,0.8697402,-1.844924
RWI,544.4238,-0.9098868,0.8697576,-1.844865
RWI,544.4321,-0.9097533,0.8696821,-1.844805
RWI,544.4401,-0.9097013,0.8696206,-1.844783
RWI,544.4489,-0.909593,0.8695725,-1.844754
RWI,544.457,-0.9095139,0.8695424,-1.844722
RWI,544.4648,-0.9094055,0.8695008,-1.844734
RWI,544.4739,-0.9096732,0.8695478,-1.844833
RWI,544.4823,-0.9095954,0.8696747,-1.844782
RWI,544.4905,-0.9096822,0.8695837,-1.844703
RWI,544.499,-0.9096942,0.8695367,-1.844682
RWI,544.5071,-0.9096371,0.8695164,-1.844686
RWI,544.5152,-0.9096127,0.8693668,-1.844611
RWI,544.5237,-0.9096831,0.8694792,-1.844429
RWI,544.5317,-0.9096898,0.8694023,-1.844307
RWI,544.5414,-0.909581,0.8694978,-1.844205
RWI,544.5486,-0.9095947,0.8694502,-1.844086
RWI,544.5577,-0.9095917,0.8693217,-1.844002
RWI,544.5657,-0.9094962,0.8693612,-1.843933
RWI,544.5734,-0.9094757,0.869348,-1.843836
RWI,544.5821,-0.9093556,0.8693359,-1.843771
RWI,544.5901,-0.9093416,0.8694386,-1.843776
RWI,544.5983,-0.9093008,0.8696011,-1.843742
RWI,544.6079,-0.9092538,0.869632,-1.843735
RWI,544.6149,-0.9092918,0.869738,-1.843679
RWI,544.6235,-0.9093412,0.8700405,-1.843641
RWI,544.6318,-0.9095137,0.8702062,-1.843591
RWI,544.6403,-0.909764,0.8703883,-1.843525
RWI,544.6488,-0.9099176,0.8704271,-1.843421
RWI,544.6568,-0.9103655,0.8705953,-1.84326
RWI,544.6649,-0.9108647,0.8708324,-1.843213
RWI,544.6741,-0.9113825,0.8710092,-1.843082
RWI,544.6822,-0.9118785,0.8712139,-1.84287
RWI,544.6903,-0.9125513,0.8714057,-1.842548
RWI,544.6984,-0.9132068,0.871565,-1.842275
RWI,544.7072,-0.9139174,0.871833,-1.841875
RWI,544.7152,-0.9147808,0.8721601,-1.841343
RWI,544.7236,-0.9154991,0.8724811,-1.840696
RWI,544.7318,-0.9162187,0.8727326,-1.840087
RWI,544.741,-0.9169508,0.8732326,-1.838871
RWI,544.7483,-0.9176233,0.8738161,-1.837637
RWI,544.757,-0.9183165,0.8741954,-1.836677
RWI,544.7656,-0.919512,0.8749003,-1.83469
RWI,544.7734,-0.9202369,0.8758783,-1.832857
RWI,544.7816,-0.9211298,0.8769483,-1.830812
RWI,544.7908,-0.9219224,0.8785204,-1.828513
RWI,544.8002,-0.9225756,0.8799308,-1.825853
RWI,544.8099,-0.923139,0.8819013,-1.821744
RWI,544.8149,-0.9235978,0.8832046,-1.818534
RWI,544.8224,-0.924155,0.8839592,-1.816021
RWI,544.8304,-0.9241315,0.8852817,-1.813293
RWI,544.8394,-0.9246355,0.8867662,-1.809668
RWI,544.8476,-0.9251204,0.8877948,-1.805877
RWI,544.856,-0.9255266,0.889221,-1.802231
RWI,544.8637,-0.9257824,0.889985,-1.798143
RWI,544.8731,-0.9260327,0.8907601,-1.794764
RWI,544.8803,-0.9258349,0.890978,-1.790913
RWI,544.8893,-0.9259597,0.8914522,-1.787293
RWI,544.8972,-0.9256122,0.891372,-1.783345
RWI,544.9061,-0.9255953,0.891364,-1.779917
RWI,544.9156,-0.9256728,0.891153,-1.776694
RWI,544.9226,-0.9259202,0.8908067,-1.773341
RWI,544.9306,-0.9259463,0.8903418,-1.771287
RWI,544.9395,-0.9261495,0.8897145,-1.769222
RWI,544.9478,-0.9263062,0.888893,-1.767145
RWI,544.9556,-0.9263589,0.8882663,-1.765147
RWI,544.9651,-0.9267309,0.8871771,-1.763376
RWI,544.9724,-0.9271003,0.8859907,-1.761651
RWI,544.9806,-0.9276114,0.8847349,-1.760225
RWI,544.989,-0.927973,0.8833082,-1.75905
RWI,544.9977,-0.9281682,0.8811388,-1.758436
RWI,545.0063,-0.9283788,0.8793656,-1.757373
RWI,545.014,-0.9282764,0.8772896,-1.756671
RWI,545.0223,-0.9278217,0.8751472,-1.75593
RWI,545.0303,-0.9274777,0.8733922,-1.755606
RWI,545.0391,-0.927272,0.8717955,-1.754946
RWI,545.0477,-0.9273331,0.8703908,-1.75425
RWI,545.0555,-0.92721,0.8691579,-1.753563
RWI,545.0638,-0.927178,0.8681179,-1.75296
RWI,545.0728,-0.9276988,0.8677455,-1.75297
RWI,545.0807,-0.9284691,0.8668967,-1.753197
RWI,545.0893,-0.9295545,0.8673329,-1.753851
RWI,545.0974,-0.93025,0.867496,-1.753452
RWI,545.1064,-0.930388,0.8669007,-1.751966
RWI,545.1163,-0.9307568,0.86687,-1.751469
RWI,545.1252,-0.9312974,0.8664563,-1.750911
RWI,545.1311,-0.9316144,0.8663791,-1.750675
RWI,545.1397,-0.9319384,0.8663283,-1.750751
RWI,545.1478,-0.9321721,0.8663467,-1.750117
RWI,545.1559,-0.9324386,0.8667374,-1.749682
RWI,545.1652,-0.9328189,0.8669174,-1.749257
RWI,545.1728,-0.9332197,0.8672628,-1.74844
RWI,545.1808,-0.933192,0.8678223,-1.747899
RWI,545.1895,-0.9330281,0.8674923,-1.746853
RWI,545.1974,-0.9329447,0.867733,-1.746346
RWI,545.2066,-0.9325484,0.8672075,-1.745647
RWI,545.214,-0.9324635,0.8669946,-1.745088
RWI,545.2227,-0.9320558,0.8668013,-1.744913
RWI,545.2311,-0.9314364,0.8660261,-1.7447
RWI,545.2393,-0.9312689,0.8658718,-1.744537
RWI,545.2479,-0.93101,0.8655773,-1.74441
RWI,545.2563,-0.9305783,0.8653145,-1.744217
RWI,545.2642,-0.930033,0.8652838,-1.74388
RWI,545.2733,-0.9298418,0.8650929,-1.743592
RWI,545.2808,-0.9295425,0.8648103,-1.743321
RWI,545.2895,-0.9294342,0.8647432,-1.743199
RWI,545.2978,-0.9293503,0.864602,-1.742894
RWI,545.3058,-0.9292676,0.8646124,-1.742678
RWI,545.3142,-0.9293573,0.8644936,-1.742292
RWI,545.323,-0.9295621,0.8642378,-1.741912
RWI,545.3311,-0.9297193,0.8642821,-1.741522
RWI,545.3398,-0.9299579,0.8642254,-1.741095
RWI,545.3476,-0.9301916,0.8642803,-1.740722
RWI,545.356,-0.9304454,0.8643084,-1.740389
RWI,545.3649,-0.9307011,0.8642481,-1.740023
RWI,545.3724,-0.9308981,0.8643425,-1.739773
RWI,545.3812,-0.931098,0.8645285,-1.73934
RWI,545.3893,-0.9312084,0.8644007,-1.738877
RWI,545.3979,-0.9313655,0.8643151,-1.738508
RWI,545.4067,-0.9310767,0.8640731,-1.737982
RWI,545.4147,-0.9307362,0.8638305,-1.737539

