Object Name,Time,PosX,PosY,PosZ,,,
RIPS,544.6707,-1.055134,0.7816842,-2.088355
RIPS,544.6804,-1.055145,0.7817,-2.08834
RIPS,544.6865,-1.055232,0.7817853,-2.088262
RIPS,544.6923,-1.055243,0.7817935,-2.088169
RIPS,544.7001,-1.055226,0.7818131,-2.088138
RIPS,544.7082,-1.055233,0.7819232,-2.088109
RIPS,544.717,-1.055246,0.781992,-2.088099
RIPS,544.726,-1.05528,0.7819327,-2.088106
RIPS,544.7335,-1.055328,0.781958,-2.088141
RIPS,544.7416,-1.055242,0.7819886,-2.088109
RIPS,544.7499,-1.055247,0.7819889,-2.088125
RIPS,544.7584,-1.055251,0.7820271,-2.088099
RIPS,544.7665,-1.055275,0.7820081,-2.087994
RIPS,544.7754,-1.055309,0.781956,-2.087779
RIPS,544.7834,-1.055309,0.7818839,-2.087688
RIPS,544.7914,-1.055317,0.781828,-2.087569
RIPS,544.7999,-1.055235,0.781809,-2.08752
RIPS,544.8098,-1.055225,0.7818786,-2.087527
RIPS,544.8167,-1.055147,0.7817965,-2.087595
RIPS,544.8254,-1.055149,0.7818018,-2.087679
RIPS,544.8335,-1.055158,0.781676,-2.087721
RIPS,544.8414,-1.055136,0.7816947,-2.087847
RIPS,544.8501,-1.055163,0.7816889,-2.087899
RIPS,544.8585,-1.055158,0.7816509,-2.087897
RIPS,544.8666,-1.05515,0.7816803,-2.087795
RIPS,544.8753,-1.055142,0.781626,-2.087752
RIPS,544.884,-1.055064,0.7816318,-2.087655
RIPS,544.8918,-1.055001,0.7816532,-2.087605
RIPS,544.8999,-1.05499,0.7816588,-2.087584
RIPS,544.9086,-1.055017,0.7816523,-2.087667
RIPS,544.9169,-1.055012,0.7815843,-2.087651
RIPS,544.9258,-1.055,0.7815161,-2.087722
RIPS,544.9336,-1.055148,0.7813122,-2.087662
RIPS,544.9417,-1.055136,0.7812496,-2.087613
RIPS,544.95,-1.055122,0.7812482,-2.087515
RIPS,544.9589,-1.055132,0.7812456,-2.087436
RIPS,544.9672,-1.055133,0.7812839,-2.087321
RIPS,544.9758,-1.055083,0.7812687,-2.087255
RIPS,544.9852,-1.055094,0.7812104,-2.087207
RIPS,544.9925,-1.055046,0.7811312,-2.08721
RIPS,545.001,-1.055039,0.7810926,-2.087223
RIPS,545.0099,-1.055019,0.780951,-2.087237
RIPS,545.0176,-1.05496,0.7808928,-2.087295
RIPS,545.027,-1.054958,0.7807831,-2.08729
RIPS,545.0366,-1.054976,0.7807574,-2.087287
RIPS,545.0452,-1.054978,0.7807533,-2.087235
RIPS,545.0521,-1.054794,0.7807927,-2.087153
RIPS,545.0602,-1.054794,0.780791,-2.087139
RIPS,545.0682,-1.054784,0.7808913,-2.087194
RIPS,545.0765,-1.054712,0.7808911,-2.087288
RIPS,545.0857,-1.054709,0.7809581,-2.08739
RIPS,545.0935,-1.054612,0.7809893,-2.087432
RIPS,545.1016,-1.054622,0.7809691,-2.087448
RIPS,545.1102,-1.05462,0.7808742,-2.087376
RIPS,545.1194,-1.054653,0.7808671,-2.087277
RIPS,545.1269,-1.054639,0.7808304,-2.08716
RIPS,545.1349,-1.054711,0.780831,-2.08709
RIPS,545.1432,-1.054675,0.7808191,-2.087111
RIPS,545.1515,-1.05471,0.7807996,-2.087099
RIPS,545.1603,-1.054758,0.780771,-2.087187
RIPS,545.1683,-1.054755,0.7808563,-2.087213
RIPS,545.1772,-1.054706,0.7808695,-2.087303
RIPS,545.1858,-1.054697,0.780832,-2.087264
RIPS,545.1935,-1.054628,0.7808181,-2.087245
RIPS,545.2024,-1.05461,0.7807899,-2.087105
RIPS,545.2109,-1.054589,0.7806454,-2.086971
RIPS,545.218,-1.054651,0.7806126,-2.0869
RIPS,545.227,-1.054665,0.780607,-2.08691
RIPS,545.2348,-1.05471,0.7805772,-2.086962
RIPS,545.2438,-1.054706,0.7805511,-2.087005
RIPS,545.2524,-1.054708,0.7806404,-2.087022
RIPS,545.2598,-1.054695,0.7806077,-2.08701
RIPS,545.2681,-1.054633,0.7806455,-2.086946
RIPS,545.2769,-1.054687,0.7806146,-2.086862
RIPS,545.2856,-1.054682,0.7805967,-2.086839
RIPS,545.2934,-1.054648,0.7805117,-2.086871
RIPS,545.3015,-1.054643,0.7804855,-2.086856
RIPS,545.3102,-1.054636,0.7802445,-2.086872
RIPS,545.319,-1.054626,0.7802125,-2.086882
RIPS,545.3276,-1.054646,0.7801656,-2.086911
RIPS,545.3376,-1.054677,0.780137,-2.086911
RIPS,545.3465,-1.054657,0.7801887,-2.086905
RIPS,545.3517,-1.054652,0.7801625,-2.086904
RIPS,545.3586,-1.054638,0.7801293,-2.086866
RIPS,545.3672,-1.054697,0.7801685,-2.086833
RIPS,545.3754,-1.054672,0.7801294,-2.086738
RIPS,545.3842,-1.054561,0.7801035,-2.086688
RIPS,545.3918,-1.054571,0.7800486,-2.086716
RIPS,545.4005,-1.054559,0.7800723,-2.086756
RIPS,545.409,-1.054544,0.7800493,-2.086743
RIPS,545.417,-1.054522,0.7799801,-2.086702
RIPS,545.4252,-1.054489,0.7799546,-2.086632
RIPS,545.4338,-1.054488,0.7799399,-2.086593
RIPS,545.4424,-1.054479,0.7798803,-2.086542
RIPS,545.4511,-1.054488,0.7798505,-2.086495
RIPS,545.459,-1.054591,0.7797962,-2.086431
RIPS,545.4681,-1.054586,0.77975,-2.086468
RIPS,545.4755,-1.054748,0.7797319,-2.08636
RIPS,545.4851,-1.054771,0.7797019,-2.086376
RIPS,545.4926,-1.054718,0.7796358,-2.086471
RIPS,545.5002,-1.054715,0.7796714,-2.086473
RIPS,545.5086,-1.054726,0.7796136,-2.086509
RIPS,545.5176,-1.054674,0.7795685,-2.086549
RIPS,545.5262,-1.054659,0.7794383,-2.086564
RIPS,545.5339,-1.054751,0.7796291,-2.086488
RIPS,545.5422,-1.054746,0.7797757,-2.086484
RIPS,545.5503,-1.054713,0.7798464,-2.086439
RIPS,545.5585,-1.054671,0.7797449,-2.086341
RIPS,545.5671,-1.054635,0.7796094,-2.08622
RIPS,545.5757,-1.054585,0.7795317,-2.086238
RIPS,545.5842,-1.054589,0.7795479,-2.086322
RIPS,545.5922,-1.054599,0.7795475,-2.08639
RIPS,545.6002,-1.054658,0.7795842,-2.086498
RIPS,545.6093,-1.054567,0.7795335,-2.086568
RIPS,545.617,-1.054566,0.7794557,-2.086608
RIPS,545.6256,-1.054501,0.7795011,-2.086605
RIPS,545.6339,-1.054422,0.7794516,-2.08655
RIPS,545.6431,-1.054419,0.7793939,-2.0864
RIPS,545.6517,-1.054364,0.7793832,-2.086329
RIPS,545.6595,-1.054334,0.77934,-2.086328
RIPS,545.6678,-1.054334,0.7792674,-2.086376
RIPS,545.6761,-1.054397,0.7792238,-2.086385
RIPS,545.6855,-1.054422,0.7791795,-2.086432
RIPS,545.6934,-1.054432,0.7792006,-2.086501
RIPS,545.7015,-1.054426,0.7792,-2.086531
RIPS,545.7114,-1.054416,0.7792445,-2.086547
RIPS,545.7192,-1.054417,0.7792487,-2.086564
RIPS,545.7272,-1.054408,0.7793019,-2.086556
RIPS,545.7351,-1.054367,0.7793341,-2.086584
RIPS,545.7437,-1.054387,0.7793337,-2.086554
RIPS,545.7515,-1.054351,0.7793899,-2.086593
RIPS,545.7602,-1.054381,0.7793977,-2.086586
RIPS,545.7685,-1.054382,0.7793047,-2.086591
RIPS,545.7771,-1.054408,0.7792611,-2.086626
RIPS,545.7861,-1.054395,0.7792186,-2.086626
RIPS,545.7938,-1.054464,0.7791128,-2.086609
RIPS,545.8018,-1.05448,0.7790638,-2.086609
RIPS,545.8102,-1.054546,0.7790579,-2.086602
RIPS,545.8184,-1.054571,0.779009,-2.086563
RIPS,545.8267,-1.05461,0.7790668,-2.086571
RIPS,545.8354,-1.054744,0.7790936,-2.086374
RIPS,545.8437,-1.054745,0.7791156,-2.08637
RIPS,545.8522,-1.054719,0.7791888,-2.086401
RIPS,545.8599,-1.054777,0.7791641,-2.08642
RIPS,545.8687,-1.05478,0.7790953,-2.086468
RIPS,545.8768,-1.054736,0.7791203,-2.086676
RIPS,545.8857,-1.05474,0.7791066,-2.086742
RIPS,545.8937,-1.054722,0.7789931,-2.086796
RIPS,545.9017,-1.054765,0.778951,-2.086787
RIPS,545.9105,-1.054712,0.7789127,-2.08673
RIPS,545.9189,-1.054659,0.7788436,-2.086713
RIPS,545.9272,-1.054612,0.778859,-2.086711
RIPS,545.9353,-1.054542,0.7788222,-2.086725
RIPS,545.9435,-1.054554,0.7787537,-2.086695
RIPS,545.9517,-1.054556,0.7787463,-2.086718
RIPS,545.9603,-1.054571,0.7786949,-2.086731
RIPS,545.9681,-1.054608,0.7785403,-2.086753
RIPS,545.9777,-1.054737,0.7784628,-2.086725
RIPS,545.9859,-1.054766,0.7782959,-2.086735
RIPS,545.9934,-1.054793,0.7782555,-2.086763
RIPS,546.0016,-1.054798,0.7781863,-2.086759
RIPS,546.0103,-1.054781,0.7781667,-2.086773
RIPS,546.0181,-1.054665,0.7781425,-2.08679
RIPS,546.0268,-1.054651,0.7781675,-2.08681
RIPS,546.035,-1.054691,0.7781282,-2.086766
RIPS,546.0438,-1.054685,0.7781442,-2.086797
RIPS,546.0527,-1.054665,0.7781234,-2.086799
RIPS,546.0601,-1.054676,0.7780787,-2.086773
RIPS,546.0685,-1.054695,0.7780238,-2.086777
RIPS,546.0769,-1.054679,0.7780007,-2.086738
RIPS,546.0861,-1.054668,0.7779518,-2.086763
RIPS,546.0936,-1.054866,0.7778295,-2.086622
RIPS,546.1022,-1.054881,0.7777586,-2.086609
RIPS,546.1105,-1.054893,0.7777935,-2.086599
RIPS,546.1195,-1.055013,0.7777551,-2.086548
RIPS,546.1273,-1.055047,0.7777742,-2.086539
RIPS,546.1354,-1.054966,0.7777503,-2.086675
RIPS,546.1434,-1.055009,0.7777649,-2.086707
RIPS,546.1517,-1.055012,0.7777768,-2.086755
RIPS,546.1603,-1.055012,0.7778084,-2.08679
RIPS,546.1682,-1.055026,0.7777441,-2.0868
RIPS,546.1771,-1.055028,0.7777115,-2.086829
RIPS,546.186,-1.055036,0.7777166,-2.086828
RIPS,546.1934,-1.055061,0.7777234,-2.086744
RIPS,546.2023,-1.055073,0.7777066,-2.086687
RIPS,546.2111,-1.055067,0.7777326,-2.086637
RIPS,546.2185,-1.05506,0.7776882,-2.08645
RIPS,546.2266,-1.055023,0.7776165,-2.086296
RIPS,546.2348,-1.055011,0.7775637,-2.086241
RIPS,546.2442,-1.055009,0.7775722,-2.086269
RIPS,546.2532,-1.055032,0.7775769,-2.086441
RIPS,546.2598,-1.055053,0.7775973,-2.086589
RIPS,546.2682,-1.055103,0.7775889,-2.08677
RIPS,546.2769,-1.055164,0.777667,-2.086874
RIPS,546.2862,-1.05519,0.7777157,-2.086937
RIPS,546.2935,-1.055233,0.7777892,-2.086914
RIPS,546.3015,-1.055212,0.7777643,-2.0866
RIPS,546.3103,-1.055213,0.7778722,-2.086393
RIPS,546.319,-1.05519,0.7778764,-2.086139
RIPS,546.3271,-1.055177,0.7778624,-2.085964
RIPS,546.3351,-1.055175,0.7778597,-2.086019
RIPS,546.3433,-1.055201,0.7778435,-2.086062
RIPS,546.3514,-1.055345,0.7777104,-2.086323
RIPS,546.3602,-1.05537,0.7776743,-2.086449
RIPS,546.3684,-1.05538,0.7776816,-2.086594
RIPS,546.3768,-1.055423,0.7776752,-2.086703
RIPS,546.3859,-1.055404,0.7778068,-2.086727
RIPS,546.3932,-1.055354,0.7778347,-2.086655
RIPS,546.4017,-1.055369,0.7778723,-2.086634
RIPS,546.4106,-1.055134,0.7779257,-2.0864
RIPS,546.418,-1.055067,0.7778613,-2.086256
RIPS,546.4269,-1.055012,0.7777343,-2.086319
RIPS,546.4349,-1.054948,0.7777593,-2.086515
RIPS,546.4438,-1.054905,0.7777738,-2.08657
RIPS,546.4525,-1.054888,0.7776316,-2.086615
RIPS,546.4604,-1.054832,0.7776158,-2.086619
RIPS,546.4685,-1.054848,0.777532,-2.086587
RIPS,546.4772,-1.054766,0.7774596,-2.086504
RIPS,546.4856,-1.054745,0.7775025,-2.086491
RIPS,546.4936,-1.054896,0.777472,-2.086539
RIPS,546.5014,-1.054902,0.7774222,-2.08659
RIPS,546.5102,-1.05499,0.7774219,-2.086626
RIPS,546.5192,-1.054981,0.7773904,-2.086666
RIPS,546.5269,-1.055001,0.7773046,-2.086656
RIPS,546.5349,-1.054965,0.7772965,-2.086709
RIPS,546.5432,-1.05494,0.7772772,-2.086708
RIPS,546.5515,-1.054975,0.7771999,-2.086782
RIPS,546.5602,-1.054992,0.7771973,-2.086809
RIPS,546.5684,-1.054996,0.7773762,-2.086845
RIPS,546.577,-1.055009,0.7773787,-2.086858
RIPS,546.5861,-1.055011,0.7773414,-2.086715
RIPS,546.5934,-1.055025,0.7772233,-2.086674
RIPS,546.6016,-1.055059,0.7771147,-2.086699
RIPS,546.6102,-1.055045,0.7770532,-2.086735
RIPS,546.6184,-1.055062,0.7770586,-2.086877
RIPS,546.6266,-1.055065,0.7769474,-2.08692
RIPS,546.6348,-1.055102,0.77694,-2.086999
RIPS,546.6436,-1.055075,0.7768845,-2.087001
RIPS,546.6523,-1.054972,0.7768646,-2.086985
RIPS,546.6598,-1.054935,0.7768363,-2.086978
RIPS,546.6682,-1.054956,0.776842,-2.086979
RIPS,546.6766,-1.054985,0.7768212,-2.086933
RIPS,546.6857,-1.054962,0.776889,-2.086975
RIPS,546.6934,-1.054926,0.776866,-2.08702
RIPS,546.7017,-1.054947,0.7769632,-2.087044
RIPS,546.7104,-1.054831,0.7769439,-2.087109
RIPS,546.7194,-1.054821,0.7768953,-2.087073
RIPS,546.7272,-1.054804,0.7768552,-2.087048
RIPS,546.7349,-1.054788,0.7768272,-2.087081
RIPS,546.7431,-1.054731,0.7767392,-2.087151
RIPS,546.7515,-1.054744,0.7766613,-2.087162
RIPS,546.7601,-1.054855,0.7766166,-2.08724
RIPS,546.7681,-1.054829,0.7766057,-2.087275
RIPS,546.7772,-1.054898,0.7765357,-2.087237
RIPS,546.7852,-1.055037,0.776565,-2.087354
RIPS,546.7938,-1.055046,0.776504,-2.08728
RIPS,546.8015,-1.055121,0.7764915,-2.087325
RIPS,546.81,-1.055284,0.7764353,-2.087454
RIPS,546.8179,-1.055275,0.7763798,-2.087473
RIPS,546.8265,-1.055288,0.7763333,-2.087488
RIPS,546.8351,-1.055343,0.7762894,-2.087447
RIPS,546.8436,-1.055333,0.776277,-2.087473
RIPS,546.8525,-1.055375,0.7763022,-2.08742
RIPS,546.8599,-1.055328,0.7763185,-2.087461
RIPS,546.8682,-1.055303,0.7763276,-2.087493
RIPS,546.8768,-1.055238,0.7763325,-2.087476
RIPS,546.8857,-1.055257,0.7763886,-2.087498
RIPS,546.8933,-1.055259,0.7763447,-2.08752
RIPS,546.9016,-1.0553,0.7762935,-2.08752
RIPS,546.9102,-1.055319,0.7762569,-2.087523
RIPS,546.9191,-1.055346,0.7762965,-2.08754
RIPS,546.927,-1.05539,0.7762597,-2.087653
RIPS,546.9351,-1.055446,0.7762117,-2.087667
RIPS,546.9431,-1.055524,0.7761957,-2.087676
RIPS,546.9519,-1.055436,0.7761771,-2.087618
RIPS,546.9601,-1.055468,0.7761483,-2.087578
RIPS,546.9681,-1.055519,0.776167,-2.08761
RIPS,546.9772,-1.055591,0.7761085,-2.087591
RIPS,546.9857,-1.055686,0.775906,-2.08756
RIPS,546.9931,-1.055686,0.7757,-2.087465
RIPS,547.0017,-1.055735,0.7755314,-2.087432
RIPS,547.0099,-1.055819,0.7752863,-2.087525
RIPS,547.0179,-1.055769,0.7752842,-2.087571
RIPS,547.0269,-1.055727,0.7754287,-2.087616
RIPS,547.035,-1.055664,0.775589,-2.087706
RIPS,547.0436,-1.055589,0.7757166,-2.087723
RIPS,547.0523,-1.055608,0.7756336,-2.087768
RIPS,547.0601,-1.055633,0.7755119,-2.087818
RIPS,547.0681,-1.055447,0.7755796,-2.08787
RIPS,547.0764,-1.055444,0.7755746,-2.087944
RIPS,547.0861,-1.055446,0.7755694,-2.088027
RIPS,547.0933,-1.055391,0.7755049,-2.088038
RIPS,547.1014,-1.055385,0.7753137,-2.088073
RIPS,547.1102,-1.055446,0.775314,-2.088154
RIPS,547.119,-1.055447,0.7752929,-2.088207
RIPS,547.127,-1.055478,0.7752612,-2.088205
RIPS,547.1346,-1.055506,0.775203,-2.088193
RIPS,547.1431,-1.055598,0.7751743,-2.088229
RIPS,547.1512,-1.054389,0.775115,-2.087707
RIPS,547.1603,-1.05446,0.77503,-2.087739
RIPS,547.1682,-1.054423,0.7751438,-2.087779
RIPS,547.1769,-1.054445,0.7751079,-2.087851
RIPS,547.1855,-1.054504,0.7751315,-2.08791
RIPS,547.1932,-1.05451,0.7750052,-2.087902
RIPS,547.2014,-1.054597,0.7749002,-2.087931
RIPS,547.2112,-1.054718,0.7746569,-2.087934
RIPS,547.2181,-1.054808,0.7745436,-2.087955
RIPS,547.2264,-1.054986,0.7745221,-2.087943
RIPS,547.2349,-1.055055,0.7744717,-2.087939
RIPS,547.2437,-1.055118,0.7745523,-2.087964
RIPS,547.2524,-1.055099,0.7746413,-2.087917
RIPS,547.2596,-1.0551,0.7746148,-2.087797
RIPS,547.268,-1.05513,0.7747695,-2.087746
RIPS,547.2765,-1.055213,0.7746803,-2.087708
RIPS,547.2858,-1.055207,0.774628,-2.087641
RIPS,547.2933,-1.055079,0.7746812,-2.08762
RIPS,547.3013,-1.055048,0.7747882,-2.087586
RIPS,547.3102,-1.054894,0.7746874,-2.087584
RIPS,547.3194,-1.05488,0.774762,-2.087538
RIPS,547.327,-1.054865,0.7749413,-2.087512
RIPS,547.335,-1.054887,0.7748932,-2.087533
RIPS,547.343,-1.054918,0.7750353,-2.087536
RIPS,547.3516,-1.055083,0.7748724,-2.087539
RIPS,547.3598,-1.055126,0.7749386,-2.087589
RIPS,547.3684,-1.055133,0.774976,-2.087617
RIPS,547.3766,-1.055206,0.7749407,-2.087619
RIPS,547.3855,-1.055241,0.7749265,-2.087587
RIPS,547.3932,-1.055212,0.7748882,-2.087551
RIPS,547.4014,-1.055127,0.7747555,-2.087468
RIPS,547.41,-1.055094,0.774768,-2.087395
RIPS,547.4182,-1.055098,0.7747677,-2.087352
RIPS,547.4266,-1.055102,0.7748227,-2.087318
RIPS,547.4345,-1.05511,0.7748934,-2.087358
RIPS,547.4437,-1.055167,0.7750016,-2.08744
RIPS,547.4525,-1.055137,0.7751856,-2.087452
RIPS,547.4597,-1.055193,0.7752664,-2.087596
RIPS,547.4683,-1.055178,0.7752007,-2.087636
RIPS,547.4766,-1.055197,0.7751752,-2.087629
RIPS,547.4861,-1.055204,0.7750664,-2.08762
RIPS,547.495,-1.055139,0.7750304,-2.087485
RIPS,547.5014,-1.055081,0.7750703,-2.087345
RIPS,547.5101,-1.055007,0.7750714,-2.08718
RIPS,547.519,-1.054936,0.7750864,-2.087085
RIPS,547.5269,-1.054978,0.7752606,-2.086971
RIPS,547.5345,-1.05496,0.775314,-2.086916
RIPS,547.5431,-1.05489,0.7753846,-2.086968
RIPS,547.5512,-1.054835,0.7754081,-2.086986
RIPS,547.5594,-1.054784,0.7754221,-2.086981
RIPS,547.5682,-1.054687,0.7754384,-2.086982
RIPS,547.5769,-1.054648,0.7755219,-2.086952
RIPS,547.5861,-1.0546,0.7754275,-2.086891
RIPS,547.5931,-1.054641,0.7754456,-2.086832
RIPS,547.6014,-1.054678,0.775424,-2.086815
RIPS,547.6101,-1.054724,0.7754458,-2.086743
RIPS,547.618,-1.054702,0.7754316,-2.086667
RIPS,547.6266,-1.054637,0.7755036,-2.086622
RIPS,547.6345,-1.05464,0.7754959,-2.086527
RIPS,547.6441,-1.054625,0.7755287,-2.086466
RIPS,547.652,-1.054563,0.7755186,-2.086424
RIPS,547.66,-1.054556,0.7754357,-2.086315
RIPS,547.6681,-1.054518,0.7752786,-2.086173
RIPS,547.6766,-1.054506,0.7752564,-2.086078
RIPS,547.6857,-1.054527,0.7752603,-2.085952
RIPS,547.6932,-1.054506,0.7753334,-2.085818
RIPS,547.7012,-1.054473,0.7754294,-2.085694
RIPS,547.7103,-1.054436,0.7756762,-2.085648
RIPS,547.7188,-1.054389,0.7758129,-2.08559
RIPS,547.7269,-1.054473,0.7761246,-2.085508
RIPS,547.7349,-1.054477,0.7763122,-2.085513
RIPS,547.743,-1.05447,0.776421,-2.085562
RIPS,547.7515,-1.054503,0.7765584,-2.085753
RIPS,547.7599,-1.054517,0.7766274,-2.085763
RIPS,547.7678,-1.054384,0.7765704,-2.085684
RIPS,547.7765,-1.054402,0.7766482,-2.085642
RIPS,547.7865,-1.054449,0.776718,-2.085643
RIPS,547.7928,-1.054522,0.7769163,-2.08558
RIPS,547.8013,-1.054589,0.7771046,-2.085529
RIPS,547.8098,-1.05474,0.7771081,-2.085469
RIPS,547.8181,-1.054819,0.7772101,-2.085432
RIPS,547.8265,-1.054917,0.7773906,-2.085519
RIPS,547.8351,-1.054943,0.7774678,-2.085583
RIPS,547.8442,-1.055022,0.7775337,-2.085574
RIPS,547.8519,-1.054982,0.7775246,-2.085602
RIPS,547.8597,-1.054984,0.7775327,-2.085552
RIPS,547.8682,-1.054941,0.7773929,-2.085474
RIPS,547.8763,-1.054893,0.7773652,-2.085318
RIPS,547.8858,-1.054856,0.7770813,-2.085135
RIPS,547.8933,-1.054826,0.7770357,-2.084995
RIPS,547.9013,-1.054821,0.7767807,-2.084868
RIPS,547.9102,-1.054794,0.7764614,-2.08472
RIPS,547.9188,-1.054818,0.7760653,-2.084675
RIPS,547.9269,-1.054835,0.7756847,-2.084631
RIPS,547.9348,-1.054805,0.7754006,-2.084589
RIPS,547.9431,-1.05477,0.7751896,-2.084553
RIPS,547.951,-1.054823,0.7751996,-2.084505
RIPS,547.9601,-1.054864,0.775177,-2.084436
RIPS,547.9681,-1.054962,0.7753283,-2.084552
RIPS,547.9766,-1.055068,0.7755597,-2.084611
RIPS,547.9856,-1.055113,0.7756829,-2.084646
RIPS,547.9933,-1.055158,0.7759535,-2.084698
RIPS,548.0011,-1.055205,0.7762368,-2.08481
RIPS,548.0097,-1.055196,0.7763497,-2.084826
RIPS,548.018,-1.055201,0.7763934,-2.084987
RIPS,548.0266,-1.055244,0.7764776,-2.085146
RIPS,548.0347,-1.055229,0.7765397,-2.085247
RIPS,548.0435,-1.055207,0.7765475,-2.085285
RIPS,548.0516,-1.055214,0.7766589,-2.0853
RIPS,548.0598,-1.055167,0.7767724,-2.085223
RIPS,548.0681,-1.055267,0.7767969,-2.085226
RIPS,548.0765,-1.055266,0.7769325,-2.085181
RIPS,548.0859,-1.05525,0.7770003,-2.085197
RIPS,548.093,-1.055231,0.7769448,-2.085159
RIPS,548.1015,-1.055228,0.7769266,-2.085119
RIPS,548.11,-1.055244,0.776885,-2.085104
RIPS,548.1188,-1.055216,0.776845,-2.085095
RIPS,548.1268,-1.055191,0.7768371,-2.085184
RIPS,548.1349,-1.055192,0.7768436,-2.085215
RIPS,548.1429,-1.055164,0.776798,-2.085272
RIPS,548.1516,-1.054989,0.7767881,-2.085396
RIPS,548.1597,-1.05499,0.7768135,-2.085483
RIPS,548.1683,-1.055056,0.7767168,-2.085555
RIPS,548.1771,-1.055086,0.7767184,-2.085585
RIPS,548.1854,-1.055094,0.7768317,-2.085608
RIPS,548.1931,-1.05509,0.7768145,-2.085498
RIPS,548.2017,-1.055169,0.7768695,-2.085583
RIPS,548.2111,-1.05522,0.7768739,-2.085616
RIPS,548.2177,-1.055284,0.7769294,-2.085796
RIPS,548.2264,-1.055403,0.7768676,-2.085903
RIPS,548.2347,-1.055418,0.7768309,-2.086064
RIPS,548.2433,-1.055431,0.7768287,-2.086228
RIPS,548.2524,-1.055321,0.7767729,-2.086354
RIPS,548.2597,-1.055327,0.7767785,-2.086626
RIPS,548.2681,-1.055367,0.7766297,-2.086688
RIPS,548.2764,-1.055357,0.7765257,-2.086766
RIPS,548.2854,-1.055324,0.7763723,-2.086694
RIPS,548.2928,-1.055415,0.776243,-2.086634
RIPS,548.3014,-1.055444,0.7761434,-2.086355
RIPS,548.3097,-1.055314,0.7761543,-2.086122
RIPS,548.3187,-1.055303,0.7761927,-2.08593
RIPS,548.327,-1.055218,0.7762976,-2.085855
RIPS,548.3347,-1.055205,0.7763663,-2.085929
RIPS,548.3429,-1.055137,0.7763841,-2.086112
RIPS,548.3509,-1.055053,0.7764164,-2.086406
RIPS,548.3597,-1.055019,0.7764103,-2.086644
RIPS,548.3677,-1.054827,0.7763802,-2.086619
RIPS,548.3766,-1.05478,0.776384,-2.086628
RIPS,548.3858,-1.054761,0.7764853,-2.086591
RIPS,548.393,-1.054579,0.7764418,-2.086083
RIPS,548.4013,-1.054581,0.7763478,-2.085889
RIPS,548.41,-1.054555,0.7763155,-2.085848
RIPS,548.4177,-1.054606,0.7763015,-2.085899
RIPS,548.4265,-1.054505,0.7762343,-2.086026
RIPS,548.4345,-1.054503,0.7762059,-2.08609
RIPS,548.4431,-1.054504,0.7760693,-2.086097
RIPS,548.4523,-1.054612,0.7759468,-2.086104
RIPS,548.4598,-1.054574,0.7758233,-2.086027
RIPS,548.4679,-1.054473,0.7758042,-2.08578
RIPS,548.4769,-1.054453,0.7757641,-2.085725
RIPS,548.4854,-1.054154,0.7758064,-2.085628
RIPS,548.4938,-1.054155,0.7758462,-2.085673
RIPS,548.5017,-1.054166,0.7758687,-2.085731
RIPS,548.5098,-1.054021,0.7758764,-2.085701
RIPS,548.5184,-1.054047,0.7758576,-2.085786
RIPS,548.5267,-1.05396,0.775832,-2.085905
RIPS,548.5343,-1.053992,0.7757705,-2.085981
RIPS,548.543,-1.053997,0.7757086,-2.086072
RIPS,548.5508,-1.053996,0.7756189,-2.086001
RIPS,548.5594,-1.053988,0.7755703,-2.085982
RIPS,548.5679,-1.053872,0.7755163,-2.085927
RIPS,548.5768,-1.053872,0.7754439,-2.085913
RIPS,548.5858,-1.053682,0.7754585,-2.085788
RIPS,548.5929,-1.053669,0.7754611,-2.08583
RIPS,548.6013,-1.053744,0.7754568,-2.085757
RIPS,548.61,-1.053725,0.775493,-2.085833
RIPS,548.618,-1.053707,0.7755268,-2.085891
RIPS,548.6262,-1.053669,0.7756096,-2.085993
RIPS,548.6345,-1.05361,0.775647,-2.086005
RIPS,548.643,-1.053573,0.7756863,-2.086011
RIPS,548.6521,-1.0536,0.7756916,-2.085972
RIPS,548.6594,-1.053599,0.7757942,-2.085974
RIPS,548.6678,-1.053697,0.7757905,-2.086002
RIPS,548.6761,-1.053672,0.7758161,-2.08596
RIPS,548.6852,-1.053659,0.7758043,-2.085918
RIPS,548.6929,-1.053633,0.7757726,-2.08588
RIPS,548.7012,-1.053607,0.7757593,-2.085819
RIPS,548.7099,-1.053593,0.775731,-2.085804
RIPS,548.7184,-1.053578,0.7757217,-2.085746
RIPS,548.727,-1.053717,0.7755538,-2.085738
RIPS,548.7343,-1.053687,0.7755129,-2.085732
RIPS,548.743,-1.053695,0.7754803,-2.085727
RIPS,548.7512,-1.053658,0.7755105,-2.085783
RIPS,548.7595,-1.053602,0.775517,-2.085804
RIPS,548.7681,-1.053563,0.7756581,-2.085788
RIPS,548.7764,-1.053479,0.7756819,-2.085775
RIPS,548.7853,-1.0535,0.775777,-2.085805
RIPS,548.7932,-1.053446,0.7758139,-2.085812
RIPS,548.801,-1.053408,0.7758303,-2.085827
RIPS,548.8096,-1.053625,0.7758725,-2.085814
RIPS,548.8178,-1.053642,0.7759331,-2.085865
RIPS,548.8265,-1.053755,0.7759791,-2.085974
RIPS,548.8344,-1.053788,0.7760833,-2.08603
RIPS,548.8428,-1.053868,0.7762169,-2.086043
RIPS,548.8521,-1.053895,0.7763149,-2.086026
RIPS,548.8596,-1.053944,0.7764643,-2.086035
RIPS,548.8677,-1.053939,0.776623,-2.085965
RIPS,548.8763,-1.054048,0.7767882,-2.086045
RIPS,548.886,-1.054046,0.7768888,-2.08605
RIPS,548.8929,-1.054049,0.7770302,-2.086059
RIPS,548.9009,-1.054202,0.7770671,-2.086048
RIPS,548.9097,-1.054212,0.7771966,-2.08608
RIPS,548.9186,-1.054269,0.7773008,-2.086067
RIPS,548.9268,-1.054214,0.7774403,-2.086013
RIPS,548.9344,-1.054201,0.7775797,-2.086035
RIPS,548.9429,-1.054266,0.7777563,-2.086094
RIPS,548.9512,-1.054262,0.7779694,-2.086104
RIPS,548.9597,-1.054277,0.7782956,-2.086125
RIPS,548.9677,-1.054315,0.7786164,-2.085979
RIPS,548.9764,-1.054323,0.7789619,-2.086048
RIPS,548.9851,-1.054364,0.779324,-2.086121
RIPS,548.9927,-1.05437,0.7796426,-2.086237
RIPS,549.0018,-1.05435,0.7798035,-2.086392
RIPS,549.0098,-1.054355,0.7800017,-2.086441
RIPS,549.018,-1.054359,0.7801683,-2.086491
RIPS,549.0264,-1.054355,0.7802228,-2.086539
RIPS,549.0344,-1.054368,0.7802628,-2.086555
RIPS,549.043,-1.054351,0.7803064,-2.086513
RIPS,549.0526,-1.054397,0.7802816,-2.086486
RIPS,549.0593,-1.054496,0.7803729,-2.086443
RIPS,549.0677,-1.054526,0.7804161,-2.086311
RIPS,549.0761,-1.054557,0.7804987,-2.08628
RIPS,549.0859,-1.054622,0.7805535,-2.086354
RIPS,549.0929,-1.054657,0.7806611,-2.086409
RIPS,549.101,-1.054114,0.7806602,-2.086167
RIPS,549.1096,-1.054108,0.7807224,-2.086211
RIPS,549.1187,-1.054105,0.7807295,-2.086243
RIPS,549.1268,-1.054114,0.7808625,-2.086251
RIPS,549.1345,-1.054115,0.7808835,-2.086266
RIPS,549.1427,-1.05402,0.7810264,-2.086196
RIPS,549.1509,-1.054009,0.7810614,-2.086124
RIPS,549.1597,-1.054065,0.781044,-2.086086
RIPS,549.1677,-1.054041,0.7810738,-2.085974
RIPS,549.1768,-1.054046,0.7811323,-2.085964
RIPS,549.1843,-1.05411,0.7811183,-2.085939
RIPS,549.1933,-1.05408,0.7811903,-2.085978
RIPS,549.201,-1.054083,0.781157,-2.086085
RIPS,549.2106,-1.05407,0.7811681,-2.086126
RIPS,549.2178,-1.054073,0.7811934,-2.086171
RIPS,549.2261,-1.054026,0.7812537,-2.086246
RIPS,549.2345,-1.053963,0.7812295,-2.086158
RIPS,549.243,-1.053958,0.7813705,-2.086159
RIPS,549.2515,-1.053966,0.7813358,-2.086131
RIPS,549.2595,-1.053956,0.7812767,-2.086135
RIPS,549.2681,-1.053994,0.7812237,-2.086167
RIPS,549.2759,-1.053974,0.7812145,-2.086227
RIPS,549.2853,-1.054004,0.7810838,-2.086256
RIPS,549.2932,-1.053968,0.7810286,-2.086294
RIPS,549.301,-1.053939,0.7809285,-2.08631
RIPS,549.3096,-1.053986,0.7808598,-2.086278
RIPS,549.3187,-1.053967,0.7808328,-2.086306
RIPS,549.3265,-1.053979,0.7808028,-2.086337
RIPS,549.3344,-1.053967,0.7807875,-2.086378
RIPS,549.3429,-1.054016,0.7808894,-2.086423
RIPS,549.3512,-1.054009,0.7808322,-2.086479
RIPS,549.3591,-1.05399,0.7808103,-2.086538
RIPS,549.3682,-1.053973,0.7807255,-2.086561
RIPS,549.3763,-1.054015,0.7806848,-2.08652
RIPS,549.3854,-1.054095,0.7805599,-2.086425
RIPS,549.3926,-1.054166,0.7804894,-2.0864
RIPS,549.401,-1.05416,0.7803713,-2.086419
RIPS,549.41,-1.054185,0.7803543,-2.086445
RIPS,549.4178,-1.054206,0.7803396,-2.086455
RIPS,549.4261,-1.054194,0.7803465,-2.086485
RIPS,549.4341,-1.054175,0.7803301,-2.086515
RIPS,549.4432,-1.054179,0.7804257,-2.08644
RIPS,549.4519,-1.054174,0.7803979,-2.086439
RIPS,549.4594,-1.054235,0.7804514,-2.086336
RIPS,549.4679,-1.054373,0.7803903,-2.086355
RIPS,549.476,-1.054392,0.7804126,-2.086372
RIPS,549.4852,-1.054425,0.7803726,-2.086397
RIPS,549.4932,-1.054558,0.7803873,-2.086471
RIPS,549.5017,-1.054518,0.7804221,-2.086558
RIPS,549.5099,-1.05457,0.7804077,-2.08656
RIPS,549.5185,-1.054592,0.78043,-2.086591
RIPS,549.5271,-1.054515,0.7804046,-2.086649
RIPS,549.5345,-1.054584,0.7804018,-2.086618
RIPS,549.5427,-1.054702,0.7804112,-2.086588
RIPS,549.551,-1.054718,0.7804093,-2.086605
RIPS,549.5595,-1.054819,0.7803276,-2.086607
RIPS,549.5679,-1.054843,0.7803248,-2.086695
RIPS,549.5767,-1.054957,0.7802883,-2.086719
RIPS,549.5851,-1.054939,0.7802777,-2.08677
RIPS,549.5928,-1.054962,0.7802567,-2.086791
RIPS,549.6011,-1.054964,0.7802636,-2.086848
RIPS,549.6096,-1.054991,0.780185,-2.086873
RIPS,549.6177,-1.05503,0.7801325,-2.086736
RIPS,549.6263,-1.05506,0.7801276,-2.086725
RIPS,549.6344,-1.055173,0.7800799,-2.086587
RIPS,549.6428,-1.055208,0.7800044,-2.086559
RIPS,549.6522,-1.055276,0.7799941,-2.086599
RIPS,549.6593,-1.055291,0.77996,-2.086608
RIPS,549.6677,-1.055311,0.7798988,-2.086659
RIPS,549.6762,-1.055358,0.7798308,-2.086693
RIPS,549.6855,-1.055446,0.7798309,-2.086664
RIPS,549.6927,-1.055476,0.7798039,-2.086679
RIPS,549.701,-1.055462,0.7798367,-2.086704
RIPS,549.7095,-1.055559,0.7798141,-2.086682
RIPS,549.7186,-1.055573,0.779829,-2.086684
RIPS,549.7269,-1.055488,0.7797409,-2.086691
RIPS,549.7343,-1.055519,0.7796483,-2.086682
RIPS,549.7428,-1.055565,0.7795771,-2.086686
RIPS,549.751,-1.055587,0.779507,-2.086737
RIPS,549.7594,-1.055659,0.7793988,-2.086751
RIPS,549.7677,-1.05581,0.7792459,-2.086851
RIPS,549.7761,-1.055858,0.7790906,-2.086961
RIPS,549.7859,-1.055863,0.7789595,-2.087114
RIPS,549.7925,-1.055922,0.7787777,-2.087277
RIPS,549.8008,-1.055839,0.778691,-2.087548
RIPS,549.8097,-1.055872,0.7785274,-2.08776
RIPS,549.8177,-1.055891,0.778392,-2.088074
RIPS,549.826,-1.055993,0.7782,-2.08829
RIPS,549.8345,-1.056054,0.7779581,-2.088598
RIPS,549.843,-1.056176,0.777589,-2.088962
RIPS,549.8514,-1.056225,0.7773826,-2.089257
RIPS,549.8594,-1.05628,0.7771431,-2.089526
RIPS,549.8675,-1.056322,0.7769921,-2.089882
RIPS,549.876,-1.056337,0.7768143,-2.090132
RIPS,549.8852,-1.056353,0.7766781,-2.090285
RIPS,549.8928,-1.056347,0.7766272,-2.090479
RIPS,549.9011,-1.056327,0.7768432,-2.090724
RIPS,549.9093,-1.055419,0.777009,-2.09035
RIPS,549.9185,-1.055291,0.7773138,-2.090617
RIPS,549.9267,-1.055312,0.7776021,-2.090753
RIPS,549.9344,-1.055324,0.778034,-2.090948
RIPS,549.9424,-1.055543,0.77847,-2.091189
RIPS,549.9508,-1.055554,0.7788471,-2.09137
RIPS,549.96,-1.055567,0.779139,-2.091534
RIPS,549.9702,-1.05572,0.7794239,-2.091944
RIPS,549.9791,-1.055746,0.7796785,-2.092307
RIPS,549.9841,-1.055727,0.779804,-2.092906
RIPS,549.9914,-1.05575,0.7799088,-2.093358
RIPS,549.9995,-1.055755,0.7800252,-2.093683
RIPS,550.0084,-1.055856,0.7801523,-2.093889
RIPS,550.0161,-1.055883,0.780172,-2.093943
RIPS,550.0247,-1.055911,0.7801507,-2.093943
RIPS,550.0331,-1.055902,0.7800997,-2.093774
RIPS,550.0414,-1.055896,0.7800609,-2.093709
RIPS,550.05,-1.055867,0.7800623,-2.093708
RIPS,550.0579,-1.055808,0.7801033,-2.093705
RIPS,550.0662,-1.055918,0.7800494,-2.093789
RIPS,550.0745,-1.055849,0.7801546,-2.093976
RIPS,550.0831,-1.055926,0.7802745,-2.094177
RIPS,550.0915,-1.055887,0.7803428,-2.094848
RIPS,550.0995,-1.055846,0.7805263,-2.095351
RIPS,550.1076,-1.055844,0.7805447,-2.095842
RIPS,550.1169,-1.055835,0.7805963,-2.09625
RIPS,550.1254,-1.055827,0.7806621,-2.096478
RIPS,550.1331,-1.055826,0.7806799,-2.096696
RIPS,550.1411,-1.055861,0.7806618,-2.096932
RIPS,550.1493,-1.055918,0.7806618,-2.097281
RIPS,550.1579,-1.055827,0.7805361,-2.097681
RIPS,550.1661,-1.055883,0.7802135,-2.0981
RIPS,550.1746,-1.055904,0.77989,-2.098437
RIPS,550.1832,-1.055874,0.7796689,-2.098558
RIPS,550.191,-1.055843,0.7794372,-2.098498
RIPS,550.1995,-1.055762,0.7793345,-2.098387
RIPS,550.2087,-1.055687,0.7791607,-2.098277
RIPS,550.2162,-1.055615,0.7789612,-2.098298
RIPS,550.2244,-1.055618,0.7786274,-2.098504
RIPS,550.2328,-1.055643,0.7781665,-2.098926
RIPS,550.241,-1.055798,0.7775521,-2.099787
RIPS,550.2499,-1.055885,0.7771075,-2.100313
RIPS,550.2583,-1.055977,0.7766985,-2.100634
RIPS,550.2663,-1.0561,0.7763165,-2.10064
RIPS,550.2751,-1.056123,0.7760502,-2.100407
RIPS,550.2839,-1.056045,0.7759264,-2.099983
RIPS,550.2921,-1.056003,0.7757893,-2.099452
RIPS,550.3004,-1.055956,0.7756886,-2.099027
RIPS,550.3093,-1.055966,0.7757704,-2.098876
RIPS,550.3177,-1.055848,0.7758914,-2.098944
RIPS,550.3265,-1.055893,0.775979,-2.099494
RIPS,550.334,-1.055951,0.7762006,-2.099851
RIPS,550.3424,-1.055958,0.7763563,-2.100732
RIPS,550.3508,-1.055993,0.7765983,-2.101123
RIPS,550.3594,-1.056134,0.776822,-2.101102
RIPS,550.3676,-1.056143,0.777082,-2.10083
RIPS,550.3771,-1.056184,0.7773451,-2.100399
RIPS,550.3843,-1.056155,0.777564,-2.099834
RIPS,550.3925,-1.056137,0.7777582,-2.09939
RIPS,550.4011,-1.056078,0.7777174,-2.099233
RIPS,550.4099,-1.056064,0.7777087,-2.099375
RIPS,550.4175,-1.056134,0.7776395,-2.099476
RIPS,550.4266,-1.05612,0.7776327,-2.09956
RIPS,550.4362,-1.05615,0.7776193,-2.099497
RIPS,550.4448,-1.05629,0.7776466,-2.099257
RIPS,550.4509,-1.056328,0.7776673,-2.09905
RIPS,550.4588,-1.056347,0.7777011,-2.098823
RIPS,550.4666,-1.056383,0.7776688,-2.098708
RIPS,550.4752,-1.056442,0.777607,-2.098734
RIPS,550.4843,-1.056386,0.7775003,-2.098828
RIPS,550.4927,-1.056423,0.7773769,-2.09902
RIPS,550.5007,-1.056496,0.7771512,-2.099217
RIPS,550.5093,-1.056514,0.7770219,-2.09944
RIPS,550.5174,-1.056542,0.776858,-2.099591
RIPS,550.5261,-1.056669,0.7768241,-2.099668
RIPS,550.5339,-1.056749,0.776736,-2.099718
RIPS,550.5422,-1.056772,0.7767084,-2.0998
RIPS,550.5505,-1.056798,0.7767027,-2.099872
RIPS,550.5587,-1.056732,0.7767615,-2.100077
RIPS,550.5668,-1.056756,0.7766969,-2.100194
RIPS,550.5751,-1.056722,0.7766656,-2.10037
RIPS,550.5844,-1.056601,0.7766236,-2.100578
RIPS,550.5919,-1.05664,0.7765408,-2.100765
RIPS,550.6,-1.056559,0.7764028,-2.100831
RIPS,550.6089,-1.056502,0.7763586,-2.100771
RIPS,550.6166,-1.056476,0.7763065,-2.100616
RIPS,550.6252,-1.056539,0.776269,-2.100352
RIPS,550.6336,-1.056538,0.7762434,-2.100203
RIPS,550.6415,-1.056676,0.7762124,-2.100051
RIPS,550.651,-1.056755,0.7761401,-2.100056
RIPS,550.6585,-1.056759,0.7761076,-2.100044
RIPS,550.6667,-1.056817,0.7761428,-2.100101
RIPS,550.6754,-1.056827,0.776155,-2.100017
RIPS,550.684,-1.056879,0.7761691,-2.100072
RIPS,550.6916,-1.056898,0.7761472,-2.100027
RIPS,550.6998,-1.056892,0.7761453,-2.099972
RIPS,550.7086,-1.056921,0.7761413,-2.09989
RIPS,550.7175,-1.056865,0.7761558,-2.099927
RIPS,550.726,-1.056852,0.7761377,-2.099881
RIPS,550.7338,-1.056775,0.7761266,-2.099927
RIPS,550.7424,-1.056726,0.7761609,-2.09994
RIPS,550.7505,-1.056649,0.7761205,-2.09988
RIPS,550.7592,-1.056565,0.7760776,-2.099911
RIPS,550.7674,-1.056521,0.7761142,-2.099854
RIPS,550.7761,-1.056582,0.776129,-2.099712
RIPS,550.7849,-1.056588,0.7761031,-2.099707
RIPS,550.7928,-1.056599,0.7760994,-2.099674
RIPS,550.8008,-1.056585,0.7760356,-2.099665
RIPS,550.8094,-1.056632,0.7760478,-2.099762
RIPS,550.8172,-1.056713,0.7760972,-2.099741
RIPS,550.8257,-1.056701,0.7761036,-2.099756
RIPS,550.8343,-1.056686,0.7761378,-2.099739
RIPS,550.8425,-1.056668,0.7761794,-2.099675
RIPS,550.8517,-1.056741,0.7762257,-2.099654
RIPS,550.8591,-1.056711,0.7762798,-2.099593
RIPS,550.8675,-1.056733,0.7763066,-2.099537
RIPS,550.8758,-1.056663,0.7763163,-2.099557
RIPS,550.8849,-1.056695,0.7763937,-2.099593
RIPS,550.8927,-1.056699,0.7763363,-2.099601
RIPS,550.9007,-1.056639,0.7763075,-2.09969
RIPS,550.9093,-1.056649,0.7763105,-2.099656
RIPS,550.9183,-1.05665,0.7762812,-2.099625
RIPS,550.9268,-1.056627,0.776288,-2.099554
RIPS,550.934,-1.056653,0.7763004,-2.09946
RIPS,550.9423,-1.056643,0.7763116,-2.099379
RIPS,550.9504,-1.056665,0.7763758,-2.099273
RIPS,550.9591,-1.056646,0.7764069,-2.099246
RIPS,550.9673,-1.056767,0.7764171,-2.099198
RIPS,550.9764,-1.056856,0.7764559,-2.099277
RIPS,550.9847,-1.056903,0.7765232,-2.09929
RIPS,550.9925,-1.056919,0.776529,-2.099367
RIPS,551.0012,-1.056924,0.7764671,-2.099401
RIPS,551.0092,-1.056887,0.7764842,-2.099386
RIPS,551.0175,-1.05667,0.7764513,-2.099383
RIPS,551.0258,-1.056659,0.7764294,-2.099317
RIPS,551.0342,-1.056646,0.7763984,-2.099263
RIPS,551.0425,-1.05661,0.7762989,-2.099171
RIPS,551.0522,-1.056596,0.7763153,-2.099155
RIPS,551.0588,-1.056622,0.7763155,-2.099139
RIPS,551.0675,-1.056625,0.7763172,-2.099148
RIPS,551.0759,-1.056615,0.776296,-2.099154
RIPS,551.0859,-1.056645,0.77628,-2.099184
RIPS,551.0925,-1.056652,0.7762688,-2.099179
RIPS,551.1006,-1.056729,0.7762817,-2.099149
RIPS,551.1093,-1.056724,0.7763036,-2.09906
RIPS,551.1186,-1.056677,0.7763561,-2.099101
RIPS,551.1265,-1.05667,0.7763377,-2.099076
RIPS,551.1341,-1.056607,0.7763367,-2.099081
RIPS,551.1424,-1.056595,0.7763663,-2.099108
RIPS,551.1511,-1.056574,0.7763469,-2.099095
RIPS,551.1592,-1.056577,0.7763478,-2.099105
RIPS,551.1673,-1.056579,0.7763221,-2.099085
RIPS,551.176,-1.056585,0.7763609,-2.099039
RIPS,551.1843,-1.056608,0.7763778,-2.099016
RIPS,551.1924,-1.056591,0.7763528,-2.099019
RIPS,551.2028,-1.056599,0.7762865,-2.099059
RIPS,551.2138,-1.056586,0.7762769,-2.099049
RIPS,551.2233,-1.05669,0.7763594,-2.098988
RIPS,551.234,-1.056699,0.7763385,-2.098997
RIPS,551.2426,-1.056747,0.7763734,-2.098979
RIPS,551.2516,-1.056725,0.7763233,-2.098958
RIPS,551.259,-1.056647,0.776249,-2.098972
RIPS,551.2673,-1.05661,0.7762386,-2.09895
RIPS,551.2758,-1.0566,0.7762231,-2.098957
RIPS,551.2852,-1.05657,0.7762105,-2.099004
RIPS,551.2927,-1.056604,0.7762039,-2.098992
RIPS,551.3008,-1.056663,0.7762185,-2.09893
RIPS,551.3095,-1.056644,0.776203,-2.098898
RIPS,551.3185,-1.056612,0.7762733,-2.098895
RIPS,551.3265,-1.056608,0.7762949,-2.098875
RIPS,551.3341,-1.056584,0.776336,-2.098871
RIPS,551.3423,-1.056427,0.7763225,-2.098948
RIPS,551.3507,-1.056408,0.7762893,-2.098979
RIPS,551.3597,-1.056451,0.7762445,-2.09896
RIPS,551.3704,-1.056439,0.7762223,-2.098942
RIPS,551.3797,-1.056487,0.7761239,-2.098906
RIPS,551.386,-1.056467,0.7761202,-2.098876
RIPS,551.3908,-1.056461,0.7760977,-2.098869
RIPS,551.3984,-1.056434,0.7761379,-2.098882
RIPS,551.4073,-1.056411,0.7761389,-2.098908
RIPS,551.4153,-1.056338,0.7762055,-2.098894
RIPS,551.4236,-1.056353,0.7762581,-2.098909
RIPS,551.4317,-1.056351,0.7762867,-2.098921
RIPS,551.4402,-1.056333,0.776307,-2.098884
RIPS,551.4485,-1.056333,0.7763069,-2.098879
RIPS,551.457,-1.056363,0.776252,-2.098881
RIPS,551.4653,-1.056347,0.7762436,-2.098853
RIPS,551.4734,-1.056365,0.7762295,-2.0989
RIPS,551.4816,-1.056325,0.7761332,-2.099006
RIPS,551.4909,-1.056328,0.7761073,-2.099
RIPS,551.4991,-1.056306,0.7761273,-2.099034
RIPS,551.508,-1.056289,0.7761322,-2.099059
RIPS,551.5168,-1.056346,0.7762339,-2.098933
RIPS,551.5244,-1.056313,0.7762499,-2.098888
RIPS,551.532,-1.056252,0.7762539,-2.098974
RIPS,551.54,-1.056251,0.7762002,-2.098954
RIPS,551.5488,-1.056219,0.7762188,-2.098968
RIPS,551.5569,-1.056226,0.7761343,-2.099036
RIPS,551.5652,-1.056204,0.7761396,-2.099018
RIPS,551.5735,-1.056301,0.7761083,-2.098985
RIPS,551.5822,-1.056309,0.7760902,-2.098972
RIPS,551.5903,-1.056309,0.7761437,-2.098916
RIPS,551.5986,-1.056288,0.7761949,-2.098883
RIPS,551.6074,-1.056278,0.7761882,-2.098927
RIPS,551.6152,-1.056421,0.7761937,-2.098927
RIPS,551.6234,-1.056417,0.7761366,-2.098926
RIPS,551.632,-1.05641,0.7761372,-2.098935
RIPS,551.6398,-1.056342,0.7761245,-2.098906
RIPS,551.6488,-1.056324,0.7761125,-2.09883
RIPS,551.6572,-1.056309,0.7760591,-2.098824
RIPS,551.6656,-1.056299,0.7760788,-2.098734
RIPS,551.6743,-1.056376,0.7760926,-2.098652
RIPS,551.683,-1.056371,0.7761213,-2.09862
RIPS,551.6912,-1.056399,0.7761012,-2.098684
RIPS,551.6993,-1.056347,0.7761369,-2.098722
RIPS,551.7085,-1.056337,0.7761635,-2.098788
RIPS,551.7166,-1.056268,0.7761835,-2.098925
RIPS,551.7258,-1.056257,0.7761828,-2.098956
RIPS,551.7335,-1.056334,0.7761727,-2.098932
RIPS,551.7418,-1.056346,0.7761084,-2.098906
RIPS,551.7502,-1.056247,0.7760698,-2.098879
RIPS,551.7589,-1.056232,0.7760208,-2.098824
RIPS,551.7673,-1.056211,0.7760282,-2.098844
RIPS,551.7757,-1.056143,0.7760442,-2.098779
RIPS,551.785,-1.056128,0.7760504,-2.098783
RIPS,551.7922,-1.056092,0.7760677,-2.098783
RIPS,551.8009,-1.056087,0.7761071,-2.098782
RIPS,551.8094,-1.056033,0.7760758,-2.098719
RIPS,551.8172,-1.056178,0.7760774,-2.0987
RIPS,551.8261,-1.056165,0.7761186,-2.098672
RIPS,551.8342,-1.056229,0.776128,-2.098629
RIPS,551.8424,-1.056291,0.7760721,-2.098552
RIPS,551.851,-1.056288,0.7760884,-2.098507
RIPS,551.8591,-1.056305,0.7761006,-2.09863
RIPS,551.8672,-1.056318,0.7761214,-2.098636
RIPS,551.8759,-1.056317,0.7761298,-2.098624
RIPS,551.8846,-1.056313,0.7761517,-2.098613
RIPS,551.8921,-1.05632,0.7761349,-2.098608
RIPS,551.9005,-1.056329,0.7761668,-2.09862
RIPS,551.9092,-1.056345,0.7761901,-2.098629
RIPS,551.9178,-1.056318,0.7761948,-2.098569
RIPS,551.9266,-1.056349,0.7761299,-2.098583
RIPS,551.9341,-1.056364,0.7761365,-2.098607
RIPS,551.9424,-1.056357,0.7760337,-2.098561
RIPS,551.9503,-1.056315,0.7760345,-2.098561
RIPS,551.9592,-1.056268,0.7760068,-2.098606
RIPS,551.9672,-1.056249,0.7760245,-2.098574
RIPS,551.9762,-1.056281,0.7760032,-2.098487
RIPS,551.9844,-1.056279,0.7760561,-2.098499
RIPS,551.9923,-1.056294,0.7760825,-2.098473
RIPS,552.0005,-1.056288,0.7760924,-2.098461
RIPS,552.0096,-1.056283,0.7760539,-2.098399
RIPS,552.0171,-1.056223,0.776051,-2.098383
RIPS,552.0259,-1.056259,0.7760411,-2.098361
RIPS,552.0338,-1.056179,0.7759762,-2.098383
RIPS,552.0427,-1.056238,0.7759203,-2.098438
RIPS,552.0513,-1.056147,0.7758874,-2.098489
RIPS,552.0587,-1.056119,0.7758312,-2.098474
RIPS,552.0673,-1.056075,0.7758411,-2.098495
RIPS,552.0756,-1.056004,0.7758224,-2.098471
RIPS,552.0846,-1.056004,0.7758894,-2.098481
RIPS,552.0921,-1.056004,0.7759013,-2.09848
RIPS,552.1004,-1.055957,0.775949,-2.098441
RIPS,552.1087,-1.05593,0.7759395,-2.098454
RIPS,552.1174,-1.055936,0.7758589,-2.098461
RIPS,552.1266,-1.055918,0.7758396,-2.098477
RIPS,552.1339,-1.056008,0.7758257,-2.098421
RIPS,552.1423,-1.056042,0.7758052,-2.098495
RIPS,552.1504,-1.056132,0.7758023,-2.098399
RIPS,552.1595,-1.056115,0.7758515,-2.098374
RIPS,552.1674,-1.056086,0.7758567,-2.098334
RIPS,552.1758,-1.05601,0.7759086,-2.098274
RIPS,552.1844,-1.056014,0.7759509,-2.098329
RIPS,552.1924,-1.055905,0.7759388,-2.098362
RIPS,552.2004,-1.055875,0.7759109,-2.098366
RIPS,552.2094,-1.055915,0.7758673,-2.09841
RIPS,552.2175,-1.0558,0.7758743,-2.098463
RIPS,552.2255,-1.055817,0.7758533,-2.098435
RIPS,552.2339,-1.055872,0.7758521,-2.09836
RIPS,552.2425,-1.05589,0.7757633,-2.098343
RIPS,552.2512,-1.055912,0.7758056,-2.09831
RIPS,552.2588,-1.055916,0.775868,-2.098272
RIPS,552.267,-1.055944,0.7759432,-2.098315
RIPS,552.2757,-1.055959,0.775961,-2.098367
RIPS,552.2855,-1.055959,0.7760004,-2.098385
RIPS,552.2921,-1.05595,0.7760084,-2.098397
RIPS,552.3007,-1.056027,0.7759785,-2.098277
RIPS,552.309,-1.056024,0.7759467,-2.098214
RIPS,552.3178,-1.05609,0.7759113,-2.098223
RIPS,552.3266,-1.056095,0.7759207,-2.098167
RIPS,552.3343,-1.056073,0.7759417,-2.098192
RIPS,552.3423,-1.056066,0.7758822,-2.0982
RIPS,552.3505,-1.056059,0.7758953,-2.098242
RIPS,552.359,-1.056071,0.7760186,-2.098269
RIPS,552.3671,-1.05608,0.7759887,-2.098314
RIPS,552.3755,-1.056089,0.7760034,-2.098318
RIPS,552.3851,-1.05608,0.775992,-2.098214
RIPS,552.3918,-1.055997,0.7759234,-2.098196
RIPS,552.4005,-1.055969,0.7758028,-2.098105
RIPS,552.4091,-1.055975,0.7757972,-2.098094
RIPS,552.4172,-1.055949,0.7756588,-2.098126
RIPS,552.4258,-1.055933,0.775617,-2.098101
RIPS,552.4337,-1.055907,0.7755494,-2.098073
RIPS,552.4427,-1.05586,0.7754781,-2.098033
RIPS,552.451,-1.055841,0.775452,-2.098008
RIPS,552.459,-1.055799,0.7755075,-2.097989
RIPS,552.467,-1.055782,0.7755566,-2.097994
RIPS,552.4755,-1.055697,0.7756283,-2.098038
RIPS,552.4847,-1.055673,0.7757318,-2.098015
RIPS,552.4927,-1.055825,0.7759473,-2.098065
RIPS,552.5007,-1.055818,0.7760807,-2.098035
RIPS,552.5096,-1.055892,0.7763115,-2.098036
RIPS,552.5178,-1.055875,0.776557,-2.098191
RIPS,552.5264,-1.055876,0.7768818,-2.098255
RIPS,552.534,-1.05588,0.7771869,-2.098392
RIPS,552.5421,-1.055901,0.7773958,-2.098468
RIPS,552.5507,-1.055918,0.7774839,-2.098518
RIPS,552.5588,-1.055924,0.7774913,-2.098621
RIPS,552.5672,-1.055928,0.7773229,-2.09862
RIPS,552.576,-1.055984,0.777095,-2.098533
RIPS,552.5847,-1.055954,0.7766557,-2.098314
RIPS,552.5919,-1.055946,0.7762548,-2.098193
RIPS,552.6008,-1.055961,0.7758049,-2.097791
RIPS,552.609,-1.055963,0.7753879,-2.097496
RIPS,552.6172,-1.056103,0.7749083,-2.097173
RIPS,552.6254,-1.056159,0.7744744,-2.096972
RIPS,552.6339,-1.056205,0.7740501,-2.096942
RIPS,552.6423,-1.056299,0.7736583,-2.097157
RIPS,552.651,-1.056356,0.7733794,-2.097214
RIPS,552.6586,-1.056451,0.7732117,-2.097347
RIPS,552.667,-1.056453,0.7730461,-2.097578
RIPS,552.6755,-1.056383,0.7729774,-2.097802
RIPS,552.6848,-1.056309,0.7728667,-2.097914
RIPS,552.6923,-1.056318,0.7727979,-2.098101
RIPS,552.7001,-1.056288,0.7727534,-2.098202
RIPS,552.7091,-1.056252,0.7729327,-2.098362
RIPS,552.7176,-1.056273,0.7730835,-2.098509
RIPS,552.7262,-1.056212,0.7733743,-2.098626
RIPS,552.7336,-1.056121,0.7736683,-2.098713
RIPS,552.7419,-1.056105,0.7740415,-2.098762
RIPS,552.7503,-1.056127,0.7743599,-2.098763
RIPS,552.7589,-1.056127,0.7747059,-2.098776
RIPS,552.7686,-1.056118,0.7749816,-2.0988
RIPS,552.7797,-1.056114,0.7751039,-2.098639
RIPS,552.7853,-1.056125,0.7752629,-2.098511
RIPS,552.7905,-1.056121,0.7753913,-2.098578
RIPS,552.7982,-1.056169,0.7755253,-2.098431
RIPS,552.8069,-1.056169,0.7757533,-2.098161
RIPS,552.8149,-1.056133,0.7760614,-2.097922
RIPS,552.8229,-1.056081,0.7763714,-2.097543
RIPS,552.8314,-1.056022,0.7767446,-2.097338
RIPS,552.8402,-1.055999,0.7771332,-2.097128
RIPS,552.8481,-1.056013,0.7774325,-2.096974
RIPS,552.8568,-1.05601,0.777754,-2.09693
RIPS,552.8647,-1.056029,0.7780511,-2.097013
RIPS,552.8729,-1.056067,0.778298,-2.09703
RIPS,552.8816,-1.056059,0.778589,-2.097115
RIPS,552.89,-1.056106,0.7788963,-2.097179
RIPS,552.8984,-1.056103,0.7791234,-2.097275
RIPS,552.9065,-1.056133,0.7793703,-2.097452
RIPS,552.9152,-1.056179,0.7796717,-2.097597
RIPS,552.924,-1.056256,0.7799514,-2.097792
RIPS,552.9314,-1.056387,0.7802537,-2.097948
RIPS,552.9399,-1.056497,0.780548,-2.098118
RIPS,552.9482,-1.056556,0.7807758,-2.098173
RIPS,552.9564,-1.056628,0.7809028,-2.098311
RIPS,552.9648,-1.056658,0.78101,-2.098421
RIPS,552.9733,-1.056703,0.780966,-2.098402
RIPS,552.9818,-1.056664,0.7810594,-2.098398
RIPS,552.9901,-1.056607,0.7811905,-2.098466
RIPS,552.998,-1.056534,0.7813181,-2.098485
RIPS,553.007,-1.056505,0.7814296,-2.09858
RIPS,553.0146,-1.056443,0.7815939,-2.098743
RIPS,553.0234,-1.056412,0.7816468,-2.098852
RIPS,553.0316,-1.056428,0.7816779,-2.098993
RIPS,553.0397,-1.056368,0.7817561,-2.099246
RIPS,553.0486,-1.056305,0.781706,-2.09943
RIPS,553.0565,-1.05621,0.7816402,-2.099705
RIPS,553.0654,-1.056066,0.7815192,-2.099826
RIPS,553.0735,-1.056005,0.7814258,-2.09993
RIPS,553.0817,-1.05582,0.7810332,-2.099928
RIPS,553.0908,-1.055627,0.7807831,-2.09998
RIPS,553.099,-1.055488,0.7804707,-2.099949
RIPS,553.1074,-1.055337,0.7800395,-2.099972
RIPS,553.1165,-1.055298,0.7795268,-2.099969
RIPS,553.1253,-1.055264,0.779062,-2.099989
RIPS,553.1329,-1.055308,0.7786711,-2.099851
RIPS,553.1418,-1.055233,0.7783013,-2.099704
RIPS,553.1497,-1.055208,0.7779989,-2.099579
RIPS,553.1586,-1.055265,0.7777868,-2.099208
RIPS,553.1667,-1.05514,0.7777066,-2.099145
RIPS,553.1756,-1.05518,0.7777805,-2.09906
RIPS,553.1842,-1.055221,0.7781685,-2.099133
RIPS,553.1918,-1.055322,0.7788103,-2.099388
RIPS,553.2004,-1.055291,0.779406,-2.099824
RIPS,553.2095,-1.055319,0.7799693,-2.100397
RIPS,553.217,-1.05529,0.780432,-2.101027
RIPS,553.2257,-1.055298,0.7807804,-2.101681
RIPS,553.2335,-1.055317,0.7810307,-2.102243
RIPS,553.2421,-1.055382,0.7811791,-2.102514
RIPS,553.251,-1.055397,0.7813461,-2.102653
RIPS,553.2589,-1.05547,0.7814661,-2.102089
RIPS,553.2667,-1.055484,0.7816268,-2.101681
RIPS,553.2756,-1.05547,0.7816663,-2.101104
RIPS,553.2844,-1.055511,0.7817358,-2.100734
RIPS,553.2921,-1.055469,0.781808,-2.100576
RIPS,553.3002,-1.055564,0.7819475,-2.100632
RIPS,553.3088,-1.05567,0.7819768,-2.100875
RIPS,553.3177,-1.055743,0.7820853,-2.100993
RIPS,553.3259,-1.055821,0.7820013,-2.101228
RIPS,553.3339,-1.055939,0.7818926,-2.101319
RIPS,553.3423,-1.055947,0.7818073,-2.101261
RIPS,553.35,-1.05581,0.7816914,-2.100908
RIPS,553.3586,-1.055743,0.7814689,-2.100437
RIPS,553.3671,-1.055707,0.7813507,-2.100118
RIPS,553.3753,-1.055561,0.7812219,-2.099619
RIPS,553.3841,-1.055502,0.7811669,-2.099369
RIPS,553.3923,-1.055436,0.7811127,-2.099275
RIPS,553.4,-1.055323,0.7811359,-2.099413
RIPS,553.4089,-1.055297,0.7811131,-2.099422
RIPS,553.4166,-1.055323,0.7811143,-2.099485
RIPS,553.4254,-1.055398,0.7810858,-2.099768
RIPS,553.4335,-1.055458,0.7809573,-2.099818
RIPS,553.4422,-1.055517,0.7808154,-2.099932
RIPS,553.4508,-1.055465,0.7806484,-2.099838
RIPS,553.4587,-1.055321,0.7803856,-2.099618
RIPS,553.467,-1.0552,0.7802132,-2.099407
RIPS,553.4753,-1.055011,0.7800961,-2.099226
RIPS,553.484,-1.054766,0.7799761,-2.099139
RIPS,553.4927,-1.054668,0.7799141,-2.0991
RIPS,553.5002,-1.054704,0.7799872,-2.099137
RIPS,553.509,-1.054798,0.7799403,-2.099344
RIPS,553.5176,-1.055052,0.7798496,-2.099534
RIPS,553.5262,-1.055275,0.7794626,-2.09978
RIPS,553.5334,-1.05538,0.7790743,-2.100043
RIPS,553.5417,-1.055512,0.7787476,-2.10024
RIPS,553.55,-1.055513,0.77863,-2.100103
RIPS,553.5588,-1.055591,0.7786738,-2.099979
RIPS,553.5667,-1.055443,0.7786734,-2.099594
RIPS,553.5751,-1.055335,0.7785112,-2.099327
RIPS,553.5847,-1.055284,0.7781722,-2.099166
RIPS,553.592,-1.055379,0.7778388,-2.099095
RIPS,553.6004,-1.055555,0.7775632,-2.099347
RIPS,553.6087,-1.05585,0.777296,-2.099739
RIPS,553.6167,-1.056038,0.777143,-2.100126
RIPS,553.6252,-1.056185,0.7770917,-2.100375
RIPS,553.6333,-1.056275,0.7772293,-2.100622
RIPS,553.6422,-1.056356,0.7773846,-2.100677
RIPS,553.6511,-1.056448,0.777604,-2.100719
RIPS,553.6584,-1.056522,0.7777741,-2.100657
RIPS,553.667,-1.056592,0.7779617,-2.100698
RIPS,553.6755,-1.056628,0.778183,-2.100873
RIPS,553.6845,-1.056534,0.7783477,-2.101183
RIPS,553.6918,-1.056465,0.7786013,-2.101535
RIPS,553.7,-1.056332,0.7788985,-2.101841
RIPS,553.7087,-1.056086,0.7791766,-2.101979
RIPS,553.717,-1.055888,0.7795099,-2.101827
RIPS,553.7264,-1.055766,0.7797889,-2.101811
RIPS,553.7333,-1.055632,0.7799509,-2.101658
RIPS,553.7419,-1.055546,0.7801408,-2.101322
RIPS,553.7499,-1.05503,0.7802563,-2.101261
RIPS,553.7585,-1.054943,0.7804101,-2.101249
RIPS,553.767,-1.054837,0.7806179,-2.101259
RIPS,553.7753,-1.05484,0.7808374,-2.101271
RIPS,553.7842,-1.054873,0.7810527,-2.101344
RIPS,553.7917,-1.054732,0.7812585,-2.101221
RIPS,553.8003,-1.054878,0.78141,-2.101176
RIPS,553.809,-1.055076,0.7815455,-2.101119
RIPS,553.8166,-1.055231,0.7816906,-2.101099
RIPS,553.8253,-1.055429,0.7817834,-2.101187
RIPS,553.8337,-1.05543,0.7819121,-2.101337
RIPS,553.8419,-1.055472,0.7820175,-2.101397
RIPS,553.8512,-1.055515,0.7821514,-2.10136
RIPS,553.8586,-1.055401,0.7822402,-2.10121
RIPS,553.8666,-1.05532,0.7822646,-2.101178
RIPS,553.8751,-1.055246,0.7823842,-2.101179
RIPS,553.8845,-1.055173,0.7824358,-2.101193
RIPS,553.8919,-1.055133,0.782519,-2.101237
RIPS,553.9003,-1.055102,0.7826459,-2.101403
RIPS,553.9088,-1.055074,0.7826609,-2.101597
RIPS,553.9175,-1.055028,0.7825803,-2.101683
RIPS,553.926,-1.055228,0.7825063,-2.101574
RIPS,553.9338,-1.055244,0.7824836,-2.101454
RIPS,553.9419,-1.055294,0.7823024,-2.101357
RIPS,553.9499,-1.0554,0.7822182,-2.101184
RIPS,553.959,-1.055397,0.7821173,-2.101065
RIPS,553.9669,-1.055316,0.7819154,-2.101016
RIPS,553.9753,-1.055291,0.7816804,-2.101011
RIPS,553.9846,-1.055309,0.7814437,-2.10101
RIPS,553.9919,-1.055283,0.7812086,-2.10105
RIPS,554.0002,-1.055258,0.7810054,-2.10108
RIPS,554.0094,-1.055326,0.7807984,-2.101072
RIPS,554.0166,-1.05537,0.7805049,-2.100976
RIPS,554.0253,-1.055433,0.7801825,-2.100809
RIPS,554.0333,-1.055557,0.7797114,-2.100575
RIPS,554.0422,-1.05565,0.7794678,-2.100327
RIPS,554.051,-1.055627,0.7792655,-2.100142
RIPS,554.0588,-1.055597,0.7794567,-2.099954
RIPS,554.0668,-1.05561,0.7796584,-2.099795
RIPS,554.0753,-1.055557,0.7798108,-2.099778
RIPS,554.0842,-1.055533,0.7799004,-2.099836
RIPS,554.0919,-1.055582,0.7798371,-2.100005
RIPS,554.0999,-1.055635,0.7798296,-2.100266
RIPS,554.1088,-1.055804,0.7798946,-2.10066
RIPS,554.1179,-1.055941,0.7799882,-2.101016
RIPS,554.126,-1.055986,0.7800868,-2.101253
RIPS,554.1335,-1.055973,0.7801254,-2.10116
RIPS,554.1422,-1.055912,0.7801708,-2.10107
RIPS,554.1498,-1.055956,0.7802275,-2.100793
RIPS,554.1586,-1.055854,0.7803512,-2.100304
RIPS,554.167,-1.055736,0.7804922,-2.100036
RIPS,554.1754,-1.05573,0.7806727,-2.099862
RIPS,554.1842,-1.055773,0.7807891,-2.099907
RIPS,554.1917,-1.055772,0.7809617,-2.100143
RIPS,554.2017,-1.055807,0.7810968,-2.100382
RIPS,554.2136,-1.055808,0.7813517,-2.100732
RIPS,554.2232,-1.0558,0.7816378,-2.100822
RIPS,554.2336,-1.055804,0.781651,-2.100745
RIPS,554.242,-1.055793,0.7818328,-2.100106
RIPS,554.2501,-1.055786,0.781896,-2.099662
RIPS,554.2584,-1.055765,0.7820616,-2.099298
RIPS,554.267,-1.05572,0.7819358,-2.09896
RIPS,554.2753,-1.055589,0.7818734,-2.098796
RIPS,554.2844,-1.05555,0.7816829,-2.098705
RIPS,554.2919,-1.055495,0.7814872,-2.098572
RIPS,554.3004,-1.055372,0.7813548,-2.098518
RIPS,554.3083,-1.055363,0.7813016,-2.098471
RIPS,554.3178,-1.055423,0.7812387,-2.098372
RIPS,554.3259,-1.05558,0.781372,-2.09823
RIPS,554.3333,-1.055702,0.7815554,-2.098013
RIPS,554.3422,-1.055804,0.7816998,-2.097894
RIPS,554.3502,-1.055962,0.7817795,-2.097769
RIPS,554.3586,-1.055981,0.7818767,-2.097888
RIPS,554.3666,-1.055821,0.7819337,-2.098109
RIPS,554.3752,-1.055674,0.7819363,-2.098397
RIPS,554.384,-1.055568,0.7819069,-2.098591
RIPS,554.3917,-1.055499,0.7818043,-2.098664
RIPS,554.4003,-1.055541,0.7816253,-2.098566
RIPS,554.409,-1.05557,0.7815083,-2.098292
RIPS,554.4166,-1.055765,0.7813737,-2.097932
RIPS,554.4254,-1.055997,0.7813547,-2.0975
RIPS,554.4334,-1.056043,0.7813134,-2.09715
RIPS,554.4416,-1.056027,0.7811404,-2.096863
RIPS,554.4508,-1.055986,0.7809485,-2.096735
RIPS,554.4585,-1.055794,0.7807655,-2.096906
RIPS,554.4666,-1.055702,0.7806891,-2.097162
RIPS,554.4752,-1.055578,0.7806921,-2.09736
RIPS,554.4837,-1.055475,0.7807422,-2.097437
RIPS,554.4922,-1.055437,0.780695,-2.097262
RIPS,554.4999,-1.055394,0.7805589,-2.096889
RIPS,554.509,-1.055392,0.780439,-2.096263
RIPS,554.5173,-1.055382,0.7800906,-2.095543
RIPS,554.5262,-1.055365,0.7796,-2.095109
RIPS,554.5347,-1.055327,0.7790415,-2.094954
RIPS,554.5417,-1.055403,0.7784128,-2.095212
RIPS,554.55,-1.055433,0.7779936,-2.095767
RIPS,554.5584,-1.055468,0.7777803,-2.096415
RIPS,554.5669,-1.055508,0.7777417,-2.096943
RIPS,554.575,-1.055687,0.7778357,-2.096825
RIPS,554.5839,-1.055934,0.7778774,-2.096382
RIPS,554.5916,-1.05603,0.7779261,-2.095816
RIPS,554.6005,-1.056109,0.7778791,-2.095238
RIPS,554.6088,-1.056141,0.777762,-2.094957
RIPS,554.6165,-1.056116,0.7776471,-2.095215
RIPS,554.6257,-1.055995,0.7775037,-2.095501
RIPS,554.6338,-1.055846,0.7773866,-2.096695
RIPS,554.6423,-1.055705,0.7774343,-2.097331
RIPS,554.6503,-1.055447,0.7775655,-2.098186
RIPS,554.6582,-1.055299,0.7777504,-2.09861
RIPS,554.6666,-1.055295,0.777926,-2.098628
RIPS,554.6753,-1.055284,0.7780203,-2.09875
RIPS,554.6842,-1.055383,0.7781425,-2.098347
RIPS,554.6917,-1.055413,0.7782509,-2.098155
RIPS,554.7,-1.055461,0.7784284,-2.098029
RIPS,554.7083,-1.055504,0.7786286,-2.098126
RIPS,554.7177,-1.055462,0.7789205,-2.098299
RIPS,554.7261,-1.055439,0.7791209,-2.098504
RIPS,554.7333,-1.055415,0.7793667,-2.098659
RIPS,554.7421,-1.055289,0.7795626,-2.098682
RIPS,554.7498,-1.055254,0.7797226,-2.098685
RIPS,554.7585,-1.055201,0.7797874,-2.098522
RIPS,554.767,-1.055124,0.7799171,-2.098381
RIPS,554.7753,-1.055088,0.7799358,-2.098279
RIPS,554.784,-1.055097,0.7800682,-2.098233
RIPS,554.7919,-1.055081,0.7802277,-2.098159
RIPS,554.8,-1.054758,0.7803273,-2.097945
RIPS,554.8091,-1.054747,0.7804275,-2.097952
RIPS,554.8165,-1.054719,0.7805237,-2.097871
RIPS,554.8252,-1.054707,0.7806222,-2.097868
RIPS,554.8332,-1.054748,0.7808736,-2.097862
RIPS,554.8422,-1.054812,0.781114,-2.097966
RIPS,554.85,-1.054894,0.7813841,-2.098128
RIPS,554.8583,-1.05493,0.7815533,-2.09837
RIPS,554.8667,-1.054862,0.7816942,-2.098602
RIPS,554.8754,-1.054925,0.7817734,-2.098739
RIPS,554.884,-1.054857,0.7817954,-2.098827
RIPS,554.8919,-1.054778,0.7818377,-2.098942
RIPS,554.8998,-1.054711,0.7818884,-2.09906
RIPS,554.9085,-1.054595,0.7819461,-2.099165
RIPS,554.9172,-1.054426,0.7820251,-2.099226
RIPS,554.9257,-1.054352,0.7820866,-2.09922
RIPS,554.9336,-1.054323,0.7821723,-2.099319
RIPS,554.9418,-1.054365,0.7822211,-2.099315
RIPS,554.9497,-1.0544,0.7822663,-2.099433
RIPS,554.9587,-1.054393,0.7821502,-2.099458
RIPS,554.9666,-1.054372,0.7820424,-2.099497
RIPS,554.9751,-1.054331,0.7819501,-2.099508
RIPS,554.9837,-1.054264,0.7818205,-2.099416
RIPS,554.9919,-1.054193,0.781727,-2.099392
RIPS,554.9999,-1.054108,0.7816695,-2.099235
RIPS,555.0086,-1.054057,0.7816532,-2.099094
RIPS,555.0168,-1.054176,0.7815914,-2.098906
RIPS,555.0253,-1.054147,0.7816091,-2.098853
RIPS,555.0333,-1.054226,0.7814983,-2.098845
RIPS,555.0418,-1.054247,0.7813353,-2.098929
RIPS,555.0501,-1.054339,0.7812288,-2.099026
RIPS,555.0583,-1.054405,0.7810735,-2.099132
RIPS,555.0667,-1.054457,0.7808945,-2.099157
RIPS,555.075,-1.054444,0.780665,-2.09911
RIPS,555.0842,-1.054489,0.7804438,-2.099008
RIPS,555.0917,-1.054488,0.7802268,-2.098769
RIPS,555.1001,-1.054504,0.7800454,-2.0986
RIPS,555.1083,-1.05452,0.7797922,-2.098447
RIPS,555.1173,-1.054556,0.7797486,-2.098406
RIPS,555.1259,-1.05451,0.7794375,-2.098357
RIPS,555.1331,-1.054497,0.7793797,-2.09839
RIPS,555.1417,-1.054474,0.7791633,-2.098373
RIPS,555.1502,-1.054393,0.779106,-2.098417
RIPS,555.1583,-1.05431,0.7789244,-2.098405
RIPS,555.1664,-1.054282,0.7789628,-2.098507
RIPS,555.1752,-1.054293,0.779108,-2.098547
RIPS,555.184,-1.05434,0.7791026,-2.098512
RIPS,555.1918,-1.054481,0.7791657,-2.098604
RIPS,555.2,-1.054566,0.7793989,-2.098696
RIPS,555.2094,-1.0547,0.7795194,-2.098691
RIPS,555.2164,-1.054735,0.7796947,-2.098886
RIPS,555.2254,-1.054677,0.7798074,-2.098991
RIPS,555.2332,-1.054641,0.7799307,-2.099071
RIPS,555.2419,-1.054615,0.7800683,-2.09909
RIPS,555.2506,-1.054593,0.7802265,-2.099065
RIPS,555.2584,-1.054612,0.7803599,-2.098985
RIPS,555.2668,-1.054684,0.7805535,-2.099028
RIPS,555.2753,-1.054725,0.7807198,-2.098974
RIPS,555.2836,-1.054764,0.7809187,-2.098948
RIPS,555.2918,-1.054789,0.781055,-2.098868
RIPS,555.3,-1.054759,0.781281,-2.098818
RIPS,555.3086,-1.054798,0.7814377,-2.098714
RIPS,555.317,-1.054764,0.7815882,-2.098523
RIPS,555.3255,-1.054853,0.7816435,-2.098266
RIPS,555.3336,-1.054909,0.7816795,-2.098083
RIPS,555.3414,-1.055025,0.7815996,-2.09798
RIPS,555.3502,-1.055064,0.7815922,-2.097774
RIPS,555.3582,-1.055052,0.7816216,-2.097538
RIPS,555.3668,-1.055077,0.7816305,-2.097325
RIPS,555.3757,-1.054944,0.7817137,-2.097089
RIPS,555.3836,-1.054799,0.7817039,-2.096875
RIPS,555.3916,-1.054741,0.7816067,-2.09662
RIPS,555.4,-1.054655,0.781557,-2.096472
RIPS,555.4085,-1.054628,0.7815588,-2.096375
RIPS,555.4166,-1.054737,0.7815962,-2.09649
RIPS,555.425,-1.054864,0.7816848,-2.096548
RIPS,555.4334,-1.054935,0.7815846,-2.096532
RIPS,555.442,-1.05487,0.7814934,-2.096506
RIPS,555.4498,-1.054825,0.7814577,-2.096477
RIPS,555.4586,-1.054731,0.7813164,-2.096397
RIPS,555.4668,-1.054629,0.781311,-2.09632
RIPS,555.475,-1.054547,0.781346,-2.096219
RIPS,555.4836,-1.054592,0.7813965,-2.096054
RIPS,555.4919,-1.054659,0.7813584,-2.095913
RIPS,555.4998,-1.054816,0.7813746,-2.09587
RIPS,555.5082,-1.054955,0.7814299,-2.095783
RIPS,555.5172,-1.055034,0.7814949,-2.095741
RIPS,555.526,-1.055065,0.781462,-2.095666
RIPS,555.5334,-1.054983,0.7814026,-2.09563
RIPS,555.5417,-1.05486,0.7813624,-2.095618
RIPS,555.55,-1.054781,0.7813128,-2.095589
RIPS,555.558,-1.054704,0.781225,-2.095578
RIPS,555.5665,-1.054745,0.7811374,-2.095574
RIPS,555.5749,-1.054826,0.7810489,-2.095458
RIPS,555.5837,-1.05504,0.7810424,-2.095276
RIPS,555.5914,-1.055207,0.7809984,-2.095061
RIPS,555.5997,-1.055408,0.7808423,-2.094949
RIPS,555.6086,-1.055518,0.7804598,-2.094846
RIPS,555.6163,-1.055523,0.7800341,-2.094718
RIPS,555.6251,-1.055429,0.7795668,-2.094722
RIPS,555.6332,-1.055337,0.7792639,-2.094698
RIPS,555.6416,-1.055234,0.779102,-2.09462
RIPS,555.6503,-1.055161,0.7789757,-2.094424
RIPS,555.6581,-1.055156,0.7787138,-2.094128
RIPS,555.6666,-1.055201,0.7783675,-2.093675
RIPS,555.675,-1.055242,0.7779723,-2.09334
RIPS,555.684,-1.055286,0.7775453,-2.093096
RIPS,555.692,-1.055323,0.7772346,-2.093058
RIPS,555.6996,-1.055339,0.7771696,-2.093229
RIPS,555.7086,-1.055373,0.7771576,-2.093503
RIPS,555.7169,-1.055425,0.777065,-2.093888
RIPS,555.7256,-1.055488,0.7771271,-2.094269
RIPS,555.7331,-1.055566,0.7771872,-2.094566
RIPS,555.7416,-1.055733,0.7773678,-2.09475
RIPS,555.7495,-1.055847,0.7774832,-2.094878
RIPS,555.7582,-1.055974,0.7776601,-2.094947
RIPS,555.7662,-1.056103,0.7777492,-2.094859
RIPS,555.7754,-1.056097,0.7778642,-2.094801
RIPS,555.7836,-1.05606,0.7779487,-2.094897
RIPS,555.7917,-1.055884,0.7780123,-2.094964
RIPS,555.7999,-1.055727,0.7780788,-2.095215
RIPS,555.8086,-1.055579,0.7781957,-2.095302
RIPS,555.8163,-1.055445,0.7782162,-2.095342
RIPS,555.8248,-1.055277,0.7782809,-2.095327
RIPS,555.8334,-1.055162,0.7782452,-2.095237
RIPS,555.842,-1.05506,0.7782167,-2.095163
RIPS,555.8528,-1.054948,0.7782281,-2.095019
RIPS,555.8618,-1.054875,0.7783054,-2.094882
RIPS,555.8668,-1.054786,0.778353,-2.094797
RIPS,555.8727,-1.054802,0.7784563,-2.094713
RIPS,555.8815,-1.054847,0.7785255,-2.094681
RIPS,555.89,-1.054922,0.7786545,-2.094639
RIPS,555.9153,-1.055048,0.7787907,-2.094672
RIPS,555.9232,-1.055717,0.7788804,-2.094921
RIPS,555.9309,-1.055875,0.779196,-2.095274
RIPS,555.9393,-1.056007,0.7791862,-2.095256
RIPS,555.9477,-1.056123,0.7791475,-2.095228
RIPS,555.956,-1.056207,0.7790769,-2.095078
RIPS,555.9643,-1.05626,0.7789656,-2.094916
RIPS,555.9724,-1.056235,0.7789219,-2.094559
RIPS,555.9813,-1.056228,0.778812,-2.094376
RIPS,555.9893,-1.056131,0.7787292,-2.094229
RIPS,555.9977,-1.056128,0.7786031,-2.094265
RIPS,556.0068,-1.056112,0.7785183,-2.09433
RIPS,556.0143,-1.056067,0.7784076,-2.094419
RIPS,556.0225,-1.056165,0.7783415,-2.094486
RIPS,556.031,-1.056085,0.7783734,-2.094459
RIPS,556.0391,-1.056056,0.7783513,-2.094391
RIPS,556.0478,-1.056034,0.7783722,-2.094292
RIPS,556.0562,-1.055977,0.7784294,-2.094213
RIPS,556.0643,-1.05576,0.7784742,-2.094067
RIPS,556.0724,-1.055719,0.7785176,-2.0941
RIPS,556.0807,-1.055757,0.7784783,-2.094149
RIPS,556.0895,-1.055719,0.7784399,-2.09413
RIPS,556.0978,-1.055685,0.7783637,-2.094056
RIPS,556.1062,-1.055589,0.7783544,-2.09391
RIPS,556.1147,-1.055559,0.7782124,-2.093738
RIPS,556.1234,-1.055801,0.7781414,-2.093706
RIPS,556.1312,-1.055809,0.7780733,-2.09348
RIPS,556.1396,-1.055814,0.7780471,-2.093346
RIPS,556.1481,-1.055755,0.7780337,-2.093251
RIPS,556.1559,-1.055756,0.7780415,-2.09317
RIPS,556.1644,-1.055612,0.7780571,-2.093171
RIPS,556.1727,-1.055601,0.7780538,-2.093178
RIPS,556.1809,-1.055598,0.7780537,-2.093136
RIPS,556.1898,-1.055501,0.7780886,-2.093203
RIPS,556.1979,-1.055469,0.7780337,-2.09318
RIPS,556.2069,-1.055398,0.7780403,-2.0931
RIPS,556.2144,-1.055385,0.7780297,-2.09309
RIPS,556.2225,-1.055688,0.778057,-2.093223
RIPS,556.231,-1.055688,0.7780943,-2.093296
RIPS,556.2393,-1.055881,0.7781789,-2.093376
RIPS,556.2475,-1.055834,0.7781927,-2.093308
RIPS,556.2556,-1.055836,0.7783371,-2.093309
RIPS,556.2645,-1.055854,0.7783592,-2.093179
RIPS,556.2726,-1.055807,0.778394,-2.093076
RIPS,556.2806,-1.055788,0.7783793,-2.093017
RIPS,556.2893,-1.05553,0.7783729,-2.092907
RIPS,556.2977,-1.055419,0.7782223,-2.0928
RIPS,556.3059,-1.05545,0.7781728,-2.092853
RIPS,556.3143,-1.055778,0.7780348,-2.092992
RIPS,556.3226,-1.055761,0.7779612,-2.093076
RIPS,556.3312,-1.05577,0.7778983,-2.093124
RIPS,556.339,-1.055935,0.7778751,-2.093127
RIPS,556.348,-1.055931,0.7777853,-2.09303
RIPS,556.3558,-1.055895,0.7778108,-2.092911
RIPS,556.3652,-1.055885,0.7777796,-2.092772
RIPS,556.3726,-1.055843,0.7777811,-2.09267
RIPS,556.3809,-1.055573,0.7778203,-2.092593
RIPS,556.3898,-1.05555,0.7779306,-2.092623
RIPS,556.3995,-1.055327,0.7779376,-2.092701
RIPS,556.4069,-1.0553,0.7780417,-2.092806
RIPS,556.4166,-1.055208,0.7780333,-2.092839
RIPS,556.4247,-1.055194,0.7780876,-2.092936
RIPS,556.4332,-1.055209,0.7781574,-2.092951
RIPS,556.4417,-1.055534,0.7781789,-2.092913
RIPS,556.4496,-1.055586,0.7782719,-2.09283
RIPS,556.4585,-1.055756,0.778264,-2.09264
RIPS,556.4698,-1.055863,0.7782943,-2.092592
RIPS,556.4788,-1.055929,0.7783141,-2.092645
RIPS,556.4849,-1.056093,0.7782766,-2.092836
RIPS,556.4913,-1.056142,0.7782464,-2.092816
RIPS,556.4974,-1.055802,0.7782327,-2.092839
RIPS,556.5056,-1.055913,0.7782445,-2.092995
RIPS,556.5143,-1.056005,0.778247,-2.093084
RIPS,556.523,-1.056233,0.7783055,-2.093132
RIPS,556.5313,-1.056306,0.7782733,-2.093029
RIPS,556.5404,-1.056376,0.7783323,-2.092885
RIPS,556.5475,-1.056432,0.7782473,-2.092847
RIPS,556.556,-1.056454,0.7781475,-2.092831
RIPS,556.5651,-1.056951,0.7780436,-2.092959
RIPS,556.5726,-1.056972,0.777976,-2.093053
RIPS,556.5808,-1.057245,0.7778821,-2.093267
RIPS,556.5891,-1.057262,0.7778862,-2.093368
RIPS,556.5983,-1.057348,0.777792,-2.093429
RIPS,556.6064,-1.057367,0.7778436,-2.093434
RIPS,556.6144,-1.057354,0.7778578,-2.093409
RIPS,556.6223,-1.05729,0.7778918,-2.093405
RIPS,556.6307,-1.057316,0.7779341,-2.093419
RIPS,556.639,-1.057502,0.7779735,-2.093539
RIPS,556.6475,-1.057537,0.7779918,-2.093588
RIPS,556.6558,-1.057568,0.7779651,-2.093634
RIPS,556.6647,-1.057652,0.7779868,-2.093729
RIPS,556.6723,-1.057749,0.7779312,-2.093791
RIPS,556.6808,-1.058058,0.7778177,-2.093976
RIPS,556.6892,-1.058082,0.7777836,-2.09395
RIPS,556.6975,-1.057884,0.7777529,-2.093899
RIPS,556.7055,-1.057854,0.7777529,-2.093827
RIPS,556.7143,-1.057831,0.7778563,-2.093796
RIPS,556.7227,-1.057754,0.7779011,-2.093765
RIPS,556.731,-1.057702,0.7780158,-2.093753
RIPS,556.7393,-1.057498,0.7781606,-2.093603
RIPS,556.7473,-1.057488,0.7782155,-2.093628
RIPS,556.756,-1.057695,0.7781993,-2.093722
RIPS,556.7656,-1.057637,0.7782105,-2.093752
RIPS,556.7729,-1.057575,0.7781661,-2.093715
RIPS,556.781,-1.05778,0.7779501,-2.093734
RIPS,556.7899,-1.057702,0.7779574,-2.093576
RIPS,556.7983,-1.057702,0.7779795,-2.093513
RIPS,556.8072,-1.057683,0.7780273,-2.093383
RIPS,556.8152,-1.057371,0.7780795,-2.093261
RIPS,556.8235,-1.057375,0.7780721,-2.093257
RIPS,556.8319,-1.057383,0.7780388,-2.09331
RIPS,556.841,-1.056946,0.7781439,-2.09324
RIPS,556.8491,-1.056953,0.7781228,-2.093302
RIPS,556.8578,-1.057065,0.7780151,-2.093343
RIPS,556.8665,-1.057043,0.777956,-2.093241
RIPS,556.8744,-1.057046,0.7778704,-2.093038
RIPS,556.8836,-1.057031,0.7778264,-2.0928
RIPS,556.8914,-1.057025,0.7777696,-2.092667
RIPS,556.8995,-1.056862,0.7778521,-2.092522
RIPS,556.9078,-1.056915,0.7778733,-2.092647
RIPS,556.9162,-1.056966,0.7779175,-2.092647
RIPS,556.9246,-1.056987,0.7779236,-2.092827
RIPS,556.9335,-1.057023,0.7780225,-2.092853
RIPS,556.9413,-1.056698,0.7780551,-2.092649
RIPS,556.9495,-1.056675,0.7780685,-2.092525
RIPS,556.9579,-1.056841,0.7781312,-2.092429
RIPS,556.9667,-1.056864,0.7781662,-2.092319
RIPS,556.9747,-1.056888,0.7780421,-2.092195
RIPS,556.9828,-1.056943,0.7780426,-2.092132
RIPS,556.9915,-1.057014,0.7780889,-2.092192
RIPS,556.9998,-1.057139,0.7781634,-2.092231
RIPS,557.0084,-1.057248,0.7782054,-2.09232
RIPS,557.0164,-1.057459,0.7783344,-2.092285
RIPS,557.0247,-1.057574,0.7783589,-2.092242
RIPS,557.0328,-1.057688,0.7783636,-2.092046
RIPS,557.0414,-1.057827,0.77841,-2.09186
RIPS,557.0496,-1.057893,0.7783803,-2.091684
RIPS,557.0579,-1.057873,0.7782097,-2.091647
RIPS,557.0671,-1.05793,0.7781229,-2.091596
RIPS,557.0775,-1.05798,0.7779887,-2.091524
RIPS,557.0873,-1.057878,0.7779206,-2.091604
RIPS,557.0928,-1.058047,0.7778873,-2.091763
RIPS,557.098,-1.058129,0.7778464,-2.09172
RIPS,557.1057,-1.058329,0.7778258,-2.091789
RIPS,557.1143,-1.058504,0.7778401,-2.091794
RIPS,557.1223,-1.058785,0.7777714,-2.091802
RIPS,557.1307,-1.058924,0.7777222,-2.091787
RIPS,557.139,-1.058928,0.7776657,-2.091683
RIPS,557.1472,-1.059025,0.7776002,-2.091704
RIPS,557.1556,-1.059036,0.777415,-2.091795
RIPS,557.1651,-1.059118,0.7773762,-2.091867
RIPS,557.1722,-1.059183,0.7773433,-2.091953
RIPS,557.1807,-1.059193,0.7773565,-2.092034
RIPS,557.189,-1.059272,0.7773112,-2.092082
RIPS,557.1978,-1.05926,0.7773191,-2.091985
RIPS,557.2074,-1.059308,0.7772851,-2.091957
RIPS,557.2141,-1.059285,0.7773237,-2.091908
RIPS,557.2225,-1.059265,0.7773132,-2.091891
RIPS,557.2306,-1.059242,0.7773356,-2.09189
RIPS,557.2389,-1.059179,0.7773373,-2.091799
RIPS,557.2475,-1.059187,0.7773363,-2.091791
RIPS,557.2556,-1.059109,0.7772982,-2.091725
RIPS,557.2644,-1.059164,0.777346,-2.091736
RIPS,557.2726,-1.059193,0.7773694,-2.091794
RIPS,557.2803,-1.059324,0.7773948,-2.091887
RIPS,557.2892,-1.059354,0.7774932,-2.091891
RIPS,557.2973,-1.059222,0.7774903,-2.091853
RIPS,557.3055,-1.059247,0.7774742,-2.091799
RIPS,557.3141,-1.05926,0.7775003,-2.091737
RIPS,557.3221,-1.059186,0.7774876,-2.091708
RIPS,557.331,-1.059158,0.777392,-2.091581
RIPS,557.3387,-1.058887,0.7774532,-2.091298
RIPS,557.3472,-1.058872,0.7774251,-2.091215
RIPS,557.3556,-1.058841,0.7774315,-2.091189
RIPS,557.3649,-1.058827,0.7773691,-2.091142
RIPS,557.3727,-1.058726,0.777407,-2.091012
RIPS,557.3807,-1.058693,0.7774407,-2.090945
RIPS,557.389,-1.058627,0.7774909,-2.090818
RIPS,557.3983,-1.058582,0.7775015,-2.090708
RIPS,557.4064,-1.058504,0.7774941,-2.09058
RIPS,557.4149,-1.058292,0.7775287,-2.090566
RIPS,557.423,-1.058225,0.7775071,-2.09051
RIPS,557.432,-1.058192,0.7774436,-2.090466
RIPS,557.4404,-1.058207,0.777478,-2.090521
RIPS,557.4488,-1.058176,0.7775123,-2.090524
RIPS,557.4576,-1.05789,0.777541,-2.090382
RIPS,557.4662,-1.057841,0.7774802,-2.090316
RIPS,557.4741,-1.057885,0.7774188,-2.090249
RIPS,557.4834,-1.057859,0.7773451,-2.090202
RIPS,557.4913,-1.05783,0.777422,-2.0902
RIPS,557.4994,-1.057571,0.7774352,-2.09016
RIPS,557.5077,-1.057537,0.7774745,-2.09016
RIPS,557.5163,-1.057471,0.7774213,-2.090143
RIPS,557.5249,-1.057425,0.7774222,-2.090141
RIPS,557.5332,-1.057463,0.7773523,-2.090066
RIPS,557.5414,-1.057378,0.7773252,-2.089906
RIPS,557.5495,-1.057349,0.7773454,-2.089907
RIPS,557.5577,-1.057549,0.7773524,-2.09002
RIPS,557.5668,-1.057532,0.7773548,-2.090073
RIPS,557.5748,-1.057492,0.7774743,-2.090106
RIPS,557.5829,-1.057456,0.777483,-2.090227
RIPS,557.5912,-1.057421,0.7775388,-2.090237
RIPS,557.5997,-1.057384,0.7775151,-2.090189
RIPS,557.6083,-1.057364,0.7775428,-2.09017
RIPS,557.6162,-1.057412,0.7774048,-2.090063
RIPS,557.6245,-1.057425,0.7774069,-2.09001
RIPS,557.6326,-1.057584,0.7772741,-2.090037
RIPS,557.6418,-1.057602,0.7772534,-2.090018
RIPS,557.6495,-1.057594,0.7772037,-2.090023
RIPS,557.6577,-1.057388,0.7772672,-2.090137
RIPS,557.6664,-1.057342,0.7772581,-2.090138
RIPS,557.6746,-1.057166,0.7773458,-2.090117
RIPS,557.6834,-1.057112,0.7772896,-2.090075
RIPS,557.6915,-1.057106,0.7772671,-2.09004
RIPS,557.6992,-1.057108,0.7772379,-2.089959
RIPS,557.7079,-1.057086,0.7772341,-2.089907
RIPS,557.716,-1.057455,0.7770798,-2.090042
RIPS,557.7246,-1.057434,0.7770984,-2.090064
RIPS,557.7331,-1.05725,0.7770323,-2.090098
RIPS,557.7413,-1.057229,0.7770119,-2.090101
RIPS,557.7493,-1.057186,0.7770326,-2.090094
RIPS,557.7578,-1.057025,0.7770879,-2.090086
RIPS,557.7667,-1.056995,0.7771181,-2.090066
RIPS,557.7744,-1.056956,0.7772807,-2.090085
RIPS,557.7826,-1.056694,0.7772875,-2.089957
RIPS,557.791,-1.056675,0.7773024,-2.089958
RIPS,557.7998,-1.056654,0.7772733,-2.089851
RIPS,557.808,-1.056644,0.7772655,-2.089863
RIPS,557.8162,-1.056501,0.7771345,-2.08971
RIPS,557.8245,-1.056493,0.7771355,-2.089694
RIPS,557.833,-1.056524,0.7770871,-2.089602
RIPS,557.8414,-1.056519,0.7770655,-2.08955
RIPS,557.8494,-1.056504,0.7770827,-2.089497
RIPS,557.8576,-1.056514,0.7771285,-2.089532
RIPS,557.8663,-1.05651,0.7771786,-2.089497
RIPS,557.8744,-1.056514,0.7772222,-2.089488
RIPS,557.8836,-1.056512,0.7772384,-2.089594
RIPS,557.8912,-1.05648,0.7772591,-2.089602
RIPS,557.8993,-1.056694,0.7772342,-2.089631
RIPS,557.908,-1.056658,0.7772487,-2.089647
RIPS,557.9161,-1.056849,0.7772036,-2.0896
RIPS,557.9244,-1.056814,0.7772026,-2.089535
RIPS,557.9336,-1.056761,0.7771885,-2.089444
RIPS,557.9412,-1.057041,0.7771442,-2.089507
RIPS,557.9494,-1.056972,0.7771739,-2.089457
RIPS,557.9578,-1.056821,0.7771848,-2.089515
RIPS,557.9667,-1.056806,0.7771747,-2.089627
RIPS,557.9745,-1.056769,0.7771699,-2.089537
RIPS,557.9825,-1.056766,0.7771646,-2.089559
RIPS,557.9919,-1.056758,0.7771826,-2.089528
RIPS,558.0034,-1.056926,0.7771547,-2.089526
RIPS,558.0135,-1.056956,0.7771986,-2.089408
RIPS,558.0225,-1.056953,0.7771351,-2.089407
RIPS,558.0305,-1.056953,0.777214,-2.089387
RIPS,558.0392,-1.056912,0.7772361,-2.089391
RIPS,558.0473,-1.056911,0.7772423,-2.089435
RIPS,558.0556,-1.056922,0.7773036,-2.08947
RIPS,558.0641,-1.056876,0.7772864,-2.089485
RIPS,558.0719,-1.056871,0.7773349,-2.089333
RIPS,558.0807,-1.056794,0.7773128,-2.089212
RIPS,558.0893,-1.05676,0.7772692,-2.089165
RIPS,558.0972,-1.05674,0.777289,-2.089071
RIPS,558.1053,-1.056707,0.777364,-2.089083
RIPS,558.1141,-1.056757,0.7774841,-2.08916
RIPS,558.1223,-1.056724,0.7775726,-2.08926
RIPS,558.1308,-1.056989,0.7775638,-2.089316
RIPS,558.139,-1.056949,0.7776045,-2.089326
RIPS,558.1476,-1.056857,0.7776477,-2.089261
RIPS,558.1556,-1.056915,0.777738,-2.089287
RIPS,558.1648,-1.056808,0.7777368,-2.089168
RIPS,558.1721,-1.056728,0.7777947,-2.089073
RIPS,558.1808,-1.056637,0.7778459,-2.088926
RIPS,558.1892,-1.056597,0.7778937,-2.088854
RIPS,558.2001,-1.056547,0.778039,-2.088791
RIPS,558.2078,-1.056511,0.7782528,-2.088726
RIPS,558.2139,-1.056656,0.778416,-2.088785
RIPS,558.2223,-1.056602,0.7786949,-2.088698
RIPS,558.2303,-1.056541,0.7790417,-2.08862
RIPS,558.2388,-1.056554,0.7794894,-2.088672
RIPS,558.2473,-1.056451,0.7798779,-2.088621
RIPS,558.2554,-1.05645,0.7804537,-2.088641
RIPS,558.2643,-1.056362,0.7809878,-2.088619
RIPS,558.2725,-1.056429,0.7816107,-2.088571
RIPS,558.2807,-1.056356,0.7823051,-2.08842
RIPS,558.2892,-1.056216,0.7829331,-2.088037
RIPS,558.2972,-1.056107,0.7835057,-2.087767
RIPS,558.3055,-1.055997,0.7840725,-2.087431
RIPS,558.3138,-1.055807,0.784606,-2.087097
RIPS,558.3221,-1.055673,0.7851223,-2.08688
RIPS,558.3311,-1.055375,0.7855661,-2.086654
RIPS,558.3391,-1.055251,0.7860895,-2.086498
RIPS,558.3472,-1.055073,0.7863476,-2.086323
RIPS,558.3555,-1.054885,0.7866086,-2.086115
RIPS,558.3651,-1.054663,0.7866946,-2.085792
RIPS,558.3724,-1.054627,0.7867054,-2.085453
RIPS,558.3811,-1.054403,0.786528,-2.084992
RIPS,558.3897,-1.054309,0.7861583,-2.084524
RIPS,558.3989,-1.054068,0.7857738,-2.084043
RIPS,558.4069,-1.0538,0.785156,-2.083552
RIPS,558.416,-1.053599,0.7846642,-2.083108
RIPS,558.424,-1.05331,0.7841237,-2.082704
RIPS,558.4323,-1.052972,0.783775,-2.082184
RIPS,558.4413,-1.052728,0.7833819,-2.081777
RIPS,558.4493,-1.05268,0.7831853,-2.08131
RIPS,558.4583,-1.052472,0.7829642,-2.080851
RIPS,558.4666,-1.052279,0.7828096,-2.080341
RIPS,558.4745,-1.052163,0.7824703,-2.079922
RIPS,558.4832,-1.051866,0.7819924,-2.079412
RIPS,558.4916,-1.051577,0.7814327,-2.079084
RIPS,558.4993,-1.051266,0.7808937,-2.078643
RIPS,558.5077,-1.050917,0.7804944,-2.078253
RIPS,558.5163,-1.050669,0.7802007,-2.078041
RIPS,558.5246,-1.050277,0.7800344,-2.077731
RIPS,558.5331,-1.049839,0.780166,-2.077386
RIPS,558.5413,-1.049403,0.7801028,-2.076921
RIPS,558.5496,-1.049193,0.7800418,-2.076627
RIPS,558.5583,-1.048747,0.7797845,-2.076135
RIPS,558.5666,-1.048293,0.7794389,-2.075617
RIPS,558.5743,-1.047954,0.7791288,-2.075123
RIPS,558.5826,-1.04749,0.7788156,-2.074519
RIPS,558.5912,-1.04736,0.7785953,-2.074059
RIPS,558.5999,-1.046943,0.7784076,-2.073527
RIPS,558.6081,-1.046495,0.7781892,-2.07301
RIPS,558.6164,-1.046107,0.7779845,-2.072522
RIPS,558.6241,-1.04566,0.7776043,-2.071964
RIPS,558.6323,-1.045279,0.7772887,-2.071403
RIPS,558.6409,-1.044736,0.7767841,-2.070746
RIPS,558.6495,-1.044324,0.7763719,-2.070132
RIPS,558.6574,-1.043746,0.7759466,-2.069452
RIPS,558.6663,-1.043143,0.7754894,-2.068585
RIPS,558.6746,-1.042351,0.7749593,-2.06776
RIPS,558.6834,-1.041801,0.7745501,-2.067133
RIPS,558.6915,-1.041326,0.7737188,-2.067513
RIPS,558.6995,-1.040648,0.7737572,-2.066101
RIPS,558.708,-1.040085,0.7735766,-2.065737
RIPS,558.7159,-1.039338,0.7734586,-2.065417
RIPS,558.7248,-1.038709,0.7732672,-2.06509
RIPS,558.7332,-1.03787,0.772975,-2.064623
RIPS,558.7411,-1.037216,0.7726093,-2.064095
RIPS,558.7493,-1.036567,0.7713601,-2.066417
RIPS,558.7576,-1.035926,0.7710004,-2.067362
RIPS,558.767,-1.035272,0.7708976,-2.067962
RIPS,558.7744,-1.03487,0.771028,-2.068373
RIPS,558.7825,-1.03423,0.7710592,-2.068271
RIPS,558.791,-1.033426,0.7710007,-2.068021
RIPS,558.7998,-1.032725,0.7709089,-2.067662
RIPS,558.808,-1.032103,0.7707208,-2.067353
RIPS,558.816,-1.031377,0.7703518,-2.066876
RIPS,558.8242,-1.030829,0.7697734,-2.066331
RIPS,558.8327,-1.030237,0.769414,-2.066089
RIPS,558.8411,-1.029763,0.7690084,-2.06584
RIPS,558.8494,-1.029217,0.7687103,-2.065727
RIPS,558.8578,-1.028716,0.7686633,-2.065932
RIPS,558.8666,-1.028173,0.7686289,-2.066
RIPS,558.874,-1.027592,0.7685944,-2.065938
RIPS,558.8829,-1.027101,0.7686807,-2.066009
RIPS,558.8913,-1.026518,0.768639,-2.065818
RIPS,558.8995,-1.026063,0.7686505,-2.065845
RIPS,558.9078,-1.025386,0.7683111,-2.065699
RIPS,558.9161,-1.024924,0.7682017,-2.065678
RIPS,558.9243,-1.024477,0.7677224,-2.065886
RIPS,558.933,-1.023903,0.7672266,-2.066065
RIPS,558.9411,-1.02361,0.766486,-2.066311
RIPS,558.9495,-1.023586,0.7663628,-2.066616
RIPS,558.9575,-1.023305,0.7662666,-2.066724
RIPS,558.9668,-1.022995,0.7663814,-2.066813
RIPS,558.9742,-1.022798,0.7666805,-2.066903
RIPS,558.9824,-1.022481,0.7668846,-2.06705
RIPS,558.9912,-1.022173,0.7668319,-2.067147
RIPS,558.9996,-1.021851,0.7665827,-2.067276
RIPS,559.0082,-1.021577,0.7663721,-2.067409
RIPS,559.0163,-1.021159,0.7660148,-2.0676
RIPS,559.0243,-1.020836,0.765458,-2.067764
RIPS,559.0328,-1.020845,0.7654064,-2.068229
RIPS,559.041,-1.02053,0.7652619,-2.068309
RIPS,559.0494,-1.020246,0.7653958,-2.06835
RIPS,559.0574,-1.020217,0.7659644,-2.06856
RIPS,559.0664,-1.019991,0.7661548,-2.068588
RIPS,559.0744,-1.019784,0.7661575,-2.068526
RIPS,559.0827,-1.019467,0.7660674,-2.068606
RIPS,559.0914,-1.019196,0.7661164,-2.068736
RIPS,559.0992,-1.018951,0.7659448,-2.068771
RIPS,559.1075,-1.018771,0.7650588,-2.068897
RIPS,559.1161,-1.018582,0.7645894,-2.069042
RIPS,559.1241,-1.018394,0.7642171,-2.069118
RIPS,559.1331,-1.018281,0.7640792,-2.069453
RIPS,559.1408,-1.018109,0.7640615,-2.069583
RIPS,559.1495,-1.018354,0.7643377,-2.069899
RIPS,559.1578,-1.018139,0.7642844,-2.06989
RIPS,559.1665,-1.018201,0.7639405,-2.070999
RIPS,559.1745,-1.018295,0.7636594,-2.071647
RIPS,559.1824,-1.018184,0.7634092,-2.071889
RIPS,559.1912,-1.018391,0.763344,-2.072744
RIPS,559.2004,-1.018293,0.7629476,-2.073092
RIPS,559.2084,-1.018245,0.7625559,-2.073641
RIPS,559.2161,-1.018663,0.7625935,-2.074623
RIPS,559.2252,-1.018632,0.7625235,-2.075138
RIPS,559.2326,-1.018669,0.7624868,-2.075476
RIPS,559.2408,-1.018603,0.7626659,-2.07584
RIPS,559.2491,-1.018735,0.7627237,-2.076324
RIPS,559.2573,-1.018608,0.7626257,-2.076535
RIPS,559.2668,-1.018455,0.7624516,-2.076697
RIPS,559.2745,-1.017923,0.7622288,-2.076675
RIPS,559.283,-1.017707,0.7619625,-2.076775
RIPS,559.2911,-1.01739,0.7616919,-2.076717
RIPS,559.2993,-1.017267,0.7615216,-2.076711
RIPS,559.3076,-1.016998,0.7612334,-2.076616
RIPS,559.3159,-1.016879,0.7611563,-2.076784
RIPS,559.3244,-1.016797,0.7610664,-2.076988
RIPS,559.3329,-1.01656,0.760694,-2.077038
RIPS,559.3407,-1.016434,0.7606439,-2.077181
RIPS,559.3495,-1.016009,0.7602203,-2.076948
RIPS,559.3575,-1.015886,0.7602059,-2.076905
RIPS,559.3666,-1.015358,0.7599657,-2.076622
RIPS,559.3744,-1.015254,0.7600355,-2.076614
RIPS,559.3826,-1.015212,0.7600656,-2.076728
RIPS,559.391,-1.014619,0.7599528,-2.076604
RIPS,559.3999,-1.014595,0.7598743,-2.07677
RIPS,559.4076,-1.014589,0.7597403,-2.076945
RIPS,559.416,-1.014437,0.7594225,-2.077133
RIPS,559.424,-1.014392,0.7592807,-2.07728
RIPS,559.4329,-1.014463,0.7591759,-2.077484
RIPS,559.4407,-1.014454,0.7588877,-2.077969
RIPS,559.449,-1.01468,0.7582447,-2.0794
RIPS,559.4578,-1.014791,0.7578446,-2.0803
RIPS,559.4661,-1.014769,0.7573453,-2.080888
RIPS,559.4742,-1.014936,0.7570577,-2.081889
RIPS,559.4831,-1.015038,0.7568018,-2.082628
RIPS,559.491,-1.015085,0.7566047,-2.083093
RIPS,559.4991,-1.015117,0.7563334,-2.083539
RIPS,559.5078,-1.015119,0.7560676,-2.084009
RIPS,559.5156,-1.015234,0.7557287,-2.084396
RIPS,559.5245,-1.015279,0.755328,-2.084722
RIPS,559.533,-1.015501,0.7550253,-2.085141
RIPS,559.5411,-1.015461,0.7546624,-2.085183
RIPS,559.5491,-1.015139,0.7543353,-2.085213
RIPS,559.558,-1.01516,0.754206,-2.085395
RIPS,559.5668,-1.015204,0.7541453,-2.08563
RIPS,559.5742,-1.015315,0.7543551,-2.086199
RIPS,559.5827,-1.01534,0.7543207,-2.086472
RIPS,559.5906,-1.015294,0.7542837,-2.086702
RIPS,559.5994,-1.015215,0.7540715,-2.087049
RIPS,559.6079,-1.015172,0.7537978,-2.087404
RIPS,559.6158,-1.015093,0.753382,-2.087502
RIPS,559.6243,-1.015001,0.7530414,-2.087761
RIPS,559.6324,-1.014927,0.7527307,-2.088161
RIPS,559.6409,-1.014844,0.7523506,-2.088543
RIPS,559.6493,-1.014919,0.7521085,-2.089001
RIPS,559.6574,-1.0149,0.7517239,-2.089506
RIPS,559.666,-1.014739,0.7511894,-2.089891
RIPS,559.6745,-1.014522,0.7507223,-2.090219
RIPS,559.683,-1.014544,0.750448,-2.090762
RIPS,559.691,-1.014091,0.7499526,-2.09094
RIPS,559.6993,-1.01402,0.74971,-2.091297
RIPS,559.7076,-1.01392,0.7494727,-2.091598
RIPS,559.7159,-1.013964,0.7492008,-2.092126
RIPS,559.7242,-1.013958,0.7488776,-2.092587
RIPS,559.7329,-1.013613,0.7481207,-2.092679
RIPS,559.7408,-1.013642,0.7477943,-2.093121
RIPS,559.7494,-1.013695,0.7475061,-2.093368
RIPS,559.7574,-1.013763,0.7472637,-2.093777
RIPS,559.7666,-1.01365,0.7470275,-2.094117
RIPS,559.7742,-1.013663,0.7468164,-2.094396
RIPS,559.7825,-1.013579,0.7464964,-2.094627
RIPS,559.7908,-1.013427,0.7462217,-2.095064
RIPS,559.7997,-1.013386,0.7460824,-2.095576
RIPS,559.8078,-1.013396,0.7457832,-2.096042
RIPS,559.816,-1.013219,0.7454597,-2.096388
RIPS,559.824,-1.013064,0.7451974,-2.096715
RIPS,559.8322,-1.013065,0.7449551,-2.09707
RIPS,559.841,-1.012978,0.7447196,-2.097362
RIPS,559.8489,-1.012902,0.7445161,-2.097581
RIPS,559.8572,-1.012987,0.7443725,-2.097866
RIPS,559.8665,-1.012983,0.7441858,-2.098211
RIPS,559.874,-1.012975,0.7440003,-2.098586
RIPS,559.8828,-1.012882,0.7437906,-2.098866
RIPS,559.8911,-1.013007,0.7436049,-2.099203
RIPS,559.8992,-1.012845,0.7433687,-2.099349
RIPS,559.9073,-1.01272,0.7430668,-2.099563
RIPS,559.9155,-1.012632,0.7426072,-2.099726
RIPS,559.924,-1.012524,0.7422502,-2.099966
RIPS,559.9329,-1.012476,0.7419554,-2.100257
RIPS,559.941,-1.012449,0.7416467,-2.100567
RIPS,559.9492,-1.012486,0.7414732,-2.100813
RIPS,559.9576,-1.012506,0.7412787,-2.101116
RIPS,559.9664,-1.012521,0.7412005,-2.101445
RIPS,559.9743,-1.012436,0.7410237,-2.101714
RIPS,559.9825,-1.012462,0.7407976,-2.101886
RIPS,559.9911,-1.012295,0.7405345,-2.101973
RIPS,559.9993,-1.012209,0.7404011,-2.102021
RIPS,560.0076,-1.012165,0.7403377,-2.102145
RIPS,560.0157,-1.012158,0.7403859,-2.102179
RIPS,560.0245,-1.012138,0.7403014,-2.102326
RIPS,560.0321,-1.012078,0.7402263,-2.102508
RIPS,560.0411,-1.012045,0.7401665,-2.102725
RIPS,560.0488,-1.011932,0.7401173,-2.102995
RIPS,560.0574,-1.011865,0.7398952,-2.103136
RIPS,560.066,-1.011818,0.739689,-2.103245
RIPS,560.0742,-1.011695,0.7394423,-2.103261
RIPS,560.0828,-1.011782,0.7392175,-2.103192
RIPS,560.0909,-1.011716,0.7391164,-2.103214
RIPS,560.099,-1.011652,0.7390925,-2.103253
RIPS,560.1074,-1.011718,0.7391592,-2.103225
RIPS,560.1157,-1.011718,0.7391472,-2.10334
RIPS,560.1238,-1.011635,0.7391776,-2.103415
RIPS,560.1331,-1.011611,0.7391235,-2.103486
RIPS,560.1406,-1.011638,0.7390285,-2.103602
RIPS,560.1494,-1.011624,0.7391341,-2.103848
RIPS,560.1574,-1.011644,0.7390198,-2.103976
RIPS,560.1661,-1.011617,0.7389064,-2.104035
RIPS,560.1746,-1.011566,0.7386686,-2.10407
RIPS,560.1824,-1.011439,0.7385163,-2.104089
RIPS,560.1907,-1.011331,0.7384068,-2.10412
RIPS,560.2088,-1.011346,0.7384586,-2.104235
RIPS,560.2197,-1.011157,0.7385924,-2.104298
RIPS,560.2304,-1.011084,0.7388891,-2.104387
RIPS,560.2408,-1.011003,0.7389007,-2.104347
RIPS,560.2487,-1.010964,0.7391225,-2.104361
RIPS,560.2576,-1.010853,0.7391556,-2.104234
RIPS,560.2661,-1.010759,0.7389638,-2.10423
RIPS,560.2744,-1.01061,0.7389331,-2.104149
RIPS,560.2828,-1.010483,0.738906,-2.104018
RIPS,560.2911,-1.010342,0.7388947,-2.103869
RIPS,560.2987,-1.010158,0.7389109,-2.103649
RIPS,560.3077,-1.010052,0.739131,-2.103404
RIPS,560.3157,-1.009959,0.7393024,-2.103315
RIPS,560.3242,-1.00995,0.7395384,-2.10335
RIPS,560.3323,-1.009873,0.7397058,-2.10331
RIPS,560.3409,-1.009854,0.7398098,-2.103223
RIPS,560.3491,-1.009829,0.7398362,-2.103157
RIPS,560.3574,-1.009882,0.7398932,-2.103102
RIPS,560.3664,-1.009911,0.7399035,-2.103173
RIPS,560.3738,-1.009949,0.739945,-2.103129
RIPS,560.3825,-1.009939,0.7400324,-2.103126
RIPS,560.3908,-1.009991,0.7401404,-2.102992
RIPS,560.3997,-1.010018,0.7402935,-2.102887
RIPS,560.4078,-1.010001,0.7404268,-2.102791
RIPS,560.4156,-1.010002,0.7406999,-2.102667
RIPS,560.4243,-1.010004,0.7408447,-2.102629
RIPS,560.4319,-1.009921,0.7410871,-2.10256
RIPS,560.4415,-1.009898,0.7412179,-2.102548
RIPS,560.4489,-1.009856,0.7412807,-2.102623
RIPS,560.4579,-1.009865,0.7412882,-2.102695
RIPS,560.4659,-1.009817,0.7412411,-2.102793
RIPS,560.4741,-1.00979,0.7410297,-2.102898
RIPS,560.4828,-1.009763,0.7409295,-2.102917
RIPS,560.4912,-1.009743,0.7407997,-2.102818
RIPS,560.4989,-1.009681,0.7408463,-2.1027
RIPS,560.5076,-1.00962,0.740901,-2.102629
RIPS,560.5154,-1.009597,0.7411475,-2.10247
RIPS,560.5242,-1.009512,0.7413601,-2.10235
RIPS,560.5327,-1.009615,0.7415614,-2.102289
RIPS,560.5405,-1.00957,0.7416536,-2.102216
RIPS,560.5491,-1.009667,0.741623,-2.102202
RIPS,560.5573,-1.009715,0.7414846,-2.102262
RIPS,560.5663,-1.009727,0.7414041,-2.102247
RIPS,560.5743,-1.009728,0.7411894,-2.102359
RIPS,560.5822,-1.009752,0.7410127,-2.102403
RIPS,560.5915,-1.009711,0.7410194,-2.102439
RIPS,560.6025,-1.009691,0.7410477,-2.102389
RIPS,560.6101,-1.009577,0.7412046,-2.10232
RIPS,560.6169,-1.009565,0.7413474,-2.102331
RIPS,560.6237,-1.009498,0.7415608,-2.102369
RIPS,560.6316,-1.009468,0.7416231,-2.102353
RIPS,560.6403,-1.009495,0.7417231,-2.102311
RIPS,560.6487,-1.009444,0.7418256,-2.102322
RIPS,560.6569,-1.009505,0.7416871,-2.102435
RIPS,560.6656,-1.009574,0.7416061,-2.102383
RIPS,560.6736,-1.009602,0.7415457,-2.102471
RIPS,560.6817,-1.009622,0.741478,-2.102551
RIPS,560.6905,-1.009565,0.7415428,-2.1025
RIPS,560.6984,-1.009522,0.7416267,-2.102441
RIPS,560.707,-1.009492,0.7417902,-2.102307
RIPS,560.7151,-1.009474,0.7419282,-2.102241
RIPS,560.7236,-1.009462,0.7420112,-2.102166
RIPS,560.7328,-1.009599,0.7421816,-2.102139
RIPS,560.7402,-1.00962,0.7420825,-2.102146
RIPS,560.7485,-1.009607,0.7419637,-2.102179
RIPS,560.7567,-1.009634,0.7419172,-2.102146
RIPS,560.7657,-1.00967,0.7418636,-2.102229
RIPS,560.7734,-1.009611,0.7417374,-2.102228
RIPS,560.7817,-1.00964,0.7416939,-2.102264
RIPS,560.7901,-1.009688,0.7417207,-2.102263
RIPS,560.7987,-1.00976,0.7418153,-2.102241
RIPS,560.8074,-1.009975,0.7419878,-2.102135
RIPS,560.8151,-1.010001,0.741991,-2.102101
RIPS,560.8234,-1.010046,0.7419839,-2.102047
RIPS,560.832,-1.010088,0.7419552,-2.10205
RIPS,560.8401,-1.010133,0.7418849,-2.102041
RIPS,560.8483,-1.010113,0.7418003,-2.102081
RIPS,560.857,-1.010079,0.741581,-2.10203
RIPS,560.8657,-1.010169,0.7416664,-2.101954
RIPS,560.8736,-1.010172,0.741702,-2.101875
RIPS,560.8818,-1.010131,0.741874,-2.101728
RIPS,560.8908,-1.010222,0.7421155,-2.101569
RIPS,560.8987,-1.010148,0.7422355,-2.101448
RIPS,560.9073,-1.010045,0.7422944,-2.101369
RIPS,560.9154,-1.009975,0.7422019,-2.101313
RIPS,560.9238,-1.00994,0.7421603,-2.101291
RIPS,560.9326,-1.009778,0.7422068,-2.101313
RIPS,560.9404,-1.009721,0.742276,-2.101195
RIPS,560.9487,-1.009652,0.7423527,-2.101116
RIPS,560.9575,-1.009591,0.7425457,-2.101006
RIPS,560.966,-1.009718,0.7426869,-2.100935
RIPS,560.9742,-1.009709,0.7427875,-2.100845
RIPS,560.9825,-1.009765,0.7427841,-2.100741
RIPS,560.991,-1.009887,0.7428586,-2.100749
RIPS,560.9991,-1.009959,0.7429066,-2.100779
RIPS,561.0079,-1.009901,0.7428861,-2.100881
RIPS,561.0154,-1.009971,0.7429033,-2.100871
RIPS,561.0238,-1.010119,0.7429118,-2.100944
RIPS,561.0323,-1.010204,0.7428676,-2.100965
RIPS,561.0405,-1.010281,0.7428731,-2.100998
RIPS,561.0492,-1.010403,0.742832,-2.100976
RIPS,561.0573,-1.010422,0.742922,-2.100924
RIPS,561.066,-1.010428,0.7428421,-2.100825
RIPS,561.0742,-1.010555,0.7431672,-2.100843
RIPS,561.0827,-1.010539,0.7432964,-2.100876
RIPS,561.0905,-1.010453,0.7433273,-2.100805
RIPS,561.0986,-1.010472,0.7433237,-2.100799
RIPS,561.1069,-1.010563,0.7433077,-2.100945
RIPS,561.1158,-1.010624,0.7432725,-2.101022
RIPS,561.1237,-1.010705,0.7432244,-2.101075
RIPS,561.1329,-1.010744,0.7429283,-2.101129
RIPS,561.1404,-1.010783,0.7428411,-2.10103
RIPS,561.149,-1.010888,0.7428169,-2.101055
RIPS,561.157,-1.010867,0.742995,-2.10106
RIPS,561.1664,-1.010831,0.7430628,-2.100978
RIPS,561.1737,-1.010771,0.7430784,-2.10083
RIPS,561.1821,-1.010797,0.7430999,-2.10072
RIPS,561.1904,-1.010891,0.743261,-2.100736
RIPS,561.1993,-1.010955,0.7433125,-2.100709
RIPS,561.2079,-1.011216,0.7433589,-2.100694
RIPS,561.2155,-1.011333,0.7433929,-2.100792
RIPS,561.2238,-1.01164,0.743205,-2.100739
RIPS,561.2322,-1.01178,0.7431408,-2.100723
RIPS,561.2426,-1.01199,0.7432275,-2.10078
RIPS,561.2519,-1.012195,0.7431556,-2.100689
RIPS,561.2567,-1.012356,0.7431351,-2.100621
RIPS,561.2643,-1.012493,0.7432972,-2.100486
RIPS,561.2723,-1.012624,0.7433928,-2.100293
RIPS,561.2803,-1.01274,0.7436275,-2.100106
RIPS,561.2891,-1.012749,0.7440589,-2.0999
RIPS,561.2969,-1.012817,0.7442923,-2.099633
RIPS,561.3055,-1.012885,0.7445529,-2.099489
RIPS,561.3139,-1.013015,0.7446106,-2.099321
RIPS,561.3221,-1.013165,0.7447803,-2.099157
RIPS,561.3311,-1.013375,0.7448058,-2.099007
RIPS,561.3387,-1.013596,0.7446792,-2.098975
RIPS,561.3472,-1.013843,0.7446854,-2.098801
RIPS,561.3554,-1.013989,0.744525,-2.098583
RIPS,561.3647,-1.014213,0.7446664,-2.098377
RIPS,561.3723,-1.014382,0.7448854,-2.098241
RIPS,561.3804,-1.014525,0.7451438,-2.098065
RIPS,561.389,-1.014619,0.7454114,-2.097955
RIPS,561.4002,-1.01475,0.745757,-2.097798
RIPS,561.4115,-1.014976,0.7460899,-2.097551
RIPS,561.4169,-1.015222,0.7461708,-2.097277
RIPS,561.4219,-1.015441,0.7464357,-2.09716
RIPS,561.4299,-1.015759,0.7466063,-2.097071
RIPS,561.4382,-1.015828,0.7467652,-2.097074
RIPS,561.4465,-1.016048,0.746915,-2.097019
RIPS,561.4549,-1.016183,0.7469582,-2.096922
RIPS,561.4634,-1.016249,0.7470229,-2.09677
RIPS,561.4719,-1.01639,0.7470846,-2.096461
RIPS,561.4799,-1.016615,0.7471427,-2.096406
RIPS,561.4889,-1.016901,0.7470897,-2.096654
RIPS,561.4963,-1.017256,0.7469811,-2.097101
RIPS,561.5049,-1.017639,0.7467898,-2.097581
RIPS,561.5134,-1.018028,0.7465968,-2.098076
RIPS,561.5214,-1.018401,0.7463306,-2.098664
RIPS,561.5302,-1.018812,0.7460495,-2.099297
RIPS,561.5384,-1.01914,0.7457606,-2.099772
RIPS,561.5466,-1.019396,0.7454808,-2.100247
RIPS,561.5547,-1.019758,0.7452443,-2.100514
RIPS,561.5635,-1.020329,0.7449652,-2.101001
RIPS,561.5718,-1.020911,0.7446193,-2.101526
RIPS,561.5798,-1.021431,0.7443024,-2.101859
RIPS,561.5884,-1.022218,0.7441497,-2.102327
RIPS,561.5979,-1.02277,0.7439346,-2.102696
RIPS,561.6061,-1.023328,0.7435925,-2.103116
RIPS,561.6136,-1.023855,0.7434759,-2.103311
RIPS,561.6213,-1.024322,0.7432157,-2.103588
RIPS,561.6295,-1.024674,0.7430804,-2.103789
RIPS,561.6379,-1.025037,0.7428897,-2.103902
RIPS,561.6466,-1.025527,0.742628,-2.104277
RIPS,561.6572,-1.025969,0.7423904,-2.104501
RIPS,561.6647,-1.026342,0.742231,-2.104882
RIPS,561.6718,-1.026875,0.7419671,-2.105259
RIPS,561.6796,-1.027369,0.741809,-2.105467
RIPS,561.6888,-1.027969,0.7415572,-2.105713
RIPS,561.6967,-1.028489,0.7414556,-2.105801
RIPS,561.7062,-1.028972,0.7414205,-2.105752
RIPS,561.7161,-1.029369,0.7415026,-2.105774
RIPS,561.7212,-1.0297,0.7417012,-2.105726
RIPS,561.7304,-1.030059,0.7418655,-2.105757
RIPS,561.7385,-1.030353,0.7419859,-2.105815
RIPS,561.7467,-1.030837,0.7422048,-2.10559
RIPS,561.7558,-1.031257,0.7422148,-2.105621
RIPS,561.7638,-1.031799,0.7421681,-2.10563
RIPS,561.772,-1.032306,0.7421241,-2.105884
RIPS,561.7805,-1.032783,0.741971,-2.10621
RIPS,561.7891,-1.033127,0.741694,-2.106766
RIPS,561.7985,-1.033513,0.7415431,-2.106981
RIPS,561.8065,-1.033872,0.7413809,-2.107367
RIPS,561.8143,-1.034208,0.7416606,-2.107408
RIPS,561.8224,-1.034548,0.7421607,-2.107397
RIPS,561.8304,-1.035032,0.7428349,-2.107161
RIPS,561.8393,-1.035551,0.7437782,-2.106616
RIPS,561.8474,-1.036154,0.7448339,-2.106079
RIPS,561.8557,-1.036802,0.7460794,-2.105213
RIPS,561.8649,-1.03736,0.7472399,-2.104281
RIPS,561.8726,-1.037786,0.7484763,-2.103025
RIPS,561.8807,-1.038131,0.7496819,-2.101689
RIPS,561.8895,-1.03796,0.7522853,-2.097459
RIPS,561.8973,-1.038353,0.7525668,-2.096791
RIPS,561.9055,-1.038873,0.7530481,-2.0961
RIPS,561.9139,-1.03932,0.7538282,-2.095498
RIPS,561.9224,-1.039668,0.7551054,-2.093952
RIPS,561.9312,-1.040361,0.7558574,-2.0939
RIPS,561.9392,-1.041063,0.756441,-2.093818
RIPS,561.9473,-1.041697,0.7568694,-2.093731
RIPS,561.9557,-1.042239,0.7570544,-2.093592
RIPS,561.965,-1.042781,0.757092,-2.093331
RIPS,561.9725,-1.043233,0.7570868,-2.092958
RIPS,561.9807,-1.043581,0.7573392,-2.092821
RIPS,561.9893,-1.043883,0.757645,-2.092691
RIPS,561.9986,-1.044228,0.75793,-2.092505
RIPS,562.0065,-1.044403,0.758423,-2.09233
RIPS,562.0145,-1.044673,0.7588295,-2.092154
RIPS,562.0231,-1.045005,0.7592853,-2.091883
RIPS,562.0312,-1.045279,0.7597143,-2.091628
RIPS,562.0399,-1.045549,0.7600364,-2.091239
RIPS,562.048,-1.045819,0.7603237,-2.09085
RIPS,562.0568,-1.046035,0.7606193,-2.09041
RIPS,562.0657,-1.0463,0.7608603,-2.089797
RIPS,562.0735,-1.04653,0.7611656,-2.089232
RIPS,562.082,-1.046868,0.7615836,-2.088558
RIPS,562.0906,-1.047198,0.7620753,-2.087887
RIPS,562.0985,-1.047395,0.7626188,-2.087228
RIPS,562.1068,-1.047617,0.7630534,-2.086808
RIPS,562.1152,-1.047943,0.7634861,-2.086523
RIPS,562.1234,-1.048037,0.7638866,-2.086401
RIPS,562.1324,-1.048243,0.7642051,-2.08627
RIPS,562.1401,-1.048413,0.7645757,-2.086008
RIPS,562.1486,-1.048439,0.7659307,-2.083803
RIPS,562.1573,-1.048742,0.7662491,-2.083772
RIPS,562.1658,-1.048962,0.7665601,-2.083901
RIPS,562.1742,-1.049232,0.7668512,-2.084126
RIPS,562.1819,-1.049443,0.7670466,-2.084233
RIPS,562.1901,-1.049677,0.7671887,-2.084317
RIPS,562.1992,-1.049966,0.7673707,-2.084331
RIPS,562.2078,-1.050233,0.7674427,-2.084239
RIPS,562.2151,-1.050457,0.7676101,-2.084106
RIPS,562.2234,-1.050756,0.767755,-2.084044
RIPS,562.2321,-1.050982,0.7679183,-2.083893
RIPS,562.2407,-1.051134,0.7681079,-2.08372
RIPS,562.2485,-1.051374,0.7683164,-2.083662
RIPS,562.2567,-1.051611,0.768509,-2.083595
RIPS,562.2655,-1.052012,0.7686788,-2.083741
RIPS,562.2738,-1.052226,0.7689455,-2.083817
RIPS,562.2825,-1.052488,0.769133,-2.083777
RIPS,562.2903,-1.052656,0.7693763,-2.083866
RIPS,562.2983,-1.052774,0.7696489,-2.083827
RIPS,562.3075,-1.052924,0.7698764,-2.08388
RIPS,562.3171,-1.053075,0.7700778,-2.083939
RIPS,562.326,-1.053115,0.7702333,-2.084023
RIPS,562.3321,-1.053308,0.7703821,-2.084015
RIPS,562.3392,-1.053559,0.7705356,-2.084079
RIPS,562.3475,-1.053803,0.7706738,-2.084028
RIPS,562.3556,-1.054059,0.7707498,-2.083886
RIPS,562.3655,-1.054099,0.7708811,-2.083787
RIPS,562.3723,-1.05434,0.7709439,-2.083658
RIPS,562.3809,-1.054514,0.7710656,-2.083579
RIPS,562.3892,-1.054822,0.7712095,-2.083665
RIPS,562.3983,-1.055074,0.7713242,-2.083753
RIPS,562.4065,-1.055319,0.77142,-2.083837
RIPS,562.4143,-1.055528,0.7713868,-2.08403
RIPS,562.4226,-1.055718,0.7714064,-2.084127
RIPS,562.4308,-1.055871,0.7712973,-2.08417
RIPS,562.4392,-1.056024,0.7712067,-2.084011
RIPS,562.4474,-1.056163,0.7711917,-2.083899
RIPS,562.4559,-1.056261,0.7711505,-2.083674
RIPS,562.4648,-1.056427,0.7712174,-2.083623
RIPS,562.4733,-1.056533,0.7713129,-2.08358
RIPS,562.4809,-1.056608,0.7714385,-2.083661
RIPS,562.4898,-1.056701,0.7715499,-2.083765
RIPS,562.4977,-1.056692,0.7716925,-2.083911
RIPS,562.506,-1.056756,0.7717811,-2.084108
RIPS,562.5142,-1.056771,0.7719198,-2.084234
RIPS,562.5224,-1.056774,0.7719778,-2.084318
RIPS,562.5309,-1.056771,0.7719442,-2.084292
RIPS,562.5396,-1.05679,0.7719055,-2.084169
RIPS,562.5474,-1.056777,0.7718253,-2.083959
RIPS,562.5559,-1.056783,0.7718563,-2.083719
RIPS,562.5652,-1.056811,0.7718441,-2.083423
RIPS,562.5728,-1.056784,0.7718913,-2.083265
RIPS,562.5809,-1.056756,0.7719301,-2.083104
RIPS,562.5892,-1.056712,0.7720571,-2.083097
RIPS,562.5979,-1.056598,0.7720861,-2.083115
RIPS,562.6069,-1.056532,0.7721434,-2.083099
RIPS,562.6157,-1.056425,0.7721823,-2.083057
RIPS,562.6238,-1.056345,0.772189,-2.082942
RIPS,562.6316,-1.056172,0.7720358,-2.082759
RIPS,562.6398,-1.056104,0.7719809,-2.082587
RIPS,562.6487,-1.05598,0.7718631,-2.082143
RIPS,562.6565,-1.055879,0.7718381,-2.081836
RIPS,562.666,-1.055827,0.7717984,-2.081532
RIPS,562.6733,-1.055764,0.7717898,-2.081312
RIPS,562.6819,-1.055658,0.7718399,-2.081076
RIPS,562.6906,-1.055508,0.7719415,-2.080886
RIPS,562.6984,-1.055329,0.7720186,-2.080815
RIPS,562.707,-1.055143,0.7720509,-2.080605
RIPS,562.7152,-1.054982,0.7720463,-2.080358
RIPS,562.7234,-1.054837,0.7720551,-2.080019
RIPS,562.7325,-1.054771,0.7719726,-2.079738
RIPS,562.7402,-1.054628,0.7719349,-2.079355
RIPS,562.7486,-1.054364,0.7718871,-2.078885
RIPS,562.7568,-1.054191,0.7719101,-2.078614
RIPS,562.766,-1.053997,0.7719696,-2.078305
RIPS,562.7735,-1.053627,0.7720087,-2.077886
RIPS,562.7817,-1.053316,0.7720113,-2.077564
RIPS,562.79,-1.053006,0.7720714,-2.077127
RIPS,562.7986,-1.05258,0.771988,-2.076775
RIPS,562.8073,-1.052263,0.7717666,-2.076326
RIPS,562.8151,-1.051887,0.77144,-2.075675
RIPS,562.8239,-1.051589,0.7702121,-2.077822
RIPS,562.8321,-1.051378,0.7698089,-2.078588
RIPS,562.8403,-1.051139,0.7695577,-2.078905
RIPS,562.8486,-1.05103,0.7694014,-2.079236
RIPS,562.8566,-1.050816,0.7693843,-2.079233
RIPS,562.8657,-1.050774,0.7694129,-2.079255
RIPS,562.8735,-1.05083,0.7695224,-2.079422
RIPS,562.882,-1.050712,0.7694159,-2.079101
RIPS,562.8903,-1.050525,0.7692499,-2.078798
RIPS,562.8987,-1.050266,0.7689857,-2.078477
RIPS,562.9069,-1.050025,0.7687588,-2.078486
RIPS,562.9154,-1.049667,0.7685826,-2.078462
RIPS,562.9236,-1.049248,0.7685219,-2.078347
RIPS,562.9342,-1.049084,0.7687692,-2.07862
RIPS,562.9443,-1.048842,0.769102,-2.078635
RIPS,562.9498,-1.048556,0.7696031,-2.07868
RIPS,562.9544,-1.048317,0.7699561,-2.078517
RIPS,562.9633,-1.048165,0.770321,-2.078227
RIPS,562.9715,-1.047759,0.7702376,-2.07745
RIPS,562.9796,-1.047444,0.7699741,-2.076975
RIPS,562.988,-1.047042,0.7694262,-2.076231
RIPS,562.9965,-1.04656,0.7689106,-2.075711
RIPS,563.0054,-1.045893,0.7684622,-2.075314
RIPS,563.0131,-1.045391,0.7682962,-2.075191
RIPS,563.0214,-1.045025,0.7685566,-2.075249
RIPS,563.0294,-1.044686,0.769124,-2.075326
RIPS,563.0379,-1.044411,0.769707,-2.07522
RIPS,563.0461,-1.044158,0.770313,-2.075195
RIPS,563.0542,-1.044018,0.7705939,-2.074862
RIPS,563.0632,-1.043907,0.770667,-2.074601
RIPS,563.0715,-1.044,0.770636,-2.074562
RIPS,563.0799,-1.043878,0.7704129,-2.074449
RIPS,563.088,-1.043908,0.7701225,-2.074255
RIPS,563.0961,-1.043943,0.7698351,-2.074092
RIPS,563.1043,-1.043917,0.7697213,-2.074059
RIPS,563.1132,-1.043784,0.7695693,-2.073842
RIPS,563.1211,-1.043637,0.7695352,-2.073717
RIPS,563.1301,-1.043453,0.7696825,-2.073811
RIPS,563.1378,-1.043218,0.7700302,-2.074004
RIPS,563.1461,-1.042961,0.7702255,-2.074075
RIPS,563.1544,-1.042742,0.7703325,-2.074117
RIPS,563.1636,-1.042568,0.7704503,-2.074185
RIPS,563.1716,-1.042378,0.7704624,-2.074265
RIPS,563.1796,-1.042087,0.7703966,-2.074533
RIPS,563.1879,-1.041843,0.7701808,-2.074607
RIPS,563.1978,-1.041584,0.7698663,-2.074648
RIPS,563.2054,-1.041326,0.7694969,-2.074691
RIPS,563.213,-1.041068,0.7693046,-2.074702
RIPS,563.2209,-1.040985,0.769105,-2.074583
RIPS,563.23,-1.040808,0.7693191,-2.074847
RIPS,563.2383,-1.040705,0.7693959,-2.074935
RIPS,563.2469,-1.04053,0.7695473,-2.075049
RIPS,563.2551,-1.040369,0.7695544,-2.07513
RIPS,563.2646,-1.040131,0.7694458,-2.075201
RIPS,563.2724,-1.039978,0.7692601,-2.075208
RIPS,563.2808,-1.039789,0.7690617,-2.075178
RIPS,563.2896,-1.039639,0.768716,-2.075139
RIPS,563.2974,-1.039425,0.7684168,-2.075098
RIPS,563.3064,-1.039277,0.7682419,-2.0752
RIPS,563.3147,-1.039149,0.7680815,-2.075207
RIPS,563.3231,-1.039055,0.7679793,-2.075315
RIPS,563.332,-1.038981,0.7679065,-2.075397
RIPS,563.3398,-1.038829,0.7677757,-2.075561
RIPS,563.3484,-1.038742,0.7676378,-2.07551
RIPS,563.3564,-1.038628,0.7675766,-2.075638
RIPS,563.3658,-1.03857,0.767315,-2.075448
RIPS,563.3737,-1.038491,0.7670823,-2.075428
RIPS,563.3817,-1.038452,0.7669201,-2.075517
RIPS,563.3914,-1.038405,0.7668424,-2.075567
RIPS,563.401,-1.038312,0.7667993,-2.075607
RIPS,563.4083,-1.038328,0.7666749,-2.075703
RIPS,563.4141,-1.038447,0.7666258,-2.075563
RIPS,563.4228,-1.038529,0.7666059,-2.075492
RIPS,563.4308,-1.038631,0.7666433,-2.075376
RIPS,563.4393,-1.038735,0.7665707,-2.075098
RIPS,563.4476,-1.038824,0.7666535,-2.074843
RIPS,563.4559,-1.038863,0.7667226,-2.074761
RIPS,563.4651,-1.038987,0.7668002,-2.074676
RIPS,563.4727,-1.039018,0.7668769,-2.074625
RIPS,563.481,-1.039078,0.766929,-2.074435
RIPS,563.4895,-1.039147,0.7669484,-2.074381
RIPS,563.498,-1.039315,0.7670661,-2.074301
RIPS,563.5058,-1.039447,0.7670816,-2.074269
RIPS,563.5143,-1.039575,0.7671356,-2.074155
RIPS,563.5228,-1.039764,0.7672352,-2.074158
RIPS,563.5322,-1.039969,0.7674319,-2.074179
RIPS,563.5389,-1.040282,0.7675662,-2.074333
RIPS,563.5479,-1.040496,0.7676929,-2.074259
RIPS,563.5561,-1.040664,0.7677329,-2.074234
RIPS,563.5649,-1.040918,0.7677191,-2.074178
RIPS,563.5729,-1.041245,0.7676788,-2.07424
RIPS,563.5809,-1.041522,0.7676416,-2.074262
RIPS,563.5892,-1.041832,0.7675671,-2.074518
RIPS,563.5978,-1.042011,0.7675877,-2.074796
RIPS,563.6068,-1.042243,0.7676033,-2.075087
RIPS,563.6147,-1.04238,0.7676911,-2.075362
RIPS,563.6228,-1.04255,0.7677454,-2.075448
RIPS,563.631,-1.042719,0.7677818,-2.075475
RIPS,563.6398,-1.042833,0.7677611,-2.075469
RIPS,563.6477,-1.042956,0.76778,-2.075272
RIPS,563.656,-1.043105,0.7677557,-2.075211
RIPS,563.665,-1.043214,0.7677658,-2.075146
RIPS,563.673,-1.043338,0.767734,-2.075024
RIPS,563.6809,-1.043513,0.7677677,-2.075004
RIPS,563.6898,-1.043696,0.7677596,-2.075247
RIPS,563.6979,-1.043984,0.7678227,-2.075289
RIPS,563.7067,-1.044135,0.767894,-2.075449
RIPS,563.7147,-1.044282,0.7679794,-2.075521
RIPS,563.7231,-1.044383,0.7680243,-2.075427
RIPS,563.732,-1.044373,0.7681826,-2.075418
RIPS,563.7402,-1.044435,0.7682348,-2.075336
RIPS,563.7481,-1.044466,0.7683126,-2.07524
RIPS,563.7565,-1.044471,0.768291,-2.075169
RIPS,563.7659,-1.044451,0.7682797,-2.075231
RIPS,563.7732,-1.044448,0.7682764,-2.075316
RIPS,563.7821,-1.044416,0.7682873,-2.075333
RIPS,563.7897,-1.044404,0.7682776,-2.075365
RIPS,563.7983,-1.044476,0.7683216,-2.075447
RIPS,563.8074,-1.044455,0.7683142,-2.075303
RIPS,563.8146,-1.044517,0.7683055,-2.075198
RIPS,563.8236,-1.044518,0.768323,-2.0751
RIPS,563.8315,-1.044497,0.7683767,-2.075001
RIPS,563.84,-1.044519,0.7684243,-2.075027
RIPS,563.8484,-1.044511,0.7684209,-2.075012
RIPS,563.8564,-1.044446,0.768414,-2.075016
RIPS,563.8658,-1.044428,0.768381,-2.07493
RIPS,563.8735,-1.044448,0.7682804,-2.074992
RIPS,563.8815,-1.044438,0.7682996,-2.074936
RIPS,563.8901,-1.04444,0.7683507,-2.074905
RIPS,563.8984,-1.044499,0.7684355,-2.07487
RIPS,563.9066,-1.044535,0.7685561,-2.075045
RIPS,563.915,-1.044502,0.7686424,-2.075024
RIPS,563.923,-1.044447,0.7686781,-2.07494
RIPS,563.9319,-1.044412,0.7687169,-2.074875
RIPS,563.9401,-1.044254,0.7686712,-2.074729
RIPS,563.9484,-1.04419,0.7686574,-2.074436
RIPS,563.9564,-1.044073,0.7687314,-2.074253
RIPS,563.9656,-1.044037,0.7688569,-2.074093
RIPS,563.9731,-1.043974,0.7689217,-2.074218
RIPS,563.9817,-1.043954,0.769028,-2.074482
RIPS,563.9901,-1.043852,0.7690547,-2.07451
RIPS,563.9982,-1.043905,0.7691369,-2.074741
RIPS,564.0073,-1.043877,0.7691051,-2.074532
RIPS,564.0148,-1.044036,0.769049,-2.074429
RIPS,564.0239,-1.044001,0.7690272,-2.074422
RIPS,564.0314,-1.043992,0.7689871,-2.074121
RIPS,564.0405,-1.043877,0.7689701,-2.073807
RIPS,564.0482,-1.043863,0.7688001,-2.074113
RIPS,564.0567,-1.043777,0.7687933,-2.074427
RIPS,564.0652,-1.043717,0.7687089,-2.074831
RIPS,564.0735,-1.043762,0.7686623,-2.075129
RIPS,564.0813,-1.043655,0.7686509,-2.075182
RIPS,564.0901,-1.043589,0.7686617,-2.075385
RIPS,564.0983,-1.043568,0.7686249,-2.075438
RIPS,564.1064,-1.043502,0.7686367,-2.075092
RIPS,564.1146,-1.043593,0.7686329,-2.074857
RIPS,564.1235,-1.043566,0.7686507,-2.074681
RIPS,564.1321,-1.043584,0.7686407,-2.074516
RIPS,564.1399,-1.043682,0.7685938,-2.074543
RIPS,564.1486,-1.043776,0.768483,-2.075019
RIPS,564.1567,-1.043755,0.7684864,-2.07522
RIPS,564.1655,-1.043772,0.76843,-2.075531
RIPS,564.1733,-1.043828,0.7683952,-2.075526
RIPS,564.1815,-1.043832,0.7683731,-2.075531
RIPS,564.1899,-1.04392,0.7683576,-2.075389
RIPS,564.1985,-1.043999,0.7683587,-2.075279
RIPS,564.2072,-1.044028,0.7684002,-2.074946
RIPS,564.215,-1.043976,0.7684177,-2.074833
RIPS,564.2233,-1.044079,0.7684116,-2.074694
RIPS,564.2315,-1.044157,0.7684197,-2.074614
RIPS,564.2399,-1.044107,0.7684235,-2.074737
RIPS,564.2484,-1.044186,0.7684011,-2.074864
RIPS,564.2565,-1.044218,0.768369,-2.074927
RIPS,564.2652,-1.044238,0.7682624,-2.075171
RIPS,564.2731,-1.044264,0.7682311,-2.075175
RIPS,564.2815,-1.044294,0.768223,-2.075298
RIPS,564.2899,-1.044361,0.7682736,-2.075269
RIPS,564.2981,-1.044426,0.7682706,-2.075303
RIPS,564.3065,-1.044503,0.7683083,-2.075341
RIPS,564.3147,-1.044627,0.7683271,-2.075386
RIPS,564.3234,-1.044749,0.7684063,-2.075433
RIPS,564.3323,-1.044828,0.7683736,-2.075586
RIPS,564.34,-1.044908,0.7683765,-2.075641
RIPS,564.3483,-1.044986,0.7682911,-2.075785
RIPS,564.3566,-1.045074,0.7683018,-2.075736
RIPS,564.3658,-1.04515,0.7683011,-2.075802
RIPS,564.3731,-1.045211,0.7683512,-2.075813
RIPS,564.3814,-1.045276,0.7684001,-2.075742
RIPS,564.3898,-1.04536,0.7684101,-2.075811
RIPS,564.3986,-1.045463,0.7684454,-2.075811
RIPS,564.4077,-1.045532,0.7684887,-2.075611
RIPS,564.4148,-1.045544,0.768541,-2.075808
RIPS,564.4232,-1.045572,0.7685208,-2.07562
RIPS,564.4316,-1.045614,0.7685299,-2.075763
RIPS,564.4399,-1.045658,0.7684916,-2.075664
RIPS,564.4483,-1.045741,0.7684726,-2.075742
RIPS,564.4573,-1.045895,0.7684513,-2.076041
RIPS,564.4679,-1.045975,0.7684484,-2.076192
RIPS,564.4768,-1.046057,0.768449,-2.076351
RIPS,564.482,-1.046141,0.7684631,-2.076389
RIPS,564.4883,-1.046172,0.7684467,-2.076394
RIPS,564.4963,-1.046307,0.7684149,-2.076396
RIPS,564.5043,-1.046345,0.7684119,-2.07627
RIPS,564.5131,-1.046386,0.768405,-2.07618
RIPS,564.5214,-1.046473,0.7684654,-2.076137
RIPS,564.5294,-1.046518,0.7685093,-2.076128
RIPS,564.5378,-1.046505,0.7685599,-2.076141
RIPS,564.5459,-1.046534,0.7685387,-2.076388
RIPS,564.5541,-1.046625,0.7685799,-2.076324
RIPS,564.5629,-1.046647,0.7686144,-2.076423
RIPS,564.5712,-1.046671,0.7686409,-2.076453
RIPS,564.5793,-1.046701,0.7686848,-2.076417
RIPS,564.5877,-1.046722,0.7687326,-2.076261
RIPS,564.5966,-1.046776,0.7687976,-2.076348
RIPS,564.6055,-1.046806,0.7688346,-2.076296
RIPS,564.6129,-1.046862,0.7688848,-2.076289
RIPS,564.621,-1.046821,0.7689103,-2.076059
RIPS,564.6297,-1.046851,0.7689021,-2.076142
RIPS,564.6392,-1.04697,0.7689801,-2.076344
RIPS,564.6462,-1.047008,0.7689673,-2.076482
RIPS,564.6547,-1.047095,0.768982,-2.076376
RIPS,564.6641,-1.047104,0.7689746,-2.076365
RIPS,564.6712,-1.047051,0.7690256,-2.076298
RIPS,564.6796,-1.046965,0.7689865,-2.076233
RIPS,564.688,-1.046972,0.7690427,-2.076129
RIPS,564.6959,-1.046973,0.7690782,-2.076246
RIPS,564.7043,-1.047003,0.7690743,-2.076304
RIPS,564.7127,-1.04704,0.769073,-2.076298
RIPS,564.7209,-1.047055,0.7690761,-2.076287
RIPS,564.7296,-1.04712,0.7690016,-2.076481
RIPS,564.7377,-1.047041,0.7690113,-2.076462
RIPS,564.7464,-1.047073,0.7690298,-2.076545
RIPS,564.7545,-1.047173,0.769075,-2.076674
RIPS,564.7643,-1.04722,0.7690914,-2.076754
RIPS,564.7719,-1.047217,0.7691359,-2.076615
RIPS,564.7802,-1.04723,0.7691423,-2.076637
RIPS,564.7883,-1.047227,0.7691595,-2.076504
RIPS,564.798,-1.047193,0.7691572,-2.076528
RIPS,564.806,-1.047212,0.7691475,-2.076584
RIPS,564.814,-1.047234,0.7691376,-2.076664
RIPS,564.8225,-1.047246,0.7691647,-2.076712
RIPS,564.8313,-1.047294,0.7690898,-2.076994
RIPS,564.8396,-1.047339,0.7691417,-2.077099
RIPS,564.848,-1.0473,0.7691416,-2.076955
RIPS,564.8567,-1.047326,0.7691609,-2.076943
RIPS,564.8655,-1.047329,0.7691581,-2.076893
RIPS,564.8735,-1.04729,0.7692074,-2.076631
RIPS,564.8813,-1.047265,0.7692059,-2.076515
RIPS,564.89,-1.047231,0.7692205,-2.076412
RIPS,564.8981,-1.04709,0.7691612,-2.076159
RIPS,564.9068,-1.04709,0.7691304,-2.076211
RIPS,564.9151,-1.047031,0.7690656,-2.076113
RIPS,564.9251,-1.047047,0.7690791,-2.076147
RIPS,564.9356,-1.047032,0.7689797,-2.076142
RIPS,564.941,-1.046955,0.7690281,-2.076204
RIPS,564.9456,-1.047005,0.7691045,-2.076369
RIPS,564.9545,-1.046927,0.7691101,-2.076323
RIPS,564.9633,-1.046914,0.7691058,-2.076229
RIPS,564.9707,-1.047017,0.7691786,-2.076023
RIPS,564.9794,-1.047012,0.769188,-2.075953
RIPS,564.9876,-1.046992,0.769176,-2.075815
RIPS,564.9971,-1.047115,0.7691629,-2.075856
RIPS,565.0051,-1.047121,0.7691702,-2.075879
RIPS,565.0126,-1.047063,0.7691565,-2.076404
RIPS,565.0208,-1.047043,0.7691719,-2.076372
RIPS,565.0295,-1.047032,0.7690885,-2.076544
RIPS,565.0377,-1.046997,0.7690802,-2.076519
RIPS,565.046,-1.047016,0.7691469,-2.076411
RIPS,565.0543,-1.04706,0.7692147,-2.076527
RIPS,565.0628,-1.047073,0.7692388,-2.076511
RIPS,565.0711,-1.046968,0.7692786,-2.075953
RIPS,565.0792,-1.046879,0.7693135,-2.076026
RIPS,565.0881,-1.046819,0.7693225,-2.075625
RIPS,565.0958,-1.046553,0.7693508,-2.075445
RIPS,565.1041,-1.046495,0.7693794,-2.075091
RIPS,565.113,-1.04655,0.7693673,-2.075175
RIPS,565.1206,-1.046526,0.7694564,-2.07513
RIPS,565.1295,-1.046616,0.7694899,-2.075147
RIPS,565.1379,-1.046641,0.7695665,-2.075107
RIPS,565.1458,-1.046635,0.7696658,-2.074884
RIPS,565.1543,-1.046688,0.7696685,-2.074858
RIPS,565.1633,-1.046685,0.7697186,-2.074655
RIPS,565.171,-1.046704,0.7697989,-2.074711
RIPS,565.1791,-1.046688,0.7698501,-2.0745
RIPS,565.1874,-1.04667,0.769953,-2.074292
RIPS,565.1959,-1.046358,0.7700854,-2.074091
RIPS,565.2054,-1.046244,0.7700359,-2.074054
RIPS,565.2128,-1.046163,0.7701539,-2.073811
RIPS,565.2211,-1.045955,0.7702399,-2.073701
RIPS,565.2296,-1.045881,0.7702191,-2.073659
RIPS,565.2378,-1.045922,0.7702512,-2.073534
RIPS,565.2466,-1.045839,0.7703798,-2.073452
RIPS,565.2551,-1.045758,0.7703433,-2.073369
RIPS,565.264,-1.045662,0.7703273,-2.073113
RIPS,565.2723,-1.045573,0.7702668,-2.073189
RIPS,565.2805,-1.045595,0.7702318,-2.073141
RIPS,565.2894,-1.045581,0.7701334,-2.073414
RIPS,565.2975,-1.045454,0.7701111,-2.07316
RIPS,565.3061,-1.045402,0.7701073,-2.073116
RIPS,565.3145,-1.045195,0.7701375,-2.072916
RIPS,565.3228,-1.045149,0.7702737,-2.072564
RIPS,565.3318,-1.045058,0.7704386,-2.072124
RIPS,565.34,-1.044904,0.7706023,-2.071603
RIPS,565.348,-1.04457,0.7710693,-2.069757
RIPS,565.3563,-1.044391,0.7714451,-2.068646
RIPS,565.3655,-1.044247,0.77139,-2.068497
RIPS,565.3733,-1.044083,0.7713791,-2.068394
RIPS,565.3811,-1.043942,0.7713255,-2.068179
RIPS,565.3895,-1.044002,0.7704791,-2.070697
RIPS,565.3986,-1.043893,0.7704162,-2.071043
RIPS,565.4069,-1.04372,0.7704367,-2.071125
RIPS,565.4148,-1.043614,0.7704085,-2.071006
RIPS,565.4228,-1.043442,0.7704107,-2.070888
RIPS,565.4313,-1.043168,0.770299,-2.07058
RIPS,565.4394,-1.042887,0.7701616,-2.070274
RIPS,565.4485,-1.042527,0.7701842,-2.069478
RIPS,565.456,-1.042223,0.7700755,-2.069125
RIPS,565.4653,-1.041904,0.7699693,-2.068533
RIPS,565.4731,-1.041617,0.7697584,-2.068803
RIPS,565.4813,-1.041437,0.7694805,-2.069618
RIPS,565.4904,-1.041149,0.7691566,-2.070177
RIPS,565.4979,-1.040927,0.7690335,-2.070688
RIPS,565.5067,-1.040596,0.7690923,-2.071127
RIPS,565.5148,-1.040242,0.7691651,-2.071117
RIPS,565.5235,-1.039862,0.7692001,-2.070773
RIPS,565.5318,-1.039467,0.7690858,-2.070452
RIPS,565.5394,-1.039021,0.76891,-2.069976
RIPS,565.5482,-1.03852,0.7686586,-2.069338
RIPS,565.5564,-1.037895,0.7683512,-2.068566
RIPS,565.5658,-1.037309,0.7679754,-2.068056
RIPS,565.5731,-1.036646,0.7675127,-2.067793
RIPS,565.5814,-1.036054,0.7670019,-2.068331
RIPS,565.5896,-1.035428,0.766713,-2.068948
RIPS,565.5985,-1.034843,0.7667402,-2.069483
RIPS,565.6072,-1.034266,0.7667305,-2.06961
RIPS,565.6146,-1.033654,0.767045,-2.069802
RIPS,565.623,-1.033098,0.7669581,-2.069848
RIPS,565.6318,-1.03246,0.7666226,-2.069886
RIPS,565.6398,-1.031799,0.7659851,-2.069838
RIPS,565.6483,-1.031195,0.765166,-2.070052
RIPS,565.6564,-1.030696,0.7643242,-2.070337
RIPS,565.6657,-1.030073,0.763468,-2.070709
RIPS,565.6727,-1.029468,0.7629452,-2.071113
RIPS,565.6816,-1.028763,0.7623632,-2.071421
RIPS,565.6898,-1.028035,0.762165,-2.071652
RIPS,565.6982,-1.027334,0.7624328,-2.071664
RIPS,565.7067,-1.026687,0.7625162,-2.071676
RIPS,565.7147,-1.026079,0.7624354,-2.071845
RIPS,565.7229,-1.025476,0.7621432,-2.072017
RIPS,565.7321,-1.024866,0.7617179,-2.072403
RIPS,565.7401,-1.024208,0.7609478,-2.072714
RIPS,565.7479,-1.02376,0.759981,-2.073956
RIPS,565.7563,-1.023468,0.7586061,-2.075612
RIPS,565.7657,-1.023166,0.7575672,-2.07694
RIPS,565.7729,-1.022744,0.7567257,-2.077981
RIPS,565.7813,-1.022236,0.7561738,-2.078846
RIPS,565.7897,-1.021792,0.7557495,-2.079486
RIPS,565.7991,-1.021228,0.7552863,-2.079965
RIPS,565.8068,-1.021343,0.7539656,-2.083043
RIPS,565.8149,-1.021218,0.7528501,-2.084961
RIPS,565.8232,-1.021133,0.7523277,-2.086426
RIPS,565.8316,-1.020884,0.7517067,-2.087558
RIPS,565.8398,-1.02063,0.7510168,-2.088307
RIPS,565.848,-1.020404,0.7502046,-2.088986
RIPS,565.8563,-1.020175,0.7492653,-2.089628
RIPS,565.8654,-1.020052,0.7482632,-2.090466
RIPS,565.8732,-1.019925,0.7473182,-2.091256
RIPS,565.8813,-1.019772,0.7465071,-2.091969
RIPS,565.8897,-1.0196,0.7458735,-2.092585
RIPS,565.8983,-1.019433,0.7455376,-2.09313
RIPS,565.9062,-1.019207,0.7452064,-2.093543
RIPS,565.9146,-1.019095,0.7452425,-2.094127
RIPS,565.923,-1.018933,0.7450944,-2.094568
RIPS,565.9317,-1.018813,0.7448503,-2.095103
RIPS,565.9396,-1.01876,0.7445277,-2.095645
RIPS,565.9479,-1.018616,0.7439843,-2.096349
RIPS,565.956,-1.018541,0.7433656,-2.097028
RIPS,565.9658,-1.018455,0.7426459,-2.097664
RIPS,565.973,-1.018341,0.7419218,-2.098279
RIPS,565.9813,-1.018231,0.741411,-2.098742
RIPS,565.9898,-1.018311,0.74118,-2.099286
RIPS,565.9982,-1.018138,0.7411902,-2.0994
RIPS,566.0067,-1.017957,0.7412258,-2.09941
RIPS,566.015,-1.017772,0.741306,-2.099437
RIPS,566.023,-1.017603,0.741303,-2.099503
RIPS,566.0309,-1.017451,0.7412524,-2.099724
RIPS,566.0398,-1.017341,0.7410923,-2.099944
RIPS,566.0481,-1.017125,0.7407799,-2.10024
RIPS,566.0559,-1.016995,0.7404502,-2.100426
RIPS,566.0651,-1.016883,0.7400366,-2.100636
RIPS,566.0733,-1.016787,0.7398231,-2.100662
RIPS,566.0811,-1.016695,0.7398527,-2.100644
RIPS,566.0898,-1.016502,0.7399045,-2.100602
RIPS,566.0979,-1.016355,0.7402588,-2.100413
RIPS,566.106,-1.016166,0.7404935,-2.100271
RIPS,566.1144,-1.016009,0.7405884,-2.100072
RIPS,566.123,-1.015864,0.7407144,-2.100026
RIPS,566.1317,-1.015753,0.7407005,-2.100011
RIPS,566.1399,-1.015635,0.7406028,-2.100066
RIPS,566.1481,-1.015551,0.7404311,-2.100128
RIPS,566.1561,-1.015411,0.7401692,-2.100123
RIPS,566.1656,-1.015321,0.7400276,-2.100197
RIPS,566.1732,-1.015251,0.7399517,-2.100169
RIPS,566.1813,-1.015122,0.7399881,-2.1001
RIPS,566.1898,-1.015008,0.7401211,-2.100063
RIPS,566.199,-1.014923,0.7402641,-2.100054
RIPS,566.2072,-1.014822,0.7404439,-2.099987
RIPS,566.2161,-1.014723,0.7405044,-2.099981
RIPS,566.223,-1.014578,0.7405642,-2.100259
RIPS,566.231,-1.014479,0.7405136,-2.100361
RIPS,566.2396,-1.014444,0.7403827,-2.100543
RIPS,566.2481,-1.014423,0.7402341,-2.100666
RIPS,566.2563,-1.014394,0.7400897,-2.100882
RIPS,566.2651,-1.014343,0.7399952,-2.101015
RIPS,566.2731,-1.01427,0.7399623,-2.101063
RIPS,566.2813,-1.014198,0.7399877,-2.101091
RIPS,566.29,-1.014185,0.7401198,-2.101152
RIPS,566.2979,-1.014153,0.7401196,-2.101324
RIPS,566.3062,-1.014296,0.7401263,-2.101498
RIPS,566.3147,-1.014286,0.7399778,-2.101673
RIPS,566.3227,-1.014258,0.7398542,-2.101788
RIPS,566.3317,-1.014259,0.7396592,-2.101823
RIPS,566.3397,-1.014237,0.7395139,-2.101874
RIPS,566.348,-1.014142,0.7394601,-2.10182
RIPS,566.3561,-1.014006,0.7395459,-2.101624
RIPS,566.3656,-1.013915,0.7397399,-2.101545
RIPS,566.3727,-1.013639,0.7399058,-2.101361
RIPS,566.3812,-1.01346,0.7401341,-2.101143
RIPS,566.3894,-1.013282,0.7404028,-2.100988
RIPS,566.3986,-1.013179,0.7404418,-2.100924
RIPS,566.4069,-1.013052,0.7403948,-2.100859
RIPS,566.4144,-1.012938,0.7401638,-2.1009
RIPS,566.4233,-1.012846,0.7398906,-2.100966
RIPS,566.4312,-1.01278,0.7395225,-2.100957
RIPS,566.4395,-1.012658,0.7391837,-2.100881
RIPS,566.4481,-1.012536,0.7390867,-2.100851
RIPS,566.4564,-1.012397,0.7391171,-2.100782
RIPS,566.4651,-1.012314,0.739117,-2.100664
RIPS,566.4731,-1.012146,0.7393334,-2.100491
RIPS,566.4813,-1.012039,0.7394943,-2.100351
RIPS,566.4899,-1.011962,0.7398192,-2.100141
RIPS,566.4979,-1.011916,0.7401064,-2.100083
RIPS,566.5062,-1.011902,0.7401572,-2.100129
RIPS,566.5145,-1.011849,0.7400822,-2.10024
RIPS,566.5228,-1.011893,0.740019,-2.100484
RIPS,566.5318,-1.011808,0.7398461,-2.100698
RIPS,566.5397,-1.01183,0.7395932,-2.100875
RIPS,566.5478,-1.0118,0.7394193,-2.101022
RIPS,566.556,-1.011687,0.7393211,-2.100992
RIPS,566.5655,-1.011629,0.7393174,-2.100898
RIPS,566.5726,-1.011712,0.7395492,-2.100659
RIPS,566.5811,-1.011648,0.7399071,-2.100522
RIPS,566.5895,-1.011447,0.7402208,-2.100416
RIPS,566.5991,-1.011358,0.7405693,-2.100299
RIPS,566.6064,-1.011301,0.7408079,-2.100193
RIPS,566.6147,-1.011235,0.7409161,-2.100132
RIPS,566.6231,-1.011356,0.7410308,-2.10029
RIPS,566.6313,-1.011433,0.7409359,-2.100301
RIPS,566.6395,-1.011549,0.7407721,-2.10034
RIPS,566.6478,-1.011544,0.740667,-2.100375
RIPS,566.6571,-1.011588,0.7406527,-2.100384
RIPS,566.6656,-1.011617,0.7406105,-2.100411
RIPS,566.6731,-1.011676,0.740692,-2.100379
RIPS,566.681,-1.011662,0.7407245,-2.10035
RIPS,566.6898,-1.011626,0.7408817,-2.100274
RIPS,566.6979,-1.011638,0.7409654,-2.100267
RIPS,566.706,-1.011451,0.7411062,-2.100105
RIPS,566.7149,-1.011415,0.7412643,-2.100018
RIPS,566.7228,-1.011361,0.7413381,-2.100049
RIPS,566.7317,-1.011323,0.7413681,-2.100039
RIPS,566.7394,-1.011289,0.7413435,-2.100048
RIPS,566.7482,-1.011186,0.7412789,-2.100105
RIPS,566.7564,-1.011109,0.7411835,-2.100187
RIPS,566.7679,-1.011029,0.7411215,-2.100162
RIPS,566.7774,-1.01091,0.7411225,-2.10009
RIPS,566.783,-1.010991,0.7411041,-2.099844
RIPS,566.7877,-1.010964,0.7411231,-2.099799
RIPS,566.796,-1.010885,0.7411941,-2.099609
RIPS,566.8049,-1.010778,0.7413229,-2.099448
RIPS,566.8121,-1.01068,0.7413687,-2.099295
RIPS,566.8203,-1.010599,0.741481,-2.099257
RIPS,566.829,-1.010335,0.7415614,-2.099257
RIPS,566.8374,-1.010259,0.7415319,-2.099242
RIPS,566.8456,-1.010216,0.7415519,-2.099233
RIPS,566.8537,-1.010199,0.7414501,-2.09918
RIPS,566.8637,-1.010192,0.7414532,-2.099181
RIPS,566.8706,-1.010323,0.741518,-2.099137
RIPS,566.879,-1.010441,0.7416366,-2.099118
RIPS,566.8876,-1.010498,0.7418206,-2.099045
RIPS,566.8954,-1.010564,0.7420148,-2.099049
RIPS,566.9036,-1.010662,0.7420776,-2.099028
RIPS,566.9124,-1.010687,0.7421727,-2.099033
RIPS,566.9219,-1.010759,0.7422836,-2.099113
RIPS,566.9324,-1.010607,0.7421367,-2.099225
RIPS,566.9381,-1.010696,0.7421603,-2.099408
RIPS,566.9453,-1.010688,0.7421467,-2.099597
RIPS,566.9539,-1.010761,0.7418976,-2.099712
RIPS,566.9627,-1.011022,0.7417228,-2.099743
RIPS,566.9706,-1.011094,0.7416236,-2.099825
RIPS,566.9788,-1.011135,0.7415717,-2.099833
RIPS,566.9872,-1.011123,0.7416417,-2.099671
RIPS,566.9958,-1.011207,0.7417256,-2.099648
RIPS,567.0049,-1.011171,0.7417735,-2.099555
RIPS,567.0121,-1.011198,0.7418588,-2.099472
RIPS,567.0202,-1.011181,0.7419049,-2.09949
RIPS,567.0289,-1.011143,0.7418667,-2.099512
RIPS,567.037,-1.011131,0.7418226,-2.099567
RIPS,567.0454,-1.010997,0.7418923,-2.099589
RIPS,567.0538,-1.010936,0.7419242,-2.09958
RIPS,567.0629,-1.010816,0.7420217,-2.099503
RIPS,567.0705,-1.010612,0.7418956,-2.099278
RIPS,567.0788,-1.010475,0.7419478,-2.099202
RIPS,567.0876,-1.010345,0.7420408,-2.099138
RIPS,567.096,-1.010355,0.7422357,-2.099033
RIPS,567.104,-1.010476,0.7422464,-2.09902
RIPS,567.1127,-1.010616,0.7423754,-2.099061
RIPS,567.1208,-1.010653,0.7424232,-2.099063
RIPS,567.1296,-1.010856,0.7424832,-2.099071
RIPS,567.1373,-1.010943,0.742547,-2.099052
RIPS,567.1461,-1.011055,0.7426236,-2.09907
RIPS,567.1539,-1.011164,0.7426954,-2.099056
RIPS,567.163,-1.011176,0.7428805,-2.09906
RIPS,567.1708,-1.011147,0.7428479,-2.098929
RIPS,567.1792,-1.011218,0.7428806,-2.098886
RIPS,567.1873,-1.011314,0.7430571,-2.098988
RIPS,567.1964,-1.011446,0.7431416,-2.099031
RIPS,567.2051,-1.011596,0.7431388,-2.09907
RIPS,567.2133,-1.011804,0.7429799,-2.099148
RIPS,567.221,-1.011925,0.7429016,-2.09921
RIPS,567.2297,-1.012073,0.7428252,-2.099097
RIPS,567.2382,-1.01231,0.7429472,-2.099094
RIPS,567.2466,-1.01241,0.7429503,-2.099016
RIPS,567.2552,-1.012604,0.74312,-2.098954
RIPS,567.264,-1.012728,0.7433319,-2.098837
RIPS,567.2722,-1.01282,0.7435383,-2.098717
RIPS,567.2805,-1.01288,0.7437697,-2.098557
RIPS,567.2891,-1.012983,0.743879,-2.098501
RIPS,567.2974,-1.013092,0.7440132,-2.098478
RIPS,567.3059,-1.013443,0.7440753,-2.098475
RIPS,567.3146,-1.013596,0.7439738,-2.098475
RIPS,567.3226,-1.013839,0.7438721,-2.098474
RIPS,567.331,-1.014107,0.7438724,-2.098522
RIPS,567.3395,-1.014254,0.7440534,-2.098501
RIPS,567.3478,-1.014496,0.7442166,-2.098528
RIPS,567.3559,-1.014684,0.7443692,-2.098456
RIPS,567.3657,-1.014767,0.744401,-2.098466
RIPS,567.3762,-1.014915,0.7448092,-2.098292
RIPS,567.3855,-1.015203,0.7450725,-2.098334
RIPS,567.3906,-1.015314,0.7453592,-2.098153
RIPS,567.3956,-1.015553,0.7455233,-2.098177
RIPS,567.4051,-1.015929,0.7455549,-2.09816
RIPS,567.412,-1.016295,0.7456388,-2.098216
RIPS,567.4205,-1.016712,0.7456893,-2.098332
RIPS,567.4287,-1.017114,0.7455517,-2.098437
RIPS,567.4371,-1.017571,0.7453786,-2.09877
RIPS,567.4453,-1.018207,0.7452709,-2.099105
RIPS,567.4537,-1.018675,0.744936,-2.099416
RIPS,567.4623,-1.019181,0.7446929,-2.099763
RIPS,567.4705,-1.01967,0.7444073,-2.100192
RIPS,567.4788,-1.020194,0.7440267,-2.100733
RIPS,567.4874,-1.020576,0.7436266,-2.101163
RIPS,567.4957,-1.020982,0.7435044,-2.101543
RIPS,567.5037,-1.021408,0.743322,-2.102102
RIPS,567.5119,-1.02186,0.7431005,-2.102545
RIPS,567.5207,-1.022308,0.7427725,-2.103075
RIPS,567.529,-1.022799,0.7425381,-2.103574
RIPS,567.537,-1.023366,0.7422827,-2.104096
RIPS,567.5459,-1.023939,0.7420709,-2.104614
RIPS,567.5538,-1.024438,0.7418222,-2.10513
RIPS,567.562,-1.025247,0.7414017,-2.105925
RIPS,567.5703,-1.025744,0.7411645,-2.106437
RIPS,567.5788,-1.026372,0.7406665,-2.107295
RIPS,567.5872,-1.02689,0.740333,-2.107896
RIPS,567.5953,-1.027273,0.7398673,-2.108329
RIPS,567.6047,-1.027866,0.7395191,-2.108789
RIPS,567.6121,-1.028369,0.7391461,-2.109214
RIPS,567.6201,-1.028858,0.7388325,-2.109649
RIPS,567.6289,-1.02931,0.7386745,-2.109957
RIPS,567.6369,-1.029664,0.7385186,-2.110341
RIPS,567.6456,-1.029983,0.7385373,-2.110682
RIPS,567.6539,-1.030294,0.7386908,-2.110856
RIPS,567.6623,-1.030673,0.738664,-2.111086
RIPS,567.6704,-1.031151,0.7386402,-2.111321
RIPS,567.6788,-1.031662,0.7385697,-2.111626
RIPS,567.6873,-1.032236,0.7384754,-2.111764
RIPS,567.6956,-1.032722,0.7384565,-2.111818
RIPS,567.7042,-1.033149,0.7386093,-2.111903
RIPS,567.7127,-1.033502,0.7388316,-2.111807
RIPS,567.7211,-1.033729,0.7390737,-2.111845
RIPS,567.7299,-1.033929,0.7393251,-2.111654
RIPS,567.7383,-1.034101,0.7395121,-2.11145
RIPS,567.7465,-1.03422,0.7397907,-2.111056
RIPS,567.7551,-1.034424,0.7401404,-2.110745
RIPS,567.7643,-1.034739,0.7404518,-2.110369
RIPS,567.7722,-1.034951,0.7407792,-2.110022
RIPS,567.7805,-1.035141,0.7410148,-2.109719
RIPS,567.7889,-1.035464,0.7412277,-2.109352
RIPS,567.7978,-1.035639,0.741381,-2.108958
RIPS,567.8065,-1.035773,0.7415072,-2.10857
RIPS,567.8141,-1.036028,0.741672,-2.108202
RIPS,567.8224,-1.036337,0.7420008,-2.107734
RIPS,567.8311,-1.036814,0.7424899,-2.107318
RIPS,567.8414,-1.037197,0.7429313,-2.106862
RIPS,567.85,-1.037672,0.7435576,-2.106338
RIPS,567.855,-1.038218,0.7441664,-2.105805
RIPS,567.8647,-1.038671,0.744652,-2.10531
RIPS,567.8711,-1.039179,0.745275,-2.104827
RIPS,567.8799,-1.039614,0.7458871,-2.104483
RIPS,567.8882,-1.039934,0.7463689,-2.1039
RIPS,567.8965,-1.040202,0.7468466,-2.10336
RIPS,567.9048,-1.040454,0.7473901,-2.10254
RIPS,567.9133,-1.040721,0.7479824,-2.101733
RIPS,567.9211,-1.040972,0.748756,-2.10074
RIPS,567.9315,-1.041206,0.7494946,-2.099986
RIPS,567.9378,-1.041476,0.7501118,-2.099133
RIPS,567.9464,-1.041624,0.7506292,-2.098512
RIPS,567.9546,-1.041735,0.7511575,-2.097869
RIPS,567.9638,-1.041973,0.7515831,-2.097142
RIPS,567.9714,-1.042112,0.7521629,-2.096525
RIPS,567.9796,-1.042294,0.7527376,-2.095973
RIPS,567.9882,-1.042485,0.7533889,-2.095363
RIPS,567.9968,-1.042615,0.7540761,-2.094639
RIPS,568.0057,-1.042757,0.7547483,-2.093761
RIPS,568.0134,-1.042884,0.7553018,-2.092926
RIPS,568.0216,-1.042993,0.7559925,-2.091913
RIPS,568.0297,-1.043118,0.7567354,-2.090998
RIPS,568.038,-1.043204,0.7577125,-2.08971
RIPS,568.0466,-1.043123,0.7595099,-2.087279
RIPS,568.0546,-1.043565,0.7601981,-2.087056
RIPS,568.0632,-1.043951,0.7608075,-2.0868
RIPS,568.0714,-1.04427,0.7612751,-2.086533
RIPS,568.0797,-1.044618,0.7617033,-2.086141
RIPS,568.0887,-1.045058,0.7620424,-2.085772
RIPS,568.0964,-1.045385,0.7624735,-2.08535
RIPS,568.1047,-1.04574,0.7629994,-2.084595
RIPS,568.1132,-1.046008,0.7638013,-2.08332
RIPS,568.1216,-1.046399,0.7637841,-2.083404
RIPS,568.1302,-1.046819,0.7637933,-2.083462
RIPS,568.1384,-1.047229,0.7639056,-2.083585
RIPS,568.147,-1.047629,0.7641355,-2.083623
RIPS,568.155,-1.048066,0.7645521,-2.083845
RIPS,568.1646,-1.048623,0.7648135,-2.083758
RIPS,568.1721,-1.04915,0.7651325,-2.083841
RIPS,568.1807,-1.049574,0.7653918,-2.083898
RIPS,568.1887,-1.049954,0.7655743,-2.08391
RIPS,568.1981,-1.05027,0.7656909,-2.083878
RIPS,568.2064,-1.050604,0.7658045,-2.083995
RIPS,568.2145,-1.05086,0.7656877,-2.083921
RIPS,568.2227,-1.051266,0.7656173,-2.08392
RIPS,568.2307,-1.05155,0.7654691,-2.083829
RIPS,568.2391,-1.051941,0.7655008,-2.083912
RIPS,568.2473,-1.052409,0.7655323,-2.084026
RIPS,568.2559,-1.052701,0.7657825,-2.084184
RIPS,568.2643,-1.053015,0.7660578,-2.084251
RIPS,568.2725,-1.053275,0.7662808,-2.084365
RIPS,568.2806,-1.053512,0.7664027,-2.084348
RIPS,568.2895,-1.053741,0.7664176,-2.084351
RIPS,568.2973,-1.053908,0.766283,-2.084366
RIPS,568.3055,-1.054155,0.7662615,-2.084395
RIPS,568.3139,-1.05434,0.7662016,-2.084343
RIPS,568.322,-1.054485,0.7661781,-2.084505
RIPS,568.3313,-1.054617,0.7661784,-2.084534
RIPS,568.3387,-1.054793,0.7662614,-2.084676
RIPS,568.3473,-1.054929,0.7663194,-2.084766
RIPS,568.3555,-1.055084,0.7664554,-2.084776
RIPS,568.3651,-1.055195,0.7666081,-2.084947
RIPS,568.3729,-1.055322,0.7666991,-2.084924
RIPS,568.3809,-1.055444,0.7668437,-2.08499
RIPS,568.3887,-1.055549,0.7669507,-2.084883
RIPS,568.3979,-1.055615,0.766937,-2.084852
RIPS,568.4064,-1.055675,0.7668875,-2.084641
RIPS,568.4141,-1.055613,0.7667297,-2.08437
RIPS,568.4221,-1.055738,0.7665999,-2.084375
RIPS,568.4305,-1.055776,0.7664853,-2.084371
RIPS,568.4388,-1.055804,0.7664379,-2.084494
RIPS,568.4477,-1.055927,0.7665098,-2.084728
RIPS,568.4558,-1.055964,0.7665949,-2.084823
RIPS,568.4644,-1.056029,0.7667578,-2.084679
RIPS,568.4724,-1.056132,0.7669131,-2.084758
RIPS,568.4806,-1.055999,0.767192,-2.084661
RIPS,568.4893,-1.056419,0.767395,-2.08489
RIPS,568.4973,-1.056474,0.7674175,-2.084673
RIPS,568.5059,-1.05656,0.7674592,-2.084367
RIPS,568.514,-1.056586,0.767554,-2.08413
RIPS,568.5222,-1.056551,0.7675834,-2.08392
RIPS,568.531,-1.056588,0.7677555,-2.083725
RIPS,568.5388,-1.056591,0.7679617,-2.083688
RIPS,568.5472,-1.056548,0.7680948,-2.083554
RIPS,568.5558,-1.056513,0.7682502,-2.083344
RIPS,568.5649,-1.056394,0.7684314,-2.082874
RIPS,568.5749,-1.056345,0.7686034,-2.082547
RIPS,568.5817,-1.05624,0.7688987,-2.082045
RIPS,568.5891,-1.056095,0.7691313,-2.081329
RIPS,568.5981,-1.056021,0.7694836,-2.080605
RIPS,568.6107,-1.055876,0.7698209,-2.08012
RIPS,568.6202,-1.055775,0.7705669,-2.078696
RIPS,568.6287,-1.055798,0.7710484,-2.078108
RIPS,568.6372,-1.055777,0.7714738,-2.078038
RIPS,568.6462,-1.055752,0.7716326,-2.077951
RIPS,568.6554,-1.055699,0.7717596,-2.07785
RIPS,568.662,-1.055662,0.7719465,-2.077717
RIPS,568.6701,-1.055614,0.7720232,-2.077582
RIPS,568.6785,-1.05559,0.7721367,-2.077515
RIPS,568.6871,-1.055622,0.7722549,-2.077492
RIPS,568.6952,-1.055676,0.7723265,-2.07751
RIPS,568.7034,-1.055883,0.7724229,-2.077551
RIPS,568.712,-1.05595,0.7724984,-2.077672
RIPS,568.7199,-1.056037,0.7725503,-2.077864
RIPS,568.7291,-1.056041,0.772621,-2.077944
RIPS,568.7368,-1.055995,0.7726682,-2.078006
RIPS,568.745,-1.056009,0.7726794,-2.078071
RIPS,568.7532,-1.055966,0.77272,-2.078141
RIPS,568.7621,-1.055707,0.7727174,-2.078084
RIPS,568.7703,-1.05569,0.7726483,-2.078047
RIPS,568.7784,-1.055675,0.7725967,-2.078038
RIPS,568.7867,-1.055507,0.7725691,-2.077809
RIPS,568.7954,-1.055556,0.7726043,-2.077864
RIPS,568.804,-1.055581,0.7725338,-2.078036
RIPS,568.8118,-1.055626,0.7725949,-2.078229
RIPS,568.8199,-1.055788,0.7726225,-2.078501
RIPS,568.8283,-1.05581,0.7726421,-2.078817
RIPS,568.8369,-1.055817,0.7725577,-2.079
RIPS,568.8452,-1.055794,0.7726243,-2.079173
RIPS,568.8532,-1.055772,0.7724786,-2.079104
RIPS,568.8618,-1.055766,0.7725696,-2.079046
RIPS,568.8701,-1.055737,0.7725127,-2.078901
RIPS,568.8784,-1.055732,0.7723902,-2.078877
RIPS,568.8874,-1.055534,0.7723477,-2.078861
RIPS,568.8951,-1.055507,0.7723856,-2.078928
RIPS,568.9036,-1.055443,0.7722944,-2.079132
RIPS,568.9135,-1.055402,0.7723294,-2.079271
RIPS,568.922,-1.055353,0.7723473,-2.079314
RIPS,568.9285,-1.055258,0.7723671,-2.079376
RIPS,568.9368,-1.055205,0.7724348,-2.079299
RIPS,568.9452,-1.05512,0.7724411,-2.079148
RIPS,568.9531,-1.055109,0.7724452,-2.078972
RIPS,568.9619,-1.055221,0.7724676,-2.078887
RIPS,568.9702,-1.055265,0.7725421,-2.078905
RIPS,568.9787,-1.055338,0.7725671,-2.078987
RIPS,568.9868,-1.055447,0.7726412,-2.079149
RIPS,568.9965,-1.055535,0.7727472,-2.079255
RIPS,569.0057,-1.055548,0.7727511,-2.079299
RIPS,569.0123,-1.055619,0.7727681,-2.079232
RIPS,569.0211,-1.055737,0.772892,-2.079084
RIPS,569.03,-1.055711,0.7729306,-2.078884
RIPS,569.0381,-1.055754,0.7731431,-2.078786
RIPS,569.0469,-1.055815,0.7731559,-2.078624
RIPS,569.0555,-1.055843,0.7731672,-2.078616
RIPS,569.0663,-1.056001,0.7732905,-2.078667
RIPS,569.0762,-1.056069,0.7732848,-2.078717
RIPS,569.0825,-1.056164,0.773323,-2.078849
RIPS,569.0885,-1.056225,0.7733562,-2.078811
RIPS,569.0948,-1.056178,0.7734389,-2.078805
RIPS,569.1031,-1.056232,0.7733606,-2.078624
RIPS,569.1118,-1.056233,0.773458,-2.078425
RIPS,569.1198,-1.056086,0.7735773,-2.078286
RIPS,569.129,-1.056064,0.7736126,-2.078183
RIPS,569.1368,-1.056081,0.7736756,-2.07817
RIPS,569.1448,-1.056087,0.7737795,-2.078122
RIPS,569.1533,-1.056122,0.7738197,-2.078047
RIPS,569.1615,-1.056306,0.773879,-2.077937
RIPS,569.1705,-1.05634,0.7739173,-2.077801
RIPS,569.1786,-1.056293,0.7738371,-2.077534
RIPS,569.1868,-1.056294,0.7738481,-2.077352
RIPS,569.1957,-1.056134,0.7738547,-2.077222
RIPS,569.2047,-1.056129,0.7737816,-2.077127
RIPS,569.2123,-1.056135,0.7737648,-2.077078
RIPS,569.22,-1.056046,0.7736625,-2.076975
RIPS,569.2285,-1.056068,0.773599,-2.076894
RIPS,569.2365,-1.056086,0.7735947,-2.076798
RIPS,569.2451,-1.056087,0.773528,-2.076637
RIPS,569.2532,-1.056127,0.7734892,-2.076441
RIPS,569.262,-1.056236,0.7735227,-2.076297
RIPS,569.2701,-1.056318,0.7734989,-2.07627
RIPS,569.2783,-1.056669,0.773483,-2.076346
RIPS,569.2871,-1.056724,0.7734961,-2.076392
RIPS,569.2952,-1.056784,0.7735163,-2.076504
RIPS,569.3032,-1.057005,0.7735127,-2.076602
RIPS,569.3116,-1.057109,0.7735471,-2.076688
RIPS,569.3199,-1.05721,0.7736368,-2.07667
RIPS,569.3297,-1.05722,0.7736655,-2.076553
RIPS,569.3369,-1.057144,0.7737446,-2.076596
RIPS,569.345,-1.057152,0.7737553,-2.07652
RIPS,569.3531,-1.057154,0.7737833,-2.076468
RIPS,569.3614,-1.057118,0.7738269,-2.076387
RIPS,569.3705,-1.057133,0.7738031,-2.076325
RIPS,569.3787,-1.057195,0.7737909,-2.076384
RIPS,569.387,-1.057239,0.7738417,-2.076423
RIPS,569.3959,-1.057269,0.7738702,-2.076444
RIPS,569.4053,-1.057311,0.7739865,-2.076436
RIPS,569.4128,-1.057342,0.7740225,-2.076442
RIPS,569.4213,-1.057349,0.7741292,-2.076441
RIPS,569.4297,-1.057341,0.774153,-2.076375
RIPS,569.438,-1.057314,0.7742223,-2.076211
RIPS,569.4467,-1.057246,0.7742229,-2.076057
RIPS,569.4551,-1.057177,0.774215,-2.075932
RIPS,569.4641,-1.057063,0.7740918,-2.075908
RIPS,569.472,-1.057021,0.7741399,-2.075965
RIPS,569.4805,-1.056961,0.7741132,-2.075992
RIPS,569.4897,-1.056778,0.7741018,-2.075987
RIPS,569.497,-1.056705,0.7741673,-2.076036
RIPS,569.5058,-1.056515,0.7741133,-2.075901
RIPS,569.5139,-1.056455,0.7741106,-2.075769
RIPS,569.5224,-1.056294,0.7741149,-2.075608
RIPS,569.5329,-1.056331,0.7741225,-2.075513
RIPS,569.5421,-1.056313,0.7740996,-2.075267
RIPS,569.5482,-1.056168,0.7740933,-2.07504
RIPS,569.5536,-1.05608,0.7740939,-2.074963
RIPS,569.5629,-1.056016,0.7740798,-2.074957
RIPS,569.5708,-1.055982,0.7741429,-2.074939
RIPS,569.5789,-1.055935,0.7742197,-2.075101
RIPS,569.5872,-1.05576,0.7742434,-2.075071
RIPS,569.5961,-1.055667,0.7743086,-2.075094
RIPS,569.6051,-1.055486,0.7743623,-2.075031
RIPS,569.6122,-1.055241,0.7742892,-2.074681
RIPS,569.6204,-1.055067,0.7743226,-2.074478
RIPS,569.6289,-1.054868,0.7742313,-2.074131
RIPS,569.6377,-1.054735,0.7741232,-2.073837
RIPS,569.6455,-1.054642,0.7741086,-2.073705
RIPS,569.654,-1.05442,0.7741818,-2.073722
RIPS,569.6627,-1.054282,0.7740573,-2.073652
RIPS,569.6701,-1.054228,0.7741089,-2.0738
RIPS,569.6791,-1.054158,0.7741569,-2.073922
RIPS,569.6876,-1.054064,0.7741973,-2.073933
RIPS,569.6955,-1.05398,0.7742097,-2.073811
RIPS,569.7038,-1.053889,0.7742267,-2.073608
RIPS,569.7125,-1.053838,0.7742147,-2.073295
RIPS,569.7206,-1.05372,0.7742141,-2.07315
RIPS,569.7292,-1.053725,0.7741888,-2.073076
RIPS,569.7374,-1.053647,0.7742561,-2.073119
RIPS,569.7456,-1.053609,0.7742609,-2.073266
RIPS,569.754,-1.053538,0.7742771,-2.073363
RIPS,569.7626,-1.053503,0.7742826,-2.073558
RIPS,569.7709,-1.053457,0.7743587,-2.073754
RIPS,569.779,-1.05346,0.7744225,-2.073758
RIPS,569.787,-1.05346,0.774455,-2.073714
RIPS,569.7957,-1.053445,0.774438,-2.073631
RIPS,569.8046,-1.053371,0.7745074,-2.073482
RIPS,569.8123,-1.053292,0.7744773,-2.073426
RIPS,569.8206,-1.053128,0.7744224,-2.073408
RIPS,569.8293,-1.052942,0.7743489,-2.073385
RIPS,569.8376,-1.053173,0.7743641,-2.073519
RIPS,569.8464,-1.053037,0.7743348,-2.073566
RIPS,569.8548,-1.05292,0.7743987,-2.073645
RIPS,569.8636,-1.052783,0.7743849,-2.07348
RIPS,569.8715,-1.052693,0.7744504,-2.073436
RIPS,569.8807,-1.052603,0.7745342,-2.073333
RIPS,569.8885,-1.052543,0.7746035,-2.073085
RIPS,569.897,-1.052383,0.7748497,-2.072877
RIPS,569.9052,-1.052295,0.7749205,-2.072575
RIPS,569.9141,-1.052004,0.7749755,-2.072409
RIPS,569.9219,-1.051737,0.7749636,-2.072208
RIPS,569.9313,-1.051569,0.7748758,-2.072156
RIPS,569.9388,-1.051284,0.7746663,-2.07211
RIPS,569.9471,-1.051114,0.7744809,-2.072081
RIPS,569.9553,-1.050871,0.7741567,-2.072028
RIPS,569.9651,-1.050683,0.7738316,-2.07191
RIPS,569.9722,-1.050458,0.7735127,-2.071738
RIPS,569.9808,-1.050227,0.7733828,-2.071586
RIPS,569.9886,-1.050111,0.7732588,-2.071237
RIPS,569.9977,-1.049992,0.7732555,-2.070935
RIPS,570.0062,-1.049918,0.7733067,-2.070774
RIPS,570.014,-1.049848,0.7733793,-2.070638
RIPS,570.0222,-1.049909,0.7735294,-2.070846
RIPS,570.0306,-1.049798,0.7737386,-2.071021
RIPS,570.039,-1.049636,0.7738923,-2.071195
RIPS,570.0469,-1.049334,0.774169,-2.071242
RIPS,570.0555,-1.049056,0.774476,-2.071163
RIPS,570.0641,-1.048852,0.7746719,-2.071045
RIPS,570.0721,-1.048507,0.7748216,-2.070721
RIPS,570.0804,-1.04807,0.7751233,-2.070269
RIPS,570.0893,-1.047675,0.7751998,-2.069794
RIPS,570.0972,-1.047285,0.7751201,-2.069382
RIPS,570.1053,-1.046891,0.774834,-2.069144
RIPS,570.114,-1.046447,0.774435,-2.06904
RIPS,570.122,-1.046086,0.7738143,-2.069007
RIPS,570.1312,-1.045655,0.7731847,-2.068969
RIPS,570.1387,-1.045228,0.7724007,-2.068854
RIPS,570.1473,-1.044786,0.7713981,-2.068708
RIPS,570.1556,-1.04437,0.7706038,-2.068344
RIPS,570.165,-1.044101,0.7689832,-2.071187
RIPS,570.1723,-1.043839,0.7684674,-2.072798
RIPS,570.1805,-1.043544,0.7686995,-2.07336
RIPS,570.1885,-1.043299,0.7689364,-2.073536
RIPS,570.1977,-1.043051,0.769088,-2.073301
RIPS,570.2065,-1.042708,0.7689454,-2.073109
RIPS,570.214,-1.042052,0.7685411,-2.072613
RIPS,570.2219,-1.041475,0.7680101,-2.072238
RIPS,570.2305,-1.040799,0.7674074,-2.071745
RIPS,570.2389,-1.04011,0.7668465,-2.071685
RIPS,570.2471,-1.039382,0.7662991,-2.072007
RIPS,570.2552,-1.038748,0.7660783,-2.072305
RIPS,570.2648,-1.038007,0.7661878,-2.072776
RIPS,570.272,-1.037272,0.7664318,-2.072878
RIPS,570.2808,-1.036574,0.7665352,-2.072703
RIPS,570.2893,-1.0358,0.7664497,-2.072583
RIPS,570.297,-1.034969,0.7660348,-2.072457
RIPS,570.3053,-1.034212,0.7650986,-2.072222
RIPS,570.3138,-1.033475,0.7643876,-2.072064
RIPS,570.3221,-1.032769,0.7636435,-2.072026
RIPS,570.3308,-1.032106,0.7630909,-2.072073
RIPS,570.3387,-1.031474,0.7631516,-2.07212
RIPS,570.3474,-1.030838,0.7631898,-2.07205
RIPS,570.3554,-1.030231,0.7632225,-2.071806
RIPS,570.3647,-1.029599,0.7633371,-2.071589
RIPS,570.372,-1.029012,0.7632843,-2.071355
RIPS,570.3803,-1.028309,0.7630334,-2.071269
RIPS,570.3889,-1.027662,0.7624866,-2.071418
RIPS,570.3979,-1.026909,0.7617824,-2.071521
RIPS,570.4062,-1.026251,0.7609353,-2.071788
RIPS,570.4139,-1.025575,0.7603574,-2.07196
RIPS,570.4219,-1.024986,0.7600439,-2.07209
RIPS,570.4307,-1.02465,0.7588792,-2.074355
RIPS,570.4387,-1.0242,0.758166,-2.075501
RIPS,570.4474,-1.023701,0.7577706,-2.076247
RIPS,570.455,-1.023214,0.757571,-2.076804
RIPS,570.4645,-1.022745,0.7574984,-2.077325
RIPS,570.4727,-1.022711,0.7566383,-2.079397
RIPS,570.4802,-1.022932,0.755137,-2.082319
RIPS,570.4893,-1.022901,0.7542097,-2.083977
RIPS,570.4973,-1.022681,0.7534326,-2.085068
RIPS,570.5054,-1.022531,0.7526369,-2.085928
RIPS,570.514,-1.022304,0.7517179,-2.086693
RIPS,570.5222,-1.021981,0.7508222,-2.087207
RIPS,570.5309,-1.021931,0.75008,-2.088016
RIPS,570.5387,-1.021708,0.7491943,-2.088779
RIPS,570.547,-1.02158,0.7483007,-2.089746
RIPS,570.5555,-1.021502,0.7476327,-2.090736
RIPS,570.5646,-1.021364,0.7471333,-2.091754
RIPS,570.5722,-1.021217,0.746599,-2.092718
RIPS,570.5803,-1.021121,0.746249,-2.093422
RIPS,570.5889,-1.021113,0.7460043,-2.093995
RIPS,570.598,-1.020988,0.7454969,-2.094462
RIPS,570.6058,-1.020975,0.7452574,-2.094909
RIPS,570.6138,-1.020787,0.7448041,-2.095363
RIPS,570.6216,-1.02071,0.7443653,-2.095815
RIPS,570.6306,-1.020595,0.7437972,-2.096218
RIPS,570.6393,-1.020399,0.7432218,-2.09654
RIPS,570.6475,-1.020293,0.7425392,-2.097024
RIPS,570.6554,-1.020143,0.7418736,-2.097683
RIPS,570.6644,-1.020091,0.741339,-2.098182
RIPS,570.6725,-1.019983,0.7411132,-2.098417
RIPS,570.6808,-1.019924,0.7410613,-2.098636
RIPS,570.6889,-1.019812,0.7411833,-2.09874
RIPS,570.6971,-1.019624,0.7413095,-2.098878
RIPS,570.7053,-1.019551,0.7412879,-2.099077
RIPS,570.7141,-1.019373,0.7413015,-2.099201
RIPS,570.7219,-1.019196,0.7412474,-2.099355
RIPS,570.7305,-1.019078,0.7408842,-2.099523
RIPS,570.7388,-1.018827,0.7403814,-2.099723
RIPS,570.7471,-1.018565,0.7396004,-2.099931
RIPS,570.7557,-1.018517,0.7391763,-2.100156
RIPS,570.7643,-1.018396,0.7384194,-2.100545
RIPS,570.7725,-1.018322,0.7377086,-2.100908
RIPS,570.7802,-1.018302,0.7372172,-2.101058
RIPS,570.7887,-1.018248,0.7373034,-2.101048
RIPS,570.7977,-1.018095,0.7375585,-2.101063
RIPS,570.8065,-1.018041,0.7379404,-2.101054
RIPS,570.8138,-1.017996,0.7380825,-2.101073
RIPS,570.8216,-1.017885,0.7382706,-2.10134
RIPS,570.8306,-1.0179,0.7381967,-2.101584
RIPS,570.8386,-1.017832,0.7380323,-2.101755
RIPS,570.8472,-1.01774,0.7376868,-2.102021
RIPS,570.8551,-1.017755,0.7374654,-2.102184
RIPS,570.864,-1.017634,0.7370678,-2.102338
RIPS,570.8721,-1.017491,0.7368573,-2.102419
RIPS,570.8802,-1.017488,0.7366821,-2.102568
RIPS,570.8893,-1.017321,0.7368457,-2.102647
RIPS,570.897,-1.017208,0.7368031,-2.102732
RIPS,570.905,-1.017003,0.7368872,-2.10269
RIPS,570.9142,-1.016785,0.7370364,-2.102674
RIPS,570.922,-1.016561,0.7371222,-2.102566
RIPS,570.9308,-1.016288,0.7372834,-2.102558
RIPS,570.9388,-1.016094,0.737229,-2.102468
RIPS,570.9468,-1.015881,0.7372507,-2.102408
RIPS,570.9553,-1.015757,0.7373949,-2.102229
RIPS,570.9647,-1.015645,0.7374455,-2.102203
RIPS,570.9717,-1.015565,0.7374882,-2.102091
RIPS,570.9804,-1.015423,0.7376093,-2.102059
RIPS,570.9885,-1.015431,0.7379113,-2.102193
RIPS,570.9974,-1.015475,0.7380404,-2.102169
RIPS,571.0065,-1.015464,0.7380647,-2.102132
RIPS,571.0137,-1.015383,0.7380342,-2.102149
RIPS,571.022,-1.015335,0.7379709,-2.102083
RIPS,571.0302,-1.015334,0.7380745,-2.102011
RIPS,571.0384,-1.015142,0.7383159,-2.101986
RIPS,571.0469,-1.015016,0.7385499,-2.101776
RIPS,571.055,-1.014903,0.7387438,-2.10161
RIPS,571.0645,-1.014743,0.7390064,-2.101387
RIPS,571.0721,-1.014649,0.7392319,-2.101239
RIPS,571.0801,-1.014499,0.7393453,-2.101116
RIPS,571.0887,-1.014455,0.7395251,-2.100984
RIPS,571.0969,-1.014294,0.7393435,-2.100965
RIPS,571.1051,-1.0143,0.7392661,-2.100996
RIPS,571.1138,-1.014307,0.7392043,-2.101054
RIPS,571.1218,-1.014276,0.7391656,-2.101023
RIPS,571.1308,-1.014267,0.7391102,-2.101035
RIPS,571.1387,-1.014195,0.7391283,-2.100978
RIPS,571.147,-1.014167,0.7392197,-2.100889
RIPS,571.1553,-1.014035,0.7393857,-2.100792
RIPS,571.1646,-1.013945,0.7397077,-2.100631
RIPS,571.1718,-1.013836,0.7399374,-2.100492
RIPS,571.1801,-1.013792,0.7402359,-2.100368
RIPS,571.1883,-1.013645,0.7404753,-2.100242
RIPS,571.1978,-1.013688,0.7404863,-2.100192
RIPS,571.2061,-1.013603,0.7404817,-2.100179
RIPS,571.2134,-1.013699,0.7405532,-2.100233
RIPS,571.222,-1.013757,0.7404893,-2.100313
RIPS,571.2301,-1.013722,0.740474,-2.100334
RIPS,571.2387,-1.013727,0.7406731,-2.100448
RIPS,571.2468,-1.013727,0.7407968,-2.100447
RIPS,571.2552,-1.013779,0.7408339,-2.100409
RIPS,571.2643,-1.013865,0.7410225,-2.100323
RIPS,571.272,-1.013857,0.7412429,-2.100241
RIPS,571.2803,-1.013838,0.7412763,-2.100245
RIPS,571.2888,-1.013753,0.741393,-2.100213
RIPS,571.297,-1.013644,0.7414558,-2.100174
RIPS,571.3053,-1.013588,0.7414102,-2.100127
RIPS,571.3137,-1.013532,0.7414104,-2.100096
RIPS,571.3216,-1.013489,0.7414276,-2.100049
RIPS,571.3304,-1.013447,0.7414824,-2.100038
RIPS,571.3387,-1.013449,0.7415284,-2.100041
RIPS,571.3469,-1.013403,0.7416059,-2.099983
RIPS,571.3551,-1.013361,0.7415885,-2.099945
RIPS,571.3643,-1.013335,0.7416549,-2.099888
RIPS,571.372,-1.013285,0.7416764,-2.099872
RIPS,571.3802,-1.013282,0.7417989,-2.099875
RIPS,571.3885,-1.013276,0.7418588,-2.099811
RIPS,571.3974,-1.013256,0.7419516,-2.099736
RIPS,571.4063,-1.013224,0.7420288,-2.099709
RIPS,571.4137,-1.013248,0.7420756,-2.099698
RIPS,571.4218,-1.013269,0.7420657,-2.099574
RIPS,571.4304,-1.01323,0.7420845,-2.099545
RIPS,571.4384,-1.013272,0.7420656,-2.099517
RIPS,571.4469,-1.013298,0.7420803,-2.09943
RIPS,571.4548,-1.013361,0.7421145,-2.099446
RIPS,571.4647,-1.013382,0.7421321,-2.099349
RIPS,571.4716,-1.013434,0.7422044,-2.099265
RIPS,571.48,-1.013401,0.7422621,-2.099184
RIPS,571.489,-1.013406,0.7422947,-2.099139
RIPS,571.4969,-1.013349,0.7421951,-2.099118
RIPS,571.5053,-1.013389,0.7420911,-2.099112
RIPS,571.5135,-1.013416,0.742117,-2.099253
RIPS,571.5218,-1.013523,0.7422355,-2.099295
RIPS,571.5309,-1.013605,0.7423625,-2.099369
RIPS,571.5383,-1.01368,0.742391,-2.0994
RIPS,571.5472,-1.013695,0.7424511,-2.099352
RIPS,571.5549,-1.013809,0.7423896,-2.099261
RIPS,571.5644,-1.013794,0.7423952,-2.099199
RIPS,571.5721,-1.013793,0.7424095,-2.099189
RIPS,571.5803,-1.013809,0.7424188,-2.099167
RIPS,571.5884,-1.013847,0.7424517,-2.09915
RIPS,571.5975,-1.01389,0.7423981,-2.099093
RIPS,571.606,-1.013899,0.7424269,-2.099044
RIPS,571.6137,-1.013925,0.7424553,-2.099063
RIPS,571.6218,-1.013895,0.7424441,-2.099039
RIPS,571.6304,-1.013915,0.7424654,-2.099034
RIPS,571.6391,-1.013913,0.7424535,-2.099001
RIPS,571.6472,-1.013895,0.7424849,-2.099024
RIPS,571.6555,-1.013892,0.7425201,-2.099001
RIPS,571.6642,-1.013914,0.7425817,-2.098974
RIPS,571.6721,-1.013995,0.7426425,-2.098865
RIPS,571.6801,-1.013987,0.742667,-2.09883
RIPS,571.6888,-1.013976,0.7427071,-2.098798
RIPS,571.6968,-1.014138,0.7428588,-2.098737
RIPS,571.7053,-1.014148,0.7428906,-2.098722
RIPS,571.7137,-1.014242,0.7427099,-2.098701
RIPS,571.7217,-1.014297,0.7426543,-2.098716
RIPS,571.7303,-1.01434,0.7426725,-2.098717
RIPS,571.7386,-1.014383,0.7427339,-2.098701
RIPS,571.7466,-1.014416,0.7427895,-2.098638
RIPS,571.7552,-1.014399,0.7429059,-2.098589
RIPS,571.7641,-1.014384,0.7430757,-2.098506
RIPS,571.772,-1.014323,0.7432747,-2.098407
RIPS,571.7802,-1.01433,0.7433885,-2.09833
RIPS,571.7881,-1.014378,0.7434918,-2.098354
RIPS,571.7975,-1.014389,0.7435797,-2.098436
RIPS,571.8057,-1.01442,0.7435549,-2.09845
RIPS,571.8134,-1.01447,0.7434982,-2.098423
RIPS,571.822,-1.014485,0.7435482,-2.098376
RIPS,571.83,-1.014555,0.7435619,-2.098261
RIPS,571.8386,-1.01452,0.7437938,-2.098127
RIPS,571.8471,-1.014509,0.7439622,-2.098041
RIPS,571.8552,-1.014563,0.7440974,-2.097898
RIPS,571.8639,-1.014577,0.7442471,-2.097779
RIPS,571.8719,-1.014545,0.7443442,-2.097654
RIPS,571.8801,-1.014621,0.7445252,-2.097629
RIPS,571.8886,-1.014575,0.7445889,-2.097555
RIPS,571.8969,-1.014633,0.7445664,-2.097529
RIPS,571.9048,-1.014634,0.744557,-2.097488
RIPS,571.9133,-1.014655,0.7444847,-2.097512
RIPS,571.9217,-1.01469,0.7444994,-2.097503
RIPS,571.9306,-1.014706,0.7444804,-2.09745
RIPS,571.9384,-1.014736,0.7445455,-2.097409
RIPS,571.9466,-1.014759,0.744663,-2.097335
RIPS,571.9551,-1.014966,0.7447803,-2.09716
RIPS,571.9641,-1.014996,0.7449718,-2.097071
RIPS,571.9719,-1.015104,0.7450789,-2.09705
RIPS,571.9802,-1.015164,0.7451431,-2.096994
RIPS,571.9885,-1.015222,0.7451046,-2.096929
RIPS,571.9976,-1.015185,0.7449926,-2.096886
RIPS,572.0087,-1.015276,0.7449318,-2.096861
RIPS,572.0176,-1.015405,0.7449037,-2.096789
RIPS,572.0229,-1.015514,0.7446324,-2.096726
RIPS,572.0279,-1.015652,0.7447249,-2.096747
RIPS,572.0362,-1.015796,0.7447065,-2.096742
RIPS,572.0445,-1.015898,0.7449038,-2.096682
RIPS,572.0525,-1.016015,0.7450958,-2.096563
RIPS,572.062,-1.016128,0.7452412,-2.0963
RIPS,572.0696,-1.016339,0.7455027,-2.096097
RIPS,572.0776,-1.016598,0.7456394,-2.095955
RIPS,572.0868,-1.016886,0.7458526,-2.095938
RIPS,572.0945,-1.01717,0.7460164,-2.095994
RIPS,572.1024,-1.017438,0.7459788,-2.096149
RIPS,572.111,-1.017651,0.745963,-2.096359
RIPS,572.1192,-1.017945,0.7457836,-2.096669
RIPS,572.1284,-1.018231,0.7456399,-2.096955
RIPS,572.1367,-1.018397,0.7453752,-2.0975
RIPS,572.1446,-1.018696,0.745033,-2.098006
RIPS,572.1531,-1.01911,0.7447084,-2.098586
RIPS,572.1613,-1.019552,0.7443489,-2.099298
RIPS,572.1696,-1.020018,0.7442585,-2.099832
RIPS,572.1782,-1.020462,0.7443093,-2.100076
RIPS,572.1861,-1.020894,0.7445256,-2.100271
RIPS,572.195,-1.021474,0.7447323,-2.100567
RIPS,572.2035,-1.021992,0.7449826,-2.100875
RIPS,572.2115,-1.022495,0.7450551,-2.101308
RIPS,572.2192,-1.02304,0.7448769,-2.101992
RIPS,572.2279,-1.023518,0.7446902,-2.102578
RIPS,572.2363,-1.024016,0.7442226,-2.103121
RIPS,572.2444,-1.024552,0.7441137,-2.103409
RIPS,572.2526,-1.025092,0.7439983,-2.103645
RIPS,572.2614,-1.025765,0.7440166,-2.103876
RIPS,572.2698,-1.026403,0.7441675,-2.104052
RIPS,572.2778,-1.026991,0.7445076,-2.104205
RIPS,572.2868,-1.027537,0.7446843,-2.104496
RIPS,572.2947,-1.027896,0.7447373,-2.104819
RIPS,572.3027,-1.028208,0.7448054,-2.105011
RIPS,572.3116,-1.028448,0.7447216,-2.105253
RIPS,572.3207,-1.028888,0.7445955,-2.105498
RIPS,572.3295,-1.029108,0.7441984,-2.105591
RIPS,572.3365,-1.029448,0.7439884,-2.105628
RIPS,572.3455,-1.029767,0.7438639,-2.105567
RIPS,572.3535,-1.030015,0.7439368,-2.105608
RIPS,572.3624,-1.030304,0.7440081,-2.105516
RIPS,572.371,-1.030586,0.7442281,-2.10536
RIPS,572.3793,-1.030893,0.7443874,-2.105269
RIPS,572.3875,-1.031131,0.7447333,-2.105056
RIPS,572.397,-1.03153,0.7448135,-2.104825
RIPS,572.4056,-1.031954,0.7449794,-2.104657
RIPS,572.4133,-1.032326,0.7451352,-2.104473
RIPS,572.4216,-1.032774,0.7451918,-2.104334
RIPS,572.4301,-1.033211,0.7452462,-2.104178
RIPS,572.4383,-1.033575,0.7453801,-2.103879
RIPS,572.4465,-1.03402,0.7455813,-2.103621
RIPS,572.4547,-1.034366,0.7457851,-2.103401
RIPS,572.4638,-1.034864,0.7462549,-2.103353
RIPS,572.4717,-1.035115,0.7465038,-2.102986
RIPS,572.4798,-1.035415,0.7467808,-2.102749
RIPS,572.4891,-1.03572,0.7470635,-2.102478
RIPS,572.4966,-1.036022,0.747326,-2.102183
RIPS,572.5052,-1.036375,0.7476378,-2.101849
RIPS,572.5134,-1.036903,0.7480053,-2.101528
RIPS,572.5214,-1.037314,0.7482831,-2.101277
RIPS,572.5304,-1.037678,0.7486215,-2.100935
RIPS,572.5382,-1.03794,0.7488754,-2.10057
RIPS,572.5468,-1.038273,0.7492089,-2.100173
RIPS,572.555,-1.038465,0.7494674,-2.099732
RIPS,572.564,-1.038749,0.7498772,-2.099224
RIPS,572.5718,-1.039035,0.7503703,-2.098753
RIPS,572.5797,-1.039338,0.7507861,-2.098322
RIPS,572.5881,-1.039603,0.7513655,-2.097986
RIPS,572.597,-1.039923,0.7518595,-2.097533
RIPS,572.6057,-1.040235,0.7524234,-2.096865
RIPS,572.6137,-1.040594,0.7528252,-2.096029
RIPS,572.6221,-1.04097,0.7533091,-2.09526
RIPS,572.6323,-1.041546,0.7537246,-2.094581
RIPS,572.6417,-1.041883,0.7541206,-2.093781
RIPS,572.6478,-1.042253,0.7546424,-2.093388
RIPS,572.6531,-1.04268,0.7552068,-2.093143
RIPS,572.6632,-1.043013,0.7558199,-2.092676
RIPS,572.6702,-1.043254,0.7566691,-2.091744
RIPS,572.6784,-1.043526,0.757564,-2.0908
RIPS,572.6868,-1.043805,0.7587852,-2.088879
RIPS,572.695,-1.043898,0.7607888,-2.085729
RIPS,572.7029,-1.044308,0.761326,-2.085074
RIPS,572.7118,-1.044755,0.761981,-2.084178
RIPS,572.7195,-1.045043,0.7630508,-2.082335
RIPS,572.7289,-1.045362,0.7632437,-2.081991
RIPS,572.7366,-1.045708,0.7635713,-2.081662
RIPS,572.7449,-1.04607,0.7639642,-2.081268
RIPS,572.7529,-1.046414,0.7644327,-2.080982
RIPS,572.7617,-1.046858,0.7648339,-2.080775
RIPS,572.7701,-1.047549,0.7653124,-2.080694
RIPS,572.7784,-1.04811,0.7656777,-2.080624
RIPS,572.7879,-1.048775,0.7659882,-2.080706
RIPS,572.7968,-1.049386,0.7661695,-2.080795
RIPS,572.8033,-1.050022,0.7661872,-2.080926
RIPS,572.8117,-1.050344,0.7662865,-2.081079
RIPS,572.8196,-1.050841,0.7663953,-2.081051
RIPS,572.8279,-1.051317,0.7665359,-2.081019
RIPS,572.8367,-1.051811,0.7667176,-2.081156
RIPS,572.8448,-1.052289,0.7669407,-2.081276
RIPS,572.8528,-1.052668,0.7672011,-2.081456
RIPS,572.8616,-1.053162,0.7675648,-2.0817
RIPS,572.8694,-1.053716,0.7677332,-2.08173
RIPS,572.8779,-1.054242,0.7678682,-2.081832
RIPS,572.8871,-1.054947,0.7679407,-2.082178
RIPS,572.8946,-1.055388,0.7679233,-2.082283
RIPS,572.9031,-1.055972,0.767996,-2.082131
RIPS,572.9113,-1.056319,0.7681636,-2.082052
RIPS,572.9201,-1.056719,0.7683952,-2.082007
RIPS,572.9291,-1.057121,0.7686203,-2.08224
RIPS,572.937,-1.057558,0.7688318,-2.082326
RIPS,572.9456,-1.057932,0.769118,-2.081965
RIPS,572.9536,-1.058063,0.769479,-2.081694
RIPS,572.9628,-1.058383,0.7698311,-2.081477
RIPS,572.9707,-1.058536,0.7701487,-2.080972
RIPS,572.9791,-1.058722,0.7704369,-2.080389
RIPS,572.9874,-1.058874,0.7710575,-2.079195
RIPS,572.9965,-1.059076,0.7715553,-2.0784
RIPS,573.0056,-1.059282,0.771655,-2.078501
RIPS,573.0131,-1.059438,0.771871,-2.078746
RIPS,573.0212,-1.059616,0.7719916,-2.078835
RIPS,573.0295,-1.059725,0.7720699,-2.078949
RIPS,573.0377,-1.059927,0.772036,-2.078864
RIPS,573.0463,-1.060106,0.7721076,-2.078855
RIPS,573.0543,-1.060336,0.7722149,-2.078821
RIPS,573.063,-1.060523,0.7723762,-2.078878
RIPS,573.0711,-1.060758,0.7724893,-2.078943
RIPS,573.0796,-1.060896,0.7725617,-2.079026
RIPS,573.0882,-1.060985,0.7726765,-2.079153
RIPS,573.0966,-1.061137,0.7727823,-2.079165
RIPS,573.1044,-1.06139,0.7729479,-2.079202
RIPS,573.113,-1.061595,0.7730792,-2.079253
RIPS,573.1213,-1.061788,0.7731932,-2.079268
RIPS,573.1306,-1.062213,0.7732423,-2.079277
RIPS,573.1381,-1.062334,0.7732647,-2.079411
RIPS,573.1465,-1.062433,0.773281,-2.079402
RIPS,573.1547,-1.06247,0.7732857,-2.079452
RIPS,573.1636,-1.062297,0.7732953,-2.079588
RIPS,573.1719,-1.062277,0.7732684,-2.079638
RIPS,573.1798,-1.062213,0.7732975,-2.079687
RIPS,573.1882,-1.061958,0.7733259,-2.07974
RIPS,573.1968,-1.06194,0.7734304,-2.079681
RIPS,573.2056,-1.061925,0.7735425,-2.079616
RIPS,573.2135,-1.062075,0.7737109,-2.079646
RIPS,573.2211,-1.062158,0.7737755,-2.07969
RIPS,573.2297,-1.062346,0.7738099,-2.079769
RIPS,573.2381,-1.062456,0.7737486,-2.079874
RIPS,573.2464,-1.062619,0.7737711,-2.079996
RIPS,573.2545,-1.06264,0.7737545,-2.080063
RIPS,573.2634,-1.062689,0.7737592,-2.080129
RIPS,573.2717,-1.062729,0.7737343,-2.080031
RIPS,573.2795,-1.062744,0.7736936,-2.080018
RIPS,573.2883,-1.062665,0.7737778,-2.07993
RIPS,573.2962,-1.062637,0.7737706,-2.079853
RIPS,573.3047,-1.062477,0.773865,-2.079893
RIPS,573.3129,-1.062489,0.7740284,-2.079915
RIPS,573.3214,-1.06248,0.7740465,-2.079943
RIPS,573.33,-1.062398,0.7740971,-2.080075
RIPS,573.3379,-1.062453,0.774043,-2.080195
RIPS,573.3464,-1.062619,0.7740679,-2.080222
RIPS,573.3549,-1.062583,0.7740197,-2.08026
RIPS,573.3635,-1.06284,0.7739182,-2.080295
RIPS,573.3712,-1.062787,0.7739552,-2.080319
RIPS,573.3799,-1.062759,0.7739196,-2.080367
RIPS,573.388,-1.062685,0.7739131,-2.080471
RIPS,573.3967,-1.06265,0.7740261,-2.080523
RIPS,573.4056,-1.062394,0.774158,-2.080628
RIPS,573.4129,-1.062415,0.7742141,-2.080779
RIPS,573.4211,-1.062379,0.7742677,-2.080858
RIPS,573.4297,-1.062341,0.7742497,-2.080881
RIPS,573.438,-1.06232,0.7740648,-2.080893
RIPS,573.4462,-1.062353,0.774028,-2.080936
RIPS,573.4547,-1.062363,0.7740087,-2.080986
RIPS,573.4636,-1.062379,0.7738326,-2.081049
RIPS,573.4713,-1.062447,0.7738197,-2.081229
RIPS,573.4796,-1.062476,0.7738512,-2.081405
RIPS,573.4888,-1.062461,0.7738011,-2.081458
RIPS,573.4961,-1.062405,0.7739432,-2.081593
RIPS,573.5044,-1.062315,0.7739325,-2.08162
RIPS,573.5132,-1.062269,0.7738765,-2.081665
RIPS,573.5211,-1.062187,0.773959,-2.081672
RIPS,573.5303,-1.062042,0.773934,-2.081695
RIPS,573.5378,-1.061972,0.7737939,-2.081728
RIPS,573.5465,-1.061939,0.7738003,-2.081813
RIPS,573.5546,-1.061949,0.7737127,-2.081923
RIPS,573.564,-1.062117,0.7736176,-2.082071
RIPS,573.5715,-1.062177,0.7736199,-2.082304
RIPS,573.5796,-1.062237,0.7735851,-2.082473
RIPS,573.588,-1.062312,0.7735647,-2.082626
RIPS,573.597,-1.062285,0.7736112,-2.082783
RIPS,573.6053,-1.062212,0.7735297,-2.082919
RIPS,573.6132,-1.062145,0.773522,-2.083002
RIPS,573.6212,-1.062052,0.7735299,-2.083037
RIPS,573.6297,-1.061861,0.7735057,-2.082996
RIPS,573.6379,-1.061806,0.7734213,-2.083048
RIPS,573.6467,-1.061718,0.773414,-2.083136
RIPS,573.6569,-1.061748,0.7733833,-2.083249
RIPS,573.6657,-1.061856,0.7733685,-2.083413
RIPS,573.6718,-1.061941,0.7733951,-2.083601
RIPS,573.6794,-1.061989,0.7734107,-2.08381
RIPS,573.6887,-1.062203,0.7733679,-2.084
RIPS,573.6982,-1.062262,0.7733181,-2.084201
RIPS,573.707,-1.062353,0.773301,-2.084413
RIPS,573.7123,-1.062349,0.7732456,-2.08451
RIPS,573.7206,-1.062339,0.7732037,-2.084547
RIPS,573.7291,-1.062199,0.7731866,-2.084613
RIPS,573.7369,-1.062133,0.7731138,-2.084553
RIPS,573.7462,-1.061944,0.7730681,-2.084476
RIPS,573.7534,-1.061911,0.7730174,-2.084492
RIPS,573.7619,-1.061883,0.7730365,-2.084488
RIPS,573.7704,-1.06187,0.7729942,-2.08455
RIPS,573.7784,-1.061927,0.772981,-2.084664
RIPS,573.7866,-1.062003,0.7729874,-2.084827
RIPS,573.7953,-1.062046,0.7729799,-2.084982
RIPS,573.8046,-1.06205,0.7729882,-2.085056
RIPS,573.812,-1.062058,0.7729428,-2.085189
RIPS,573.8199,-1.062065,0.7729347,-2.085258
RIPS,573.8285,-1.06212,0.772895,-2.085354
RIPS,573.8369,-1.0621,0.7729328,-2.085387
RIPS,573.8453,-1.062009,0.7729614,-2.085339
RIPS,573.8536,-1.062006,0.7729669,-2.085317
RIPS,573.8621,-1.062021,0.7730471,-2.085303
RIPS,573.8698,-1.061934,0.773086,-2.085287
RIPS,573.8787,-1.061976,0.7731209,-2.085347
RIPS,573.8873,-1.062084,0.7731595,-2.085369
RIPS,573.8951,-1.06217,0.7731882,-2.085452
RIPS,573.9036,-1.062383,0.7731642,-2.085631
RIPS,573.9118,-1.062437,0.7731625,-2.085742
RIPS,573.9202,-1.062489,0.773102,-2.085791
RIPS,573.9289,-1.06249,0.7730348,-2.085875
RIPS,573.937,-1.062495,0.7730176,-2.085829
RIPS,573.9452,-1.062364,0.773,-2.085791
RIPS,573.9533,-1.062412,0.7730703,-2.085797
RIPS,573.9617,-1.062199,0.7731302,-2.085709
RIPS,573.9704,-1.062254,0.7731859,-2.085754
RIPS,573.9786,-1.062326,0.7732438,-2.085872
RIPS,573.9871,-1.062275,0.7732873,-2.085837
RIPS,573.9963,-1.062327,0.7732223,-2.085906
RIPS,574.0049,-1.06245,0.773227,-2.085812
RIPS,574.0123,-1.062471,0.7732303,-2.085762
RIPS,574.021,-1.062571,0.7731574,-2.085609
RIPS,574.0292,-1.062593,0.7731627,-2.085533
RIPS,574.0375,-1.062615,0.773147,-2.085357
RIPS,574.0461,-1.06254,0.7731953,-2.085323
RIPS,574.0544,-1.062588,0.7733195,-2.085346
RIPS,574.0634,-1.062565,0.7733799,-2.085387
RIPS,574.0709,-1.062629,0.7734221,-2.085459
RIPS,574.0794,-1.06256,0.7735329,-2.085512
RIPS,574.0881,-1.06263,0.7735912,-2.085478
RIPS,574.0962,-1.062648,0.7735643,-2.085375
RIPS,574.1047,-1.062664,0.7735879,-2.085246
RIPS,574.113,-1.06269,0.7736242,-2.085083
RIPS,574.1212,-1.062691,0.773634,-2.084875
RIPS,574.1299,-1.062757,0.7736862,-2.084797
RIPS,574.1379,-1.062828,0.7737429,-2.084768
RIPS,574.1464,-1.06292,0.7737776,-2.084784
RIPS,574.1546,-1.063025,0.7738894,-2.08479
RIPS,574.1639,-1.063041,0.7739567,-2.084711
RIPS,574.1716,-1.06314,0.7740409,-2.084662
RIPS,574.1796,-1.063228,0.7741891,-2.084558
RIPS,574.1877,-1.063218,0.7742633,-2.084354
RIPS,574.1972,-1.063291,0.7742753,-2.084237
RIPS,574.2052,-1.063293,0.7743308,-2.083934
RIPS,574.2131,-1.06335,0.7744321,-2.083826
RIPS,574.2213,-1.063617,0.7743692,-2.083762
RIPS,574.2294,-1.063668,0.7744024,-2.083722
RIPS,574.238,-1.06351,0.7744223,-2.083721
RIPS,574.2463,-1.063529,0.7744529,-2.083676
RIPS,574.2546,-1.063584,0.7744903,-2.083601
RIPS,574.2634,-1.063609,0.7745827,-2.083489
RIPS,574.2715,-1.063649,0.7745988,-2.083376
RIPS,574.2796,-1.063714,0.7746947,-2.083256
RIPS,574.2882,-1.063372,0.7747099,-2.083049
RIPS,574.2961,-1.063401,0.7746551,-2.082945
RIPS,574.3047,-1.063367,0.7746832,-2.082837
RIPS,574.3145,-1.063427,0.77478,-2.082787
RIPS,574.3228,-1.06364,0.774694,-2.082779
RIPS,574.3298,-1.063715,0.7747439,-2.082774
RIPS,574.3378,-1.063833,0.7748027,-2.082817
RIPS,574.3463,-1.063869,0.7747872,-2.08272
RIPS,574.3544,-1.063959,0.7748377,-2.082724
RIPS,574.3629,-1.063968,0.7749729,-2.082653
RIPS,574.3711,-1.064065,0.7749351,-2.082655
RIPS,574.3793,-1.064175,0.7750229,-2.082682
RIPS,574.3878,-1.064327,0.7749894,-2.082648
RIPS,574.3969,-1.064444,0.7749138,-2.082625
RIPS,574.4057,-1.064255,0.7749279,-2.08251
RIPS,574.4127,-1.064362,0.7749088,-2.08249
RIPS,574.4211,-1.064448,0.7747689,-2.08248
RIPS,574.4293,-1.064229,0.7747855,-2.082399
RIPS,574.4379,-1.064314,0.7747452,-2.082408
RIPS,574.446,-1.064348,0.7746922,-2.082347
RIPS,574.454,-1.064439,0.7747635,-2.082377
RIPS,574.4638,-1.06443,0.7747256,-2.082314
RIPS,574.4713,-1.064501,0.7747068,-2.08238
RIPS,574.4795,-1.064579,0.774707,-2.08243
RIPS,574.4882,-1.064594,0.7747061,-2.082397
RIPS,574.4958,-1.064694,0.7747194,-2.082349
RIPS,574.5043,-1.064729,0.7747195,-2.082349
RIPS,574.5128,-1.064837,0.7747264,-2.082309
RIPS,574.5214,-1.064889,0.7747621,-2.082309
RIPS,574.5294,-1.064838,0.774743,-2.082347
RIPS,574.5377,-1.064795,0.7747526,-2.082422
RIPS,574.5463,-1.064739,0.7747484,-2.082455
RIPS,574.5543,-1.064713,0.7747285,-2.082456
RIPS,574.5632,-1.064605,0.7746606,-2.082419
RIPS,574.5712,-1.064598,0.7746176,-2.082399
RIPS,574.5794,-1.064588,0.7745599,-2.082343
RIPS,574.5876,-1.064683,0.7745342,-2.082302
RIPS,574.5965,-1.064693,0.7745039,-2.082316
RIPS,574.6057,-1.06473,0.7744821,-2.082319
RIPS,574.6125,-1.064772,0.7744651,-2.082422
RIPS,574.6214,-1.064556,0.7744447,-2.082375
RIPS,574.6293,-1.064559,0.7744387,-2.082423
RIPS,574.6375,-1.064466,0.774432,-2.082262
RIPS,574.6469,-1.064458,0.7744449,-2.082238
RIPS,574.6547,-1.06443,0.7744136,-2.082213
RIPS,574.6638,-1.064662,0.7743936,-2.082361
RIPS,574.6717,-1.064642,0.7743687,-2.082369
RIPS,574.6794,-1.064617,0.774322,-2.082467
RIPS,574.688,-1.064595,0.7743039,-2.082571
RIPS,574.6963,-1.064605,0.7742624,-2.082697
RIPS,574.7043,-1.064655,0.7742655,-2.082815
RIPS,574.7131,-1.064662,0.7742475,-2.082837
RIPS,574.721,-1.064551,0.7742948,-2.082783
RIPS,574.7303,-1.064549,0.7742965,-2.082728
RIPS,574.7375,-1.064569,0.7743855,-2.08267
RIPS,574.746,-1.064351,0.7743742,-2.082417
RIPS,574.7544,-1.064398,0.7744274,-2.082443
RIPS,574.7634,-1.064689,0.7743979,-2.082459
RIPS,574.7717,-1.064698,0.7744043,-2.082514
RIPS,574.7822,-1.06466,0.7742605,-2.082585
RIPS,574.7911,-1.064709,0.7742555,-2.082735
RIPS,574.7971,-1.064683,0.7742267,-2.082705
RIPS,574.8035,-1.064789,0.7742255,-2.082721
RIPS,574.8109,-1.064763,0.7741903,-2.082674
RIPS,574.8192,-1.064696,0.7743453,-2.08256
RIPS,574.8278,-1.064674,0.7743559,-2.082514
RIPS,574.836,-1.064573,0.7743183,-2.08241
RIPS,574.8444,-1.064433,0.7743288,-2.082482
RIPS,574.8524,-1.064395,0.7743394,-2.082581
RIPS,574.8615,-1.064192,0.7742784,-2.082699
RIPS,574.8696,-1.064166,0.7742847,-2.082814
RIPS,574.8776,-1.064139,0.774205,-2.082907
RIPS,574.8867,-1.063956,0.7742496,-2.082823
RIPS,574.8942,-1.06399,0.7742151,-2.082796
RIPS,574.9026,-1.064153,0.774173,-2.082669
RIPS,574.911,-1.064181,0.7741774,-2.082575
RIPS,574.919,-1.064238,0.7742937,-2.08252
RIPS,574.9279,-1.064111,0.7742683,-2.082348
RIPS,574.9362,-1.064142,0.774277,-2.082382
RIPS,574.9443,-1.064031,0.7742768,-2.082395
RIPS,574.9523,-1.06403,0.7742547,-2.082481
RIPS,574.9609,-1.063732,0.7742723,-2.082426
RIPS,574.9698,-1.063678,0.7742862,-2.082457
RIPS,574.9778,-1.063612,0.7741527,-2.082425
RIPS,574.986,-1.063368,0.774147,-2.082201
RIPS,574.9947,-1.063344,0.7741874,-2.082115
RIPS,575.0029,-1.063229,0.7741762,-2.081962
RIPS,575.011,-1.063208,0.7741868,-2.081964
RIPS,575.0195,-1.063189,0.7743469,-2.081952
RIPS,575.0276,-1.063066,0.774364,-2.081911
RIPS,575.0361,-1.063028,0.7744311,-2.081892
RIPS,575.0445,-1.062809,0.7744257,-2.081819
RIPS,575.0524,-1.062771,0.7744265,-2.081748
RIPS,575.0613,-1.062859,0.7744486,-2.081709
RIPS,575.0698,-1.062816,0.7744791,-2.081625
RIPS,575.0782,-1.062743,0.7744675,-2.081544
RIPS,575.0871,-1.062741,0.7743987,-2.081654
RIPS,575.0952,-1.062611,0.774384,-2.081571
RIPS,575.1035,-1.062528,0.7743548,-2.08149
RIPS,575.1118,-1.062436,0.7744563,-2.081471
RIPS,575.1203,-1.062266,0.7744583,-2.08137
RIPS,575.1296,-1.062212,0.7744543,-2.081339
RIPS,575.1373,-1.061972,0.774448,-2.081153
RIPS,575.146,-1.061912,0.7744219,-2.081101
RIPS,575.1543,-1.06188,0.77433,-2.081008
RIPS,575.1631,-1.061806,0.7743403,-2.080941
RIPS,575.1714,-1.061704,0.7743365,-2.080827
RIPS,575.1794,-1.061613,0.7744416,-2.080715
RIPS,575.1875,-1.061489,0.7745005,-2.080623
RIPS,575.1968,-1.06142,0.7746268,-2.080601
RIPS,575.2055,-1.061266,0.7746555,-2.08051
RIPS,575.213,-1.061097,0.77483,-2.080404
RIPS,575.2211,-1.060895,0.774902,-2.080294
RIPS,575.2295,-1.060729,0.7749624,-2.080154
RIPS,575.2375,-1.060307,0.7750064,-2.079793
RIPS,575.246,-1.060158,0.7750711,-2.079613
RIPS,575.2544,-1.060323,0.7750551,-2.079557
RIPS,575.264,-1.06013,0.7750618,-2.079346
RIPS,575.2711,-1.059891,0.7750392,-2.079129
RIPS,575.2796,-1.059644,0.7749584,-2.078968
RIPS,575.2882,-1.059388,0.7748374,-2.078745
RIPS,575.296,-1.05893,0.774666,-2.078499
RIPS,575.3049,-1.058559,0.7744992,-2.078263
RIPS,575.3126,-1.058208,0.7743089,-2.07808
RIPS,575.3211,-1.057599,0.7742189,-2.077645
RIPS,575.3297,-1.057197,0.7740253,-2.077313
RIPS,575.3375,-1.056907,0.7737437,-2.076924
RIPS,575.346,-1.05654,0.7734752,-2.076544
RIPS,575.3547,-1.056126,0.7731934,-2.076185
RIPS,575.3632,-1.055752,0.7729101,-2.075827
RIPS,575.3712,-1.055282,0.7725826,-2.075555
RIPS,575.3793,-1.054764,0.7723221,-2.075239
RIPS,575.3881,-1.054336,0.7720314,-2.074973
RIPS,575.3966,-1.054121,0.7718213,-2.074814
RIPS,575.4055,-1.053678,0.7715571,-2.074448
RIPS,575.4126,-1.053071,0.7707244,-2.075218
RIPS,575.4211,-1.052874,0.7698957,-2.076713
RIPS,575.4295,-1.052559,0.7694684,-2.077401
RIPS,575.4377,-1.052238,0.769003,-2.077912
RIPS,575.4464,-1.052533,0.7689134,-2.079076
RIPS,575.4543,-1.052047,0.7686393,-2.079125
RIPS,575.4636,-1.051125,0.7682115,-2.078708
RIPS,575.4709,-1.050556,0.7679458,-2.078729
RIPS,575.4796,-1.049911,0.7677851,-2.078767
RIPS,575.4879,-1.049256,0.767708,-2.07888
RIPS,575.4961,-1.048651,0.7676835,-2.078722
RIPS,575.5042,-1.048033,0.7678704,-2.078676
RIPS,575.5129,-1.047317,0.7679377,-2.078377
RIPS,575.5213,-1.046482,0.7676775,-2.077839
RIPS,575.5302,-1.045765,0.7674552,-2.077511
RIPS,575.5378,-1.044907,0.7668943,-2.077163
RIPS,575.5464,-1.044147,0.7664903,-2.07692
RIPS,575.5543,-1.043433,0.7662326,-2.076682
RIPS,575.5634,-1.042736,0.7659949,-2.076392
RIPS,575.5709,-1.042101,0.7661354,-2.075994
RIPS,575.5793,-1.041519,0.7662997,-2.075659
RIPS,575.5876,-1.040871,0.7664321,-2.075176
RIPS,575.5963,-1.040219,0.7664121,-2.074575
RIPS,575.6052,-1.039598,0.7662679,-2.074129
RIPS,575.6131,-1.038923,0.7660809,-2.073807
RIPS,575.621,-1.038219,0.7659135,-2.073684
RIPS,575.6295,-1.037525,0.765615,-2.073582
RIPS,575.6378,-1.036819,0.7653559,-2.073537
RIPS,575.6463,-1.036111,0.7651733,-2.073354
RIPS,575.6541,-1.035442,0.7650221,-2.073098
RIPS,575.6636,-1.034813,0.7648713,-2.072797
RIPS,575.6713,-1.034205,0.7647517,-2.072563
RIPS,575.6797,-1.033618,0.7647355,-2.072281
RIPS,575.689,-1.033167,0.7649218,-2.07218
RIPS,575.6962,-1.032645,0.7649274,-2.072014
RIPS,575.7042,-1.032197,0.7647254,-2.071887
RIPS,575.713,-1.031647,0.7644427,-2.071798
RIPS,575.7209,-1.030945,0.7638797,-2.071815
RIPS,575.7305,-1.030314,0.763219,-2.071885
RIPS,575.7377,-1.02949,0.7625424,-2.072032
RIPS,575.746,-1.028831,0.7619373,-2.072126
RIPS,575.7542,-1.028328,0.7612935,-2.072824
RIPS,575.7632,-1.028203,0.760509,-2.074851
RIPS,575.7713,-1.027796,0.7602918,-2.075473
RIPS,575.7793,-1.027355,0.7600615,-2.076111
RIPS,575.7877,-1.026997,0.7602368,-2.076551
RIPS,575.7962,-1.026591,0.7600629,-2.076617
RIPS,575.8057,-1.02625,0.7598031,-2.076863
RIPS,575.8124,-1.025875,0.7593234,-2.077247
RIPS,575.8209,-1.025586,0.7583578,-2.078053
RIPS,575.8292,-1.025421,0.7568479,-2.079736
RIPS,575.8376,-1.025137,0.7556132,-2.080925
RIPS,575.846,-1.024845,0.7543905,-2.082043
RIPS,575.8542,-1.024646,0.7534122,-2.083188
RIPS,575.8633,-1.024561,0.752569,-2.084555
RIPS,575.8708,-1.024432,0.7520816,-2.08549
RIPS,575.8795,-1.024373,0.7516564,-2.086493
RIPS,575.8879,-1.024311,0.7512665,-2.087697
RIPS,575.8965,-1.024176,0.7505811,-2.088579
RIPS,575.9041,-1.024033,0.749844,-2.089403
RIPS,575.9127,-1.023954,0.7489558,-2.090297
RIPS,575.921,-1.023859,0.7480648,-2.091089
RIPS,575.9297,-1.023745,0.7474753,-2.091808
RIPS,575.9374,-1.023598,0.7470143,-2.092338
RIPS,575.9459,-1.023494,0.7468359,-2.092776
RIPS,575.9545,-1.023356,0.7469552,-2.093074
RIPS,575.9634,-1.023442,0.7471508,-2.093378
RIPS,575.9708,-1.023325,0.7471848,-2.093585
RIPS,575.9796,-1.023211,0.7470649,-2.093842
RIPS,575.9878,-1.022937,0.7467377,-2.094137
RIPS,575.9963,-1.022473,0.746141,-2.094328
RIPS,576.0051,-1.022127,0.74552,-2.094519
RIPS,576.0124,-1.021817,0.7447675,-2.094777
RIPS,576.0212,-1.021526,0.7441556,-2.095044
RIPS,576.0293,-1.02125,0.7436429,-2.095198
RIPS,576.0375,-1.020988,0.7433627,-2.095495
RIPS,576.0459,-1.020789,0.7431016,-2.095812
RIPS,576.0541,-1.020544,0.7429326,-2.096066
RIPS,576.0631,-1.020308,0.7428752,-2.096364
RIPS,576.0706,-1.020091,0.7426947,-2.096628
RIPS,576.0794,-1.019925,0.7425721,-2.096936
RIPS,576.0878,-1.019792,0.7423208,-2.097275
RIPS,576.0961,-1.019639,0.7420143,-2.097535
RIPS,576.1046,-1.019704,0.7414309,-2.097991
RIPS,576.1127,-1.019686,0.7409123,-2.098364
RIPS,576.1208,-1.019676,0.7405278,-2.098635
RIPS,576.1298,-1.019731,0.7403594,-2.098863
RIPS,576.1378,-1.019835,0.7404493,-2.098936
RIPS,576.1459,-1.019902,0.740472,-2.099074
RIPS,576.1543,-1.019914,0.7404506,-2.09926
RIPS,576.1635,-1.019867,0.7402586,-2.099555
RIPS,576.1713,-1.019798,0.7399879,-2.099765
RIPS,576.1796,-1.019446,0.7397453,-2.100192
RIPS,576.1876,-1.01925,0.7393247,-2.100282
RIPS,576.1962,-1.019016,0.7390369,-2.100375
RIPS,576.2056,-1.018811,0.7388716,-2.100391
RIPS,576.2131,-1.018646,0.7387384,-2.100423
RIPS,576.221,-1.01862,0.7388288,-2.100284
RIPS,576.2297,-1.018461,0.7388892,-2.100307
RIPS,576.2373,-1.018342,0.7389947,-2.100295
RIPS,576.2461,-1.018219,0.7390246,-2.100389
RIPS,576.2542,-1.018076,0.7390825,-2.100477
RIPS,576.2632,-1.017902,0.7389305,-2.100484
RIPS,576.2711,-1.01776,0.7387032,-2.100501
RIPS,576.2793,-1.017569,0.7386609,-2.100527
RIPS,576.288,-1.01741,0.7383665,-2.10054
RIPS,576.2958,-1.01727,0.7383454,-2.1006
RIPS,576.304,-1.017222,0.7382966,-2.100712
RIPS,576.313,-1.017101,0.738302,-2.100769
RIPS,576.3208,-1.016987,0.7382641,-2.100867
RIPS,576.3299,-1.016956,0.7383511,-2.100945
RIPS,576.3376,-1.017013,0.7384785,-2.100908
RIPS,576.346,-1.016987,0.7384806,-2.100938
RIPS,576.3542,-1.01697,0.7384912,-2.100934
RIPS,576.3628,-1.016989,0.7384306,-2.100899
RIPS,576.371,-1.017008,0.7384573,-2.100941
RIPS,576.3792,-1.017063,0.7384601,-2.100986
RIPS,576.3872,-1.017063,0.7385624,-2.101084
RIPS,576.3965,-1.016988,0.7385469,-2.101192
RIPS,576.4051,-1.016931,0.7386158,-2.101261
RIPS,576.4129,-1.01686,0.7386762,-2.101225
RIPS,576.4209,-1.016802,0.7388182,-2.101227
RIPS,576.4292,-1.016691,0.7388456,-2.101185
RIPS,576.4374,-1.016631,0.7389641,-2.101196
RIPS,576.4459,-1.01661,0.7389639,-2.101284
RIPS,576.454,-1.016519,0.7389781,-2.10145
RIPS,576.4632,-1.016509,0.7389549,-2.101564
RIPS,576.4713,-1.016402,0.7388607,-2.101571
RIPS,576.4792,-1.01643,0.7387806,-2.101539
RIPS,576.4882,-1.016367,0.7388439,-2.101498
RIPS,576.4961,-1.016316,0.7388788,-2.101491
RIPS,576.5042,-1.016272,0.7388092,-2.1014
RIPS,576.5126,-1.016183,0.7387531,-2.101405
RIPS,576.521,-1.016051,0.7386954,-2.101439
RIPS,576.5296,-1.01599,0.7386672,-2.101445
RIPS,576.5375,-1.015898,0.7387939,-2.101492
RIPS,576.5459,-1.01593,0.7389154,-2.101488
RIPS,576.5541,-1.015868,0.7390157,-2.101443
RIPS,576.563,-1.015731,0.739365,-2.101336
RIPS,576.571,-1.015647,0.7395868,-2.101216
RIPS,576.5793,-1.015558,0.7397558,-2.101109
RIPS,576.5873,-1.015385,0.7397604,-2.100985
RIPS,576.5966,-1.01538,0.7397543,-2.100944
RIPS,576.6052,-1.015448,0.7397256,-2.100907
RIPS,576.6124,-1.015495,0.7395787,-2.100933
RIPS,576.6213,-1.015624,0.7396266,-2.100995
RIPS,576.6291,-1.015698,0.7395902,-2.101035
RIPS,576.6374,-1.015721,0.7396193,-2.101021
RIPS,576.6462,-1.015769,0.7397768,-2.101002
RIPS,576.6542,-1.015776,0.7400463,-2.100993
RIPS,576.6633,-1.015844,0.7402169,-2.100964
RIPS,576.6706,-1.015878,0.7403028,-2.10096
RIPS,576.6796,-1.015839,0.7403335,-2.100935
RIPS,576.6879,-1.015872,0.7403747,-2.100895
RIPS,576.6961,-1.015854,0.7404321,-2.100853
RIPS,576.7042,-1.015843,0.7404143,-2.100794
RIPS,576.7127,-1.015854,0.7404123,-2.100686
RIPS,576.7204,-1.015792,0.7404031,-2.100581
RIPS,576.7298,-1.015723,0.7404271,-2.100497
RIPS,576.7375,-1.015578,0.7405582,-2.100413
RIPS,576.7462,-1.015524,0.7406039,-2.100367
RIPS,576.754,-1.015382,0.7407985,-2.100325
RIPS,576.7626,-1.015276,0.7408295,-2.100351
RIPS,576.7712,-1.01522,0.7408016,-2.100376
RIPS,576.7794,-1.015242,0.7408062,-2.100349
RIPS,576.7874,-1.015183,0.7408255,-2.100302
RIPS,576.7959,-1.015122,0.7408179,-2.100204
RIPS,576.8058,-1.015064,0.7408997,-2.100107
RIPS,576.8123,-1.01497,0.7410049,-2.100053
RIPS,576.8209,-1.014836,0.7409446,-2.099919
RIPS,576.8292,-1.014727,0.7411092,-2.099801
RIPS,576.8375,-1.014752,0.7409732,-2.099624
RIPS,576.8458,-1.014655,0.740936,-2.099509
RIPS,576.8542,-1.014665,0.7409403,-2.099474
RIPS,576.8629,-1.014628,0.7408995,-2.099479
RIPS,576.8708,-1.014817,0.7410406,-2.099529
RIPS,576.8793,-1.014807,0.7410603,-2.099523
RIPS,576.8878,-1.014803,0.7410386,-2.099506
RIPS,576.8958,-1.014764,0.7410913,-2.099475
RIPS,576.9041,-1.014775,0.741183,-2.099437
RIPS,576.9125,-1.01474,0.7411899,-2.099397
RIPS,576.9208,-1.014589,0.7412552,-2.099363
RIPS,576.9299,-1.014569,0.7412959,-2.099313
RIPS,576.9373,-1.01446,0.7414212,-2.099276
RIPS,576.9458,-1.014449,0.7414842,-2.099252
RIPS,576.954,-1.014493,0.7415338,-2.099237
RIPS,576.963,-1.014472,0.7415579,-2.099229
RIPS,576.971,-1.014496,0.7415535,-2.099263
RIPS,576.979,-1.014744,0.7416106,-2.099268
RIPS,576.9876,-1.014729,0.7416903,-2.099249
RIPS,576.9959,-1.014882,0.7418104,-2.099214
RIPS,577.0051,-1.014882,0.7418423,-2.099212
RIPS,577.0123,-1.014989,0.7419036,-2.099207
RIPS,577.0208,-1.015002,0.7419077,-2.099213
RIPS,577.0294,-1.014997,0.7419124,-2.099206
RIPS,577.0374,-1.014954,0.7418144,-2.099212
RIPS,577.0459,-1.01495,0.7417943,-2.099191
RIPS,577.0541,-1.014886,0.7417844,-2.099254
RIPS,577.0624,-1.01488,0.7418963,-2.099254
RIPS,577.0707,-1.014925,0.7419111,-2.099203
RIPS,577.0791,-1.014892,0.7419465,-2.099141
RIPS,577.0878,-1.014893,0.7420027,-2.099068
RIPS,577.0959,-1.014878,0.7419342,-2.099068
RIPS,577.1039,-1.014875,0.7418613,-2.099088
RIPS,577.1125,-1.014735,0.7418394,-2.099125
RIPS,577.1208,-1.014736,0.7417793,-2.099091
RIPS,577.1298,-1.014654,0.7417764,-2.099145
RIPS,577.1376,-1.014656,0.7418249,-2.099132
RIPS,577.1461,-1.014668,0.7418702,-2.099156
RIPS,577.1539,-1.014804,0.7417671,-2.099156
RIPS,577.1624,-1.014838,0.7417778,-2.099149
RIPS,577.1707,-1.014865,0.7417796,-2.099127
RIPS,577.1791,-1.014912,0.741774,-2.099172
RIPS,577.1871,-1.014966,0.7418069,-2.099205
RIPS,577.1964,-1.015057,0.741792,-2.09922
RIPS,577.2056,-1.015112,0.7417507,-2.099272
RIPS,577.2125,-1.015139,0.7417665,-2.099349
RIPS,577.2206,-1.015139,0.7417273,-2.09937
RIPS,577.229,-1.015144,0.7417266,-2.099375
RIPS,577.2372,-1.01495,0.7417712,-2.099393
RIPS,577.2462,-1.014887,0.7417602,-2.099355
RIPS,577.2537,-1.01487,0.741791,-2.099412
RIPS,577.2626,-1.01482,0.741874,-2.099377
RIPS,577.2711,-1.014846,0.7418245,-2.09938
RIPS,577.2792,-1.014879,0.7417918,-2.099375
RIPS,577.2878,-1.014873,0.7417017,-2.099396
RIPS,577.2955,-1.014944,0.7416736,-2.099372
RIPS,577.304,-1.015001,0.7416843,-2.099447
RIPS,577.3125,-1.015068,0.7416967,-2.099466
RIPS,577.3207,-1.01508,0.7417179,-2.099421
RIPS,577.3297,-1.015195,0.7417395,-2.09941
RIPS,577.3372,-1.015204,0.7417724,-2.099405
RIPS,577.3456,-1.015181,0.7417978,-2.099375
RIPS,577.3543,-1.015256,0.7417274,-2.099283
RIPS,577.3627,-1.015213,0.7417632,-2.099201
RIPS,577.371,-1.015187,0.7418163,-2.099111
RIPS,577.3792,-1.015172,0.741928,-2.099032
RIPS,577.3872,-1.015086,0.7420049,-2.099014
RIPS,577.3964,-1.015062,0.7420502,-2.09896
RIPS,577.4049,-1.015037,0.7420518,-2.098938
RIPS,577.4123,-1.014969,0.7420427,-2.098989
RIPS,577.4206,-1.014935,0.741964,-2.098957
RIPS,577.4291,-1.01496,0.7419029,-2.098998
RIPS,577.4374,-1.014977,0.7419442,-2.098942
RIPS,577.4458,-1.014986,0.7420228,-2.098861
RIPS,577.4538,-1.014975,0.7420999,-2.098787
RIPS,577.4631,-1.014957,0.7422269,-2.098698
RIPS,577.4708,-1.014966,0.7423576,-2.098619
RIPS,577.4792,-1.014941,0.7424453,-2.098546
RIPS,577.4877,-1.014995,0.7425256,-2.098564
RIPS,577.4956,-1.015049,0.7425035,-2.098497
RIPS,577.5041,-1.015078,0.742436,-2.098509
RIPS,577.5125,-1.015135,0.7423331,-2.098521
RIPS,577.5208,-1.015183,0.7423028,-2.098545
RIPS,577.5294,-1.015252,0.7422767,-2.098602
RIPS,577.5373,-1.015299,0.7422831,-2.098617
RIPS,577.5457,-1.015284,0.7423079,-2.098594
RIPS,577.5542,-1.015204,0.7423874,-2.09855
RIPS,577.5629,-1.015187,0.742413,-2.098463
RIPS,577.5706,-1.015196,0.7424963,-2.098442
RIPS,577.579,-1.0151,0.7426071,-2.098366
RIPS,577.5874,-1.015104,0.7426551,-2.09834
RIPS,577.5962,-1.015145,0.7426614,-2.098358
RIPS,577.605,-1.015229,0.7426327,-2.098407
RIPS,577.6124,-1.015242,0.7424849,-2.098484
RIPS,577.6205,-1.015335,0.7424766,-2.098597
RIPS,577.629,-1.015392,0.7423346,-2.098699
RIPS,577.6373,-1.015428,0.7422666,-2.098767
RIPS,577.6458,-1.01546,0.7423205,-2.098798
RIPS,577.6541,-1.015489,0.7424857,-2.098742
RIPS,577.6631,-1.0155,0.7426039,-2.098696
RIPS,577.6709,-1.015516,0.7427148,-2.098644
RIPS,577.6795,-1.015547,0.7428158,-2.09862
RIPS,577.6884,-1.015561,0.7428537,-2.098583
RIPS,577.6959,-1.015512,0.7428846,-2.09859
RIPS,577.7043,-1.015569,0.7428865,-2.098589
RIPS,577.7124,-1.015589,0.7428394,-2.098593
RIPS,577.7208,-1.015681,0.7428887,-2.098643
RIPS,577.7295,-1.015739,0.7428937,-2.098642
RIPS,577.7374,-1.015836,0.7428873,-2.098636
RIPS,577.7458,-1.015843,0.7429104,-2.098552
RIPS,577.7538,-1.015862,0.7430812,-2.098473
RIPS,577.7628,-1.015873,0.7431585,-2.098374
RIPS,577.771,-1.015868,0.7433065,-2.098307
RIPS,577.779,-1.015904,0.7433902,-2.098255
RIPS,577.7872,-1.015923,0.7434731,-2.09819
RIPS,577.7962,-1.015889,0.7435997,-2.098112
RIPS,577.8047,-1.015892,0.7436311,-2.098056
RIPS,577.8122,-1.015975,0.7436266,-2.097985
RIPS,577.8205,-1.015991,0.7436492,-2.097923
RIPS,577.8288,-1.016021,0.7435965,-2.097894
RIPS,577.8372,-1.016011,0.7434895,-2.097883
RIPS,577.846,-1.016043,0.7434263,-2.097889
RIPS,577.8539,-1.016084,0.7435375,-2.09782
RIPS,577.8632,-1.016138,0.7436233,-2.09776
RIPS,577.8745,-1.016177,0.7437574,-2.097664
RIPS,577.8847,-1.016394,0.7440307,-2.0976
RIPS,577.8936,-1.016452,0.7441574,-2.097526
RIPS,577.9015,-1.01675,0.7444133,-2.097583
RIPS,577.91,-1.016901,0.744441,-2.097553
RIPS,577.9181,-1.016943,0.744403,-2.097575
RIPS,577.9272,-1.017073,0.7443277,-2.09766
RIPS,577.9353,-1.0171,0.7442302,-2.097709
RIPS,577.9435,-1.017212,0.7441126,-2.097726
RIPS,577.9518,-1.017265,0.74416,-2.097709
RIPS,577.9601,-1.017393,0.7442449,-2.097569
RIPS,577.9688,-1.017428,0.744471,-2.097557
RIPS,577.9768,-1.017564,0.7446679,-2.097501
RIPS,577.9851,-1.017682,0.7448334,-2.097459
RIPS,577.994,-1.017782,0.7449329,-2.097512
RIPS,578.0018,-1.017878,0.7449975,-2.097477
RIPS,578.01,-1.017973,0.7450772,-2.097415
RIPS,578.0184,-1.01812,0.7450384,-2.097379
RIPS,578.0271,-1.018277,0.7450873,-2.09731
RIPS,578.035,-1.018426,0.7452013,-2.097249
RIPS,578.0435,-1.018599,0.7453309,-2.097152
RIPS,578.0515,-1.018686,0.7454823,-2.097005
RIPS,578.0601,-1.01883,0.7457452,-2.096964
RIPS,578.0684,-1.018926,0.7460067,-2.09712
RIPS,578.077,-1.019173,0.7461072,-2.097194
RIPS,578.0858,-1.019258,0.7461464,-2.097267
RIPS,578.0933,-1.019405,0.7462187,-2.097286
RIPS,578.1019,-1.019465,0.7461995,-2.097211
RIPS,578.1099,-1.019635,0.7461711,-2.097167
RIPS,578.1182,-1.019776,0.7463726,-2.097016
RIPS,578.1271,-1.019958,0.7465884,-2.096907
RIPS,578.1351,-1.020242,0.7468495,-2.096915
RIPS,578.1431,-1.020516,0.7472186,-2.096885
RIPS,578.152,-1.020798,0.7476016,-2.096937
RIPS,578.16,-1.021052,0.7478659,-2.096937
RIPS,578.1691,-1.021282,0.7480143,-2.097012
RIPS,578.1804,-1.021569,0.748127,-2.097138
RIPS,578.1893,-1.021813,0.7479127,-2.097179
RIPS,578.1954,-1.022075,0.7478995,-2.097404
RIPS,578.2019,-1.022374,0.7476735,-2.097592
RIPS,578.2106,-1.022763,0.7474667,-2.098144
RIPS,578.2181,-1.023264,0.7473403,-2.098458
RIPS,578.2268,-1.023789,0.7472324,-2.098845
RIPS,578.235,-1.024342,0.7471392,-2.099393
RIPS,578.2432,-1.024953,0.7469383,-2.100082
RIPS,578.2517,-1.025559,0.7468516,-2.100631
RIPS,578.2603,-1.026109,0.7466309,-2.101191
RIPS,578.2685,-1.026771,0.7461534,-2.101814
RIPS,578.277,-1.027281,0.7457465,-2.102345
RIPS,578.2859,-1.027844,0.7453297,-2.103014
RIPS,578.2934,-1.028379,0.7448305,-2.103676
RIPS,578.3015,-1.028968,0.7443182,-2.104289
RIPS,578.3101,-1.029554,0.7438886,-2.104895
RIPS,578.318,-1.030378,0.7435564,-2.105373
RIPS,578.3273,-1.031037,0.7432998,-2.105809
RIPS,578.3348,-1.031669,0.7430918,-2.1061
RIPS,578.3433,-1.032269,0.7428699,-2.106488
RIPS,578.3517,-1.032918,0.7425985,-2.106852
RIPS,578.36,-1.033415,0.7424003,-2.107132
RIPS,578.3685,-1.033967,0.7422864,-2.107447
RIPS,578.3766,-1.034384,0.7422344,-2.107662
RIPS,578.3848,-1.034904,0.7422482,-2.107883
RIPS,578.394,-1.035501,0.7423095,-2.107926
RIPS,578.4017,-1.035968,0.7424625,-2.107953
RIPS,578.4099,-1.036501,0.7425518,-2.108017
RIPS,578.4182,-1.037065,0.7426299,-2.108095
RIPS,578.4266,-1.037631,0.7427307,-2.10815
RIPS,578.4347,-1.03823,0.7427811,-2.108231
RIPS,578.4434,-1.03874,0.7428097,-2.108255
RIPS,578.4514,-1.03914,0.7426492,-2.108169
RIPS,578.4606,-1.039611,0.7427248,-2.108087
RIPS,578.4683,-1.040028,0.7428502,-2.107892
RIPS,578.4767,-1.040588,0.7430462,-2.107728
RIPS,578.4854,-1.041148,0.7435039,-2.107695
RIPS,578.4937,-1.04165,0.7439312,-2.107557
RIPS,578.5044,-1.042235,0.7444259,-2.107425
RIPS,578.5118,-1.042688,0.7450294,-2.107345
RIPS,578.5188,-1.043289,0.7455873,-2.107235
RIPS,578.5283,-1.043787,0.7461206,-2.10692
RIPS,578.5363,-1.04437,0.7465238,-2.106846
RIPS,578.5446,-1.044882,0.746891,-2.106646
RIPS,578.5531,-1.045329,0.7470917,-2.106357
RIPS,578.5615,-1.045805,0.7475362,-2.106088
RIPS,578.5705,-1.04628,0.7479122,-2.106085
RIPS,578.5784,-1.046711,0.7483416,-2.105752
RIPS,578.587,-1.047147,0.7488242,-2.105393
RIPS,578.5971,-1.047591,0.7492231,-2.10512
RIPS,578.6047,-1.048031,0.7495489,-2.104686
RIPS,578.6124,-1.048551,0.7500274,-2.10435
RIPS,578.6203,-1.04896,0.7504163,-2.104068
RIPS,578.6292,-1.049454,0.7507874,-2.103662
RIPS,578.6372,-1.049836,0.7511326,-2.103338
RIPS,578.6469,-1.050265,0.7515135,-2.103158
RIPS,578.6554,-1.050685,0.7517781,-2.102976
RIPS,578.6625,-1.051112,0.752128,-2.102834
RIPS,578.67,-1.051582,0.7524247,-2.102641
RIPS,578.679,-1.051963,0.7528238,-2.102397
RIPS,578.6873,-1.052328,0.7532241,-2.102228
RIPS,578.6955,-1.052714,0.7536402,-2.101728
RIPS,578.706,-1.053014,0.7541263,-2.101146
RIPS,578.7122,-1.053255,0.7549093,-2.10003
RIPS,578.7199,-1.053403,0.7554091,-2.099269
RIPS,578.7293,-1.053604,0.7561934,-2.098173
RIPS,578.7366,-1.053608,0.757026,-2.097116
RIPS,578.7455,-1.053786,0.7578949,-2.096176
RIPS,578.7537,-1.053955,0.7587951,-2.095132
RIPS,578.7617,-1.054161,0.7601638,-2.093601
RIPS,578.7706,-1.05438,0.7607477,-2.093115
RIPS,578.7784,-1.054714,0.7610992,-2.093058
RIPS,578.7866,-1.05504,0.7612941,-2.092957
RIPS,578.796,-1.055388,0.7613558,-2.092639
RIPS,578.8045,-1.055793,0.7615646,-2.092519
RIPS,578.8116,-1.055986,0.7617823,-2.092184
RIPS,578.8198,-1.056126,0.7620504,-2.091776
RIPS,578.8285,-1.056082,0.7624677,-2.090956
RIPS,578.8369,-1.056227,0.7628898,-2.090438
RIPS,578.845,-1.056409,0.7630814,-2.090528
RIPS,578.8534,-1.056691,0.7632279,-2.090611
RIPS,578.8623,-1.056857,0.7633493,-2.090489
RIPS,578.8699,-1.0571,0.7634199,-2.090496
RIPS,578.8784,-1.057334,0.7635289,-2.090477
RIPS,578.8873,-1.057483,0.7635921,-2.090533
RIPS,578.8951,-1.057648,0.7636577,-2.090508
RIPS,578.9035,-1.057889,0.7636675,-2.090612
RIPS,578.912,-1.058036,0.7637318,-2.090565
RIPS,578.9199,-1.058257,0.7637064,-2.090557
RIPS,578.9288,-1.058423,0.7637395,-2.090575
RIPS,578.9371,-1.058644,0.7638339,-2.090611
RIPS,578.9453,-1.058902,0.7639781,-2.090575
RIPS,578.9538,-1.059161,0.7641423,-2.09059
RIPS,578.9619,-1.059586,0.7643691,-2.090749
RIPS,578.9705,-1.059843,0.7645009,-2.090686
RIPS,578.9786,-1.060103,0.7645785,-2.0906
RIPS,578.9871,-1.06035,0.7646824,-2.090491
RIPS,578.9957,-1.06047,0.7647939,-2.090403
RIPS,579.0043,-1.060628,0.7648451,-2.090397
RIPS,579.0119,-1.060812,0.764946,-2.090295
RIPS,579.0203,-1.060975,0.7650113,-2.090289
RIPS,579.0287,-1.061129,0.7651103,-2.090278
RIPS,579.037,-1.061311,0.7652035,-2.090292
RIPS,579.0455,-1.061466,0.7653679,-2.090238
RIPS,579.0536,-1.061641,0.7655197,-2.090182
RIPS,579.0631,-1.061843,0.7656302,-2.09017
RIPS,579.07,-1.062026,0.7656664,-2.090084
RIPS,579.0786,-1.062214,0.7656645,-2.090033
RIPS,579.0875,-1.06236,0.7657102,-2.089955
RIPS,579.0952,-1.062555,0.7657815,-2.089857
RIPS,579.1036,-1.062734,0.7658319,-2.089818
RIPS,579.1125,-1.062932,0.7659299,-2.089791
RIPS,579.1219,-1.063171,0.7659953,-2.089864
RIPS,579.1321,-1.063438,0.7660459,-2.089822
RIPS,579.1372,-1.063665,0.7661919,-2.08972
RIPS,579.144,-1.063876,0.766311,-2.089738
RIPS,579.1526,-1.064093,0.766343,-2.089759
RIPS,579.1608,-1.064293,0.7663472,-2.089822
RIPS,579.1695,-1.064429,0.7664279,-2.089885
RIPS,579.1778,-1.064586,0.7664436,-2.089879
RIPS,579.1855,-1.064668,0.7664837,-2.089883
RIPS,579.1949,-1.06484,0.7665233,-2.089843
RIPS,579.203,-1.065014,0.7666042,-2.089748
RIPS,579.2117,-1.065257,0.7666494,-2.08984
RIPS,579.219,-1.065496,0.766785,-2.090023
RIPS,579.2275,-1.065712,0.7668985,-2.090065
RIPS,579.2357,-1.065915,0.7669412,-2.09024
RIPS,579.2444,-1.066213,0.7669727,-2.090178
RIPS,579.2523,-1.06635,0.767082,-2.090025
RIPS,579.2611,-1.06648,0.7671323,-2.089874
RIPS,579.2694,-1.066502,0.7672531,-2.089591
RIPS,579.2776,-1.066612,0.767316,-2.089396
RIPS,579.2866,-1.066639,0.7673765,-2.089379
RIPS,579.2938,-1.066759,0.7674045,-2.089394
RIPS,579.3022,-1.066889,0.7674212,-2.089421
RIPS,579.3106,-1.067097,0.7674532,-2.089531
RIPS,579.3192,-1.06728,0.7674983,-2.089686
RIPS,579.3276,-1.067595,0.7674848,-2.089998
RIPS,579.3357,-1.06773,0.7675226,-2.09001
RIPS,579.3441,-1.067742,0.7676089,-2.089826
RIPS,579.3526,-1.067822,0.7676013,-2.089691
RIPS,579.3606,-1.06789,0.7675714,-2.089542
RIPS,579.3693,-1.067973,0.7675996,-2.089456
RIPS,579.3776,-1.068046,0.7676194,-2.089366
RIPS,579.3856,-1.068087,0.7677127,-2.089394
RIPS,579.3944,-1.068159,0.7677637,-2.089402
RIPS,579.4033,-1.068243,0.7677776,-2.089579
RIPS,579.4108,-1.068455,0.7678197,-2.089926
RIPS,579.4198,-1.06856,0.7678719,-2.090007
RIPS,579.4277,-1.068619,0.7678764,-2.090072
RIPS,579.436,-1.068713,0.7679142,-2.090059
RIPS,579.4447,-1.068832,0.7679365,-2.090082
RIPS,579.4529,-1.068926,0.7679275,-2.090135
RIPS,579.4623,-1.069021,0.7679259,-2.090156
RIPS,579.4698,-1.069152,0.7680035,-2.090054
RIPS,579.4788,-1.069222,0.7680137,-2.090057
RIPS,579.4873,-1.06927,0.7679881,-2.090142
RIPS,579.4955,-1.069312,0.7680366,-2.090104
RIPS,579.5036,-1.069272,0.7681012,-2.090076
RIPS,579.512,-1.069246,0.7681072,-2.089996
RIPS,579.5199,-1.069278,0.7681362,-2.090051
RIPS,579.5288,-1.069363,0.7681629,-2.090136
RIPS,579.5369,-1.069411,0.7681828,-2.090174
RIPS,579.5452,-1.069377,0.7681745,-2.090206
RIPS,579.5533,-1.069461,0.7681456,-2.090219
RIPS,579.5618,-1.069528,0.7681466,-2.090163
RIPS,579.5703,-1.069575,0.768125,-2.090172
RIPS,579.5787,-1.069659,0.7681623,-2.090159
RIPS,579.5866,-1.069675,0.7681338,-2.090132
RIPS,579.5956,-1.069695,0.7681565,-2.090124
RIPS,579.6038,-1.069808,0.7682102,-2.090212
RIPS,579.612,-1.069836,0.7682539,-2.09019
RIPS,579.6202,-1.069857,0.7682688,-2.090195
RIPS,579.6285,-1.069673,0.7681903,-2.089736
RIPS,579.6368,-1.069675,0.768154,-2.089789
RIPS,579.6453,-1.069825,0.7681107,-2.089936
RIPS,579.6533,-1.069849,0.7680914,-2.089918
RIPS,579.6625,-1.069884,0.7681192,-2.089863
RIPS,579.6702,-1.069781,0.7681978,-2.089742
RIPS,579.6788,-1.069789,0.7682377,-2.089697
RIPS,579.6875,-1.069796,0.7681643,-2.089868
RIPS,579.6956,-1.069797,0.768149,-2.089986
RIPS,579.7033,-1.069938,0.768186,-2.090257
RIPS,579.7119,-1.069893,0.7681442,-2.090178
RIPS,579.7203,-1.069913,0.7681189,-2.090109
RIPS,579.7287,-1.069915,0.768171,-2.089941
RIPS,579.737,-1.069933,0.7681454,-2.08992
RIPS,579.745,-1.069808,0.7680984,-2.089868
RIPS,579.7537,-1.069804,0.7681706,-2.089996
RIPS,579.7615,-1.069903,0.7682208,-2.090099
RIPS,579.7703,-1.069921,0.7681938,-2.090225
RIPS,579.7785,-1.069928,0.7682171,-2.09024
RIPS,579.7869,-1.069755,0.76802,-2.090084
RIPS,579.7953,-1.069725,0.7679461,-2.090044
RIPS,579.8044,-1.069868,0.7678975,-2.090138
RIPS,579.8116,-1.069874,0.7678659,-2.090053
RIPS,579.8203,-1.069886,0.7678638,-2.090012
RIPS,579.8282,-1.069865,0.7680192,-2.089898
RIPS,579.8366,-1.069855,0.768061,-2.089933
RIPS,579.8452,-1.069922,0.7682656,-2.090025
RIPS,579.8536,-1.0699,0.7683133,-2.090027
RIPS,579.8623,-1.069883,0.7683129,-2.090052
RIPS,579.8705,-1.069791,0.7682038,-2.089954
RIPS,579.8802,-1.069767,0.7681572,-2.089957
RIPS,579.8904,-1.069889,0.7680815,-2.09033
RIPS,579.8957,-1.069877,0.7680526,-2.090239
RIPS,579.9015,-1.069864,0.7680281,-2.090187
RIPS,579.9097,-1.07003,0.7680003,-2.090402
RIPS,579.918,-1.07002,0.7679973,-2.090443
RIPS,579.9279,-1.069772,0.7679538,-2.090308
RIPS,579.935,-1.069764,0.7679881,-2.090356
RIPS,579.9433,-1.069743,0.7680554,-2.090378
RIPS,579.9512,-1.069699,0.7682418,-2.090236
RIPS,579.9599,-1.069747,0.7682438,-2.090347
RIPS,579.9682,-1.069752,0.7682085,-2.090412
RIPS,579.9767,-1.069745,0.7681768,-2.090384
RIPS,579.9846,-1.069733,0.7681491,-2.09039
RIPS,579.9938,-1.069823,0.7680162,-2.090507
RIPS,580.0015,-1.069799,0.7679915,-2.090398
RIPS,580.0097,-1.069863,0.7680576,-2.090508
RIPS,580.0182,-1.069855,0.7680852,-2.090497
RIPS,580.0267,-1.069702,0.7682829,-2.090256
RIPS,580.0345,-1.069715,0.7683407,-2.090302
RIPS,580.0431,-1.069733,0.768369,-2.090341
RIPS,580.0513,-1.069622,0.7683921,-2.090096
RIPS,580.0601,-1.069621,0.7683531,-2.090127
RIPS,580.0679,-1.069929,0.7683175,-2.090325
RIPS,580.0767,-1.069947,0.7683148,-2.090322
RIPS,580.0858,-1.070382,0.7683851,-2.090618
RIPS,580.0931,-1.07033,0.7683821,-2.090563
RIPS,580.1011,-1.070298,0.7684126,-2.090508
RIPS,580.11,-1.070421,0.7684664,-2.090592
RIPS,580.118,-1.070404,0.7684531,-2.09049
RIPS,580.127,-1.070218,0.7684147,-2.090354
RIPS,580.1348,-1.070231,0.7684758,-2.090182
RIPS,580.1429,-1.070322,0.7686918,-2.09069
RIPS,580.1514,-1.070336,0.7687507,-2.090701
RIPS,580.1601,-1.070222,0.7688336,-2.090823
RIPS,580.1686,-1.070185,0.768863,-2.09087
RIPS,580.1772,-1.070131,0.7688741,-2.090976
RIPS,580.1854,-1.070225,0.7689461,-2.091137
RIPS,580.1942,-1.070084,0.768896,-2.091093
RIPS,580.2025,-1.069963,0.7688141,-2.09104
RIPS,580.2133,-1.070107,0.7688703,-2.091178
RIPS,580.2188,-1.069974,0.7688423,-2.091131
RIPS,580.228,-1.070139,0.7690579,-2.091409
RIPS,580.2363,-1.069991,0.7691187,-2.091351
RIPS,580.2448,-1.06972,0.7690563,-2.091018
RIPS,580.2531,-1.069539,0.7691809,-2.091037
RIPS,580.262,-1.069335,0.7692719,-2.090964
RIPS,580.2701,-1.068874,0.7691459,-2.090586
RIPS,580.2788,-1.068676,0.7692617,-2.090467
RIPS,580.2875,-1.068512,0.7692956,-2.090291
RIPS,580.2949,-1.068335,0.7693608,-2.090119
RIPS,580.3032,-1.068223,0.7694615,-2.089989
RIPS,580.3116,-1.06802,0.7695314,-2.089675
RIPS,580.3199,-1.067799,0.7695694,-2.089396
RIPS,580.33,-1.067364,0.7696172,-2.089045
RIPS,580.337,-1.06711,0.7696431,-2.088889
RIPS,580.3452,-1.066823,0.7697006,-2.088779
RIPS,580.3532,-1.066561,0.7696812,-2.088741
RIPS,580.3619,-1.066294,0.7697212,-2.088665
RIPS,580.37,-1.066194,0.769843,-2.08875
RIPS,580.3785,-1.065902,0.7699142,-2.088613
RIPS,580.3867,-1.065383,0.7698987,-2.088205
RIPS,580.3954,-1.065097,0.7699871,-2.087975
RIPS,580.4041,-1.064614,0.7700099,-2.087656
RIPS,580.4117,-1.064233,0.7700378,-2.087399
RIPS,580.4199,-1.06386,0.7700104,-2.087232
RIPS,580.4286,-1.063356,0.7699312,-2.086868
RIPS,580.4367,-1.062931,0.7698757,-2.086652
RIPS,580.4452,-1.062482,0.7698033,-2.086407
RIPS,580.4534,-1.062021,0.7696649,-2.086376
RIPS,580.4626,-1.061578,0.7696435,-2.086166
RIPS,580.4698,-1.06083,0.7694846,-2.085669
RIPS,580.4783,-1.060386,0.7694355,-2.085641
RIPS,580.4877,-1.059914,0.7693571,-2.085615
RIPS,580.495,-1.059388,0.7692605,-2.085522
RIPS,580.5033,-1.058668,0.7690517,-2.08529
RIPS,580.5117,-1.058117,0.7690108,-2.085028
RIPS,580.5197,-1.057561,0.7688344,-2.0849
RIPS,580.5287,-1.056837,0.7686322,-2.08453
RIPS,580.5367,-1.056282,0.7684672,-2.084372
RIPS,580.545,-1.056053,0.7685006,-2.084351
RIPS,580.5533,-1.055485,0.7683515,-2.084257
RIPS,580.5618,-1.054966,0.7681367,-2.084153
RIPS,580.5701,-1.054397,0.7680056,-2.084104
RIPS,580.5784,-1.0538,0.7679562,-2.083937
RIPS,580.5867,-1.053151,0.7682338,-2.083929
RIPS,580.5959,-1.052521,0.768271,-2.083721
RIPS,580.6043,-1.049898,0.766939,-2.08167
RIPS,580.6118,-1.049268,0.7668093,-2.081402
RIPS,580.6201,-1.048647,0.7665808,-2.081111
RIPS,580.6283,-1.047982,0.7662633,-2.080703
RIPS,580.6368,-1.04728,0.7658833,-2.080411
RIPS,580.6451,-1.046738,0.7657223,-2.080272
RIPS,580.6533,-1.045962,0.7655919,-2.079854
RIPS,580.6622,-1.04521,0.7654814,-2.079441
RIPS,580.6701,-1.044425,0.7655755,-2.078851
RIPS,580.6784,-1.043708,0.765811,-2.078393
RIPS,580.6874,-1.042967,0.765981,-2.07795
RIPS,580.6959,-1.042332,0.7661294,-2.077608
RIPS,580.7038,-1.041683,0.7661821,-2.077154
RIPS,580.7124,-1.041313,0.7661202,-2.076876
RIPS,580.7201,-1.040649,0.766005,-2.076493
RIPS,580.7296,-1.039979,0.7655867,-2.076069
RIPS,580.7367,-1.039415,0.7652287,-2.075828
RIPS,580.7452,-1.038611,0.7647055,-2.075668
RIPS,580.7536,-1.037964,0.7643203,-2.075511
RIPS,580.7618,-1.037308,0.7640337,-2.075213
RIPS,580.7703,-1.036426,0.7637769,-2.075073
RIPS,580.7785,-1.035626,0.7634809,-2.074914
RIPS,580.7864,-1.034749,0.7630162,-2.074767
RIPS,580.796,-1.033844,0.7626088,-2.07474
RIPS,580.8043,-1.033019,0.7622822,-2.074799
RIPS,580.8118,-1.032208,0.7618871,-2.074872
RIPS,580.8197,-1.031325,0.7616202,-2.075019
RIPS,580.8287,-1.030509,0.7613339,-2.075004
RIPS,580.8368,-1.030092,0.7602304,-2.076794
RIPS,580.8453,-1.029686,0.7592744,-2.078103
RIPS,580.8535,-1.029126,0.7583635,-2.078943
RIPS,580.8621,-1.028731,0.7574698,-2.079492
RIPS,580.8698,-1.028021,0.756648,-2.080095
RIPS,580.8785,-1.027317,0.7558042,-2.080808
RIPS,580.8873,-1.026705,0.7550181,-2.081638
RIPS,580.895,-1.026455,0.7537609,-2.08363
RIPS,580.9035,-1.026599,0.7517666,-2.087148
RIPS,580.9117,-1.026442,0.7506174,-2.089093
RIPS,580.9196,-1.026189,0.7497466,-2.090723
RIPS,580.9287,-1.025819,0.7490542,-2.091851
RIPS,580.9368,-1.025427,0.7483779,-2.092645
RIPS,580.9453,-1.024823,0.7476801,-2.093257
RIPS,580.9536,-1.024277,0.7468988,-2.093835
RIPS,580.9617,-1.023701,0.7461767,-2.094464
RIPS,580.9702,-1.02318,0.7452543,-2.09518
RIPS,580.9785,-1.022717,0.7445011,-2.095885
RIPS,580.9865,-1.022399,0.7438285,-2.096653
RIPS,580.9958,-1.022116,0.7431156,-2.097397
RIPS,581.0043,-1.021967,0.7422361,-2.097842
RIPS,581.0118,-1.021775,0.7415376,-2.098628
RIPS,581.02,-1.0214,0.7406719,-2.099381
RIPS,581.0281,-1.021161,0.7397899,-2.10019
RIPS,581.0369,-1.020952,0.7388307,-2.100968
RIPS,581.0452,-1.020648,0.7379312,-2.101638
RIPS,581.0531,-1.020419,0.737215,-2.102054
RIPS,581.062,-1.020169,0.7366893,-2.102526
RIPS,581.0696,-1.019832,0.7363883,-2.102774
RIPS,581.0786,-1.019454,0.7361813,-2.102777
RIPS,581.0872,-1.019186,0.7358152,-2.103159
RIPS,581.095,-1.01891,0.7352881,-2.10349
RIPS,581.1036,-1.018813,0.7347263,-2.103865
RIPS,581.1121,-1.018657,0.7340898,-2.104414
RIPS,581.1198,-1.018524,0.733479,-2.104947
RIPS,581.1288,-1.018683,0.732847,-2.105589
RIPS,581.1367,-1.018614,0.7324752,-2.106147
RIPS,581.145,-1.01849,0.73202,-2.106494
RIPS,581.1532,-1.018396,0.7317888,-2.106659
RIPS,581.1618,-1.018299,0.7318543,-2.106859
RIPS,581.1698,-1.018232,0.7321433,-2.106888
RIPS,581.1785,-1.018109,0.7321775,-2.107025
RIPS,581.1864,-1.017929,0.7323931,-2.107125
RIPS,581.1957,-1.017817,0.732353,-2.107234
RIPS,581.2039,-1.017636,0.732239,-2.107441
RIPS,581.2123,-1.017509,0.7320165,-2.107601
RIPS,581.22,-1.017361,0.7317035,-2.107687
RIPS,581.2281,-1.017183,0.7312917,-2.107866
RIPS,581.2366,-1.017024,0.7311108,-2.107946
RIPS,581.2451,-1.016855,0.7309459,-2.107952
RIPS,581.2531,-1.016702,0.7310382,-2.107946
RIPS,581.2622,-1.016541,0.7311465,-2.107985
RIPS,581.2701,-1.016461,0.7315862,-2.107839
RIPS,581.2784,-1.016358,0.7320154,-2.107735
RIPS,581.2875,-1.016321,0.7324001,-2.107657
RIPS,581.2947,-1.016217,0.7325711,-2.107712
RIPS,581.3032,-1.016191,0.7327269,-2.107791
RIPS,581.3115,-1.016212,0.7327048,-2.108056
RIPS,581.3201,-1.016187,0.7323755,-2.108477
RIPS,581.3287,-1.016229,0.7322249,-2.108794
RIPS,581.3366,-1.016237,0.7319818,-2.109129
RIPS,581.3448,-1.016189,0.7318069,-2.109239
RIPS,581.3533,-1.016131,0.7316462,-2.109272
RIPS,581.3615,-1.016144,0.7317405,-2.109229
RIPS,581.3701,-1.016026,0.7318462,-2.109108
RIPS,581.3783,-1.015945,0.7319232,-2.10908
RIPS,581.3864,-1.015999,0.7321977,-2.108844
RIPS,581.3953,-1.015892,0.7324752,-2.108706
RIPS,581.4045,-1.015825,0.7326928,-2.108595
RIPS,581.4118,-1.015703,0.7329058,-2.108568
RIPS,581.42,-1.015515,0.7330449,-2.108514
RIPS,581.4282,-1.015492,0.7330737,-2.108644
RIPS,581.4367,-1.015429,0.7331227,-2.108679
RIPS,581.4451,-1.015371,0.7328106,-2.10883
RIPS,581.4532,-1.015242,0.732599,-2.108885
RIPS,581.4623,-1.015168,0.7323832,-2.108934
RIPS,581.4697,-1.015087,0.7323307,-2.108923
RIPS,581.4783,-1.014861,0.7322903,-2.108905
RIPS,581.4871,-1.014697,0.7323659,-2.108787
RIPS,581.4951,-1.014533,0.7325394,-2.108598
RIPS,581.503,-1.014299,0.7327998,-2.108451
RIPS,581.5117,-1.014133,0.7330236,-2.108207
RIPS,581.5197,-1.014191,0.7332391,-2.107978
RIPS,581.5294,-1.0141,0.7333786,-2.107872
RIPS,581.5366,-1.014155,0.7336184,-2.107978
RIPS,581.5448,-1.014068,0.7335967,-2.108056
RIPS,581.553,-1.014048,0.7335536,-2.10811
RIPS,581.5614,-1.014015,0.7334292,-2.108176
RIPS,581.57,-1.014011,0.7333581,-2.108133
RIPS,581.5782,-1.013977,0.7334451,-2.108103
RIPS,581.5866,-1.013978,0.7335001,-2.108083
RIPS,581.5955,-1.013902,0.7336215,-2.107967
RIPS,581.6042,-1.013878,0.7337368,-2.107839
RIPS,581.6115,-1.013844,0.7338017,-2.107736
RIPS,581.62,-1.013831,0.7339543,-2.107633
RIPS,581.6284,-1.013846,0.7341101,-2.10765
RIPS,581.6364,-1.013843,0.7342144,-2.107655
RIPS,581.6449,-1.013866,0.7341892,-2.107728
RIPS,581.6533,-1.013902,0.7341322,-2.107806
RIPS,581.6626,-1.014049,0.7340249,-2.107847
RIPS,581.6696,-1.014151,0.734014,-2.107893
RIPS,581.6786,-1.014194,0.7339732,-2.107836
RIPS,581.687,-1.014209,0.7341254,-2.10783
RIPS,581.6948,-1.01415,0.7343134,-2.107667
RIPS,581.703,-1.014034,0.7345603,-2.107441
RIPS,581.7122,-1.013939,0.734782,-2.107255
RIPS,581.7198,-1.013791,0.7349444,-2.107033
RIPS,581.7297,-1.013745,0.7351013,-2.106889
RIPS,581.7369,-1.013661,0.7351666,-2.106742
RIPS,581.747,-1.013512,0.7352232,-2.106755
RIPS,581.7543,-1.01354,0.7351192,-2.106789
RIPS,581.7614,-1.013582,0.7351584,-2.106706
RIPS,581.7699,-1.013578,0.7351073,-2.106645
RIPS,581.7784,-1.013546,0.7351366,-2.106537
RIPS,581.7866,-1.013589,0.7352759,-2.106358
RIPS,581.7957,-1.013549,0.7354993,-2.106195
RIPS,581.8039,-1.013493,0.7356603,-2.106012
RIPS,581.8115,-1.013477,0.7358987,-2.105884
RIPS,581.8198,-1.013518,0.7360105,-2.105797
RIPS,581.8285,-1.013512,0.7360187,-2.105728
RIPS,581.8369,-1.013489,0.736139,-2.10576
RIPS,581.8461,-1.013489,0.7361745,-2.105715
RIPS,581.8531,-1.013434,0.7360009,-2.105618
RIPS,581.8625,-1.013496,0.7360198,-2.105538
RIPS,581.8699,-1.013649,0.7361381,-2.105478
RIPS,581.8784,-1.013716,0.7361944,-2.105412
RIPS,581.8873,-1.013697,0.7360998,-2.105392
RIPS,581.8977,-1.0137,0.7360455,-2.105341
RIPS,581.9067,-1.013595,0.7358989,-2.105345
RIPS,581.9126,-1.013607,0.7358376,-2.10534
RIPS,581.9181,-1.013571,0.7358473,-2.10536
RIPS,581.9266,-1.013483,0.7358545,-2.105246
RIPS,581.9348,-1.013421,0.7359686,-2.105205
RIPS,581.9428,-1.013384,0.7359791,-2.105122
RIPS,581.9509,-1.013351,0.7361077,-2.105059
RIPS,581.9596,-1.013333,0.736199,-2.104954
RIPS,581.968,-1.013301,0.7362304,-2.104964
RIPS,581.9763,-1.013337,0.7361918,-2.104996
RIPS,581.9844,-1.013365,0.7362136,-2.10503
RIPS,581.9933,-1.013409,0.7361141,-2.105091
RIPS,582.0013,-1.013458,0.7360141,-2.105124
RIPS,582.0096,-1.013488,0.7359791,-2.105151
RIPS,582.0178,-1.013474,0.7360769,-2.105203
RIPS,582.0259,-1.013472,0.7361276,-2.105185
RIPS,582.0345,-1.01341,0.7361714,-2.105124
RIPS,582.0429,-1.013323,0.7363657,-2.105138
RIPS,582.051,-1.013285,0.7364187,-2.105094
RIPS,582.0599,-1.013397,0.7363532,-2.105031
RIPS,582.0677,-1.013441,0.7363709,-2.10508
RIPS,582.0764,-1.01347,0.7363384,-2.105125
RIPS,582.0854,-1.013579,0.7362199,-2.105248
RIPS,582.0928,-1.013644,0.7360915,-2.10529
RIPS,582.1009,-1.013674,0.7360548,-2.105329
RIPS,582.1097,-1.013705,0.736143,-2.105437
RIPS,582.1182,-1.013844,0.7362678,-2.105324
RIPS,582.1266,-1.013827,0.7362882,-2.105299
RIPS,582.1347,-1.013837,0.736319,-2.105289
RIPS,582.1426,-1.01378,0.7364126,-2.105273
RIPS,582.1513,-1.01377,0.7364634,-2.105263
RIPS,582.1594,-1.013672,0.7365207,-2.105338
RIPS,582.1682,-1.013664,0.7365575,-2.105339
RIPS,582.1764,-1.013816,0.7366334,-2.105361
RIPS,582.1844,-1.013839,0.7365962,-2.105391
RIPS,582.1941,-1.013895,0.7365774,-2.10544
RIPS,582.2017,-1.013886,0.7365153,-2.105412
RIPS,582.2109,-1.013924,0.7365404,-2.105408
RIPS,582.2186,-1.013904,0.7365255,-2.105408
RIPS,582.2272,-1.013912,0.736567,-2.10539
RIPS,582.2354,-1.013925,0.7365794,-2.105362
RIPS,582.2746,-1.013901,0.7365729,-2.105328
RIPS,582.2815,-1.0138,0.7362327,-2.105206
RIPS,582.2889,-1.013821,0.7362505,-2.105209
RIPS,582.2946,-1.01388,0.7363107,-2.105209
RIPS,582.3006,-1.013775,0.7363423,-2.105258
RIPS,582.3093,-1.013794,0.7363331,-2.105283
RIPS,582.3177,-1.013795,0.7363215,-2.105273
RIPS,582.3262,-1.013761,0.7363462,-2.10535
RIPS,582.3347,-1.013751,0.7363346,-2.105379
RIPS,582.3425,-1.013836,0.7364056,-2.105365
RIPS,582.3509,-1.013817,0.7364314,-2.105354
RIPS,582.3593,-1.013786,0.7363966,-2.10532
RIPS,582.3677,-1.013776,0.7363965,-2.105327
RIPS,582.3761,-1.013795,0.7364638,-2.105355
RIPS,582.3843,-1.0138,0.7364197,-2.105347
RIPS,582.3928,-1.013809,0.7364167,-2.105365
RIPS,582.4011,-1.013986,0.7363866,-2.105361
RIPS,582.4094,-1.014017,0.7363492,-2.105372
RIPS,582.4175,-1.013996,0.736331,-2.105381
RIPS,582.4261,-1.014009,0.736393,-2.105319
RIPS,582.4342,-1.014007,0.7363646,-2.105258
RIPS,582.4426,-1.014011,0.7363907,-2.10524
RIPS,582.4509,-1.01403,0.7363455,-2.105235
RIPS,582.4597,-1.014157,0.736339,-2.105167
RIPS,582.4677,-1.014157,0.7363252,-2.105113
RIPS,582.4759,-1.01408,0.7363238,-2.105206
RIPS,582.485,-1.014071,0.7363114,-2.105142
RIPS,582.4927,-1.014096,0.7363955,-2.105124
RIPS,582.5005,-1.014159,0.7365395,-2.105098
RIPS,582.5093,-1.01415,0.7366573,-2.104962
RIPS,582.5176,-1.014176,0.736772,-2.104876
RIPS,582.5263,-1.014185,0.7368832,-2.104809
RIPS,582.5343,-1.014318,0.7369703,-2.104671
RIPS,582.5425,-1.014287,0.7370363,-2.104587
RIPS,582.5507,-1.014264,0.7370769,-2.104604
RIPS,582.5591,-1.014373,0.7370991,-2.104532
RIPS,582.5677,-1.014333,0.7371942,-2.104538
RIPS,582.5759,-1.014252,0.7371959,-2.104525
RIPS,582.5844,-1.01424,0.7372214,-2.104478
RIPS,582.5928,-1.014189,0.7373344,-2.104473
RIPS,582.6009,-1.014189,0.7374166,-2.104409
RIPS,582.6093,-1.01418,0.7374941,-2.104348
RIPS,582.6176,-1.014171,0.7375764,-2.10427
RIPS,582.6259,-1.014181,0.7376772,-2.104244
RIPS,582.6342,-1.014182,0.7377599,-2.104177
RIPS,582.6427,-1.014214,0.7377828,-2.10415
RIPS,582.6507,-1.014244,0.7378628,-2.104117
RIPS,582.6596,-1.014328,0.7378898,-2.104095
RIPS,582.6677,-1.014383,0.737972,-2.104074
RIPS,582.6758,-1.014377,0.7380209,-2.104048
RIPS,582.6851,-1.014428,0.7380931,-2.104027
RIPS,582.6926,-1.014507,0.7380838,-2.103927
RIPS,582.7008,-1.014557,0.7380603,-2.103947
RIPS,582.7094,-1.014647,0.7381036,-2.104017
RIPS,582.7173,-1.014734,0.7379445,-2.104023
RIPS,582.7277,-1.014825,0.7379076,-2.104052
RIPS,582.7353,-1.014943,0.7379088,-2.104103
RIPS,582.7434,-1.015051,0.7379471,-2.104117
RIPS,582.7509,-1.014988,0.7379301,-2.104173
RIPS,582.7592,-1.015055,0.7379166,-2.104197
RIPS,582.768,-1.015091,0.7378625,-2.104219
RIPS,582.7766,-1.015139,0.7378071,-2.104273
RIPS,582.7856,-1.015143,0.7377901,-2.104291
RIPS,582.7953,-1.015066,0.7377793,-2.104366
RIPS,582.803,-1.015103,0.7377623,-2.104372
RIPS,582.8115,-1.015184,0.7378308,-2.104379
RIPS,582.8215,-1.015286,0.7378601,-2.104363
RIPS,582.8309,-1.015395,0.7380282,-2.104466
RIPS,582.8361,-1.015357,0.7379437,-2.104444
RIPS,582.8432,-1.015388,0.7379676,-2.104435
RIPS,582.8517,-1.015393,0.7379262,-2.104522
RIPS,582.8608,-1.015395,0.7378274,-2.104566
RIPS,582.8685,-1.015305,0.7377536,-2.104541
RIPS,582.8766,-1.015378,0.7377118,-2.104515
RIPS,582.8856,-1.015358,0.7376509,-2.10447
RIPS,582.8931,-1.015297,0.7376276,-2.10441
RIPS,582.9017,-1.015286,0.7376862,-2.104283
RIPS,582.9102,-1.015301,0.737886,-2.104167
RIPS,582.9182,-1.015309,0.7381169,-2.104039
RIPS,582.927,-1.015323,0.7382976,-2.103911
RIPS,582.9352,-1.015247,0.7384248,-2.10377
RIPS,582.9433,-1.015247,0.7386283,-2.103611
RIPS,582.9515,-1.015287,0.7388541,-2.103415
RIPS,582.9599,-1.015358,0.7390825,-2.103321
RIPS,582.9689,-1.015392,0.7392812,-2.103159
RIPS,582.9786,-1.015643,0.7395357,-2.103042
RIPS,582.9877,-1.015803,0.7396998,-2.102928
RIPS,582.9933,-1.015929,0.7398533,-2.102826
RIPS,583.0016,-1.016028,0.7400578,-2.102691
RIPS,583.0097,-1.016226,0.7403834,-2.102483
RIPS,583.0179,-1.016261,0.7405717,-2.102165
RIPS,583.0265,-1.016301,0.7408199,-2.10187
RIPS,583.0352,-1.016429,0.7412181,-2.101499
RIPS,583.0433,-1.01647,0.7414911,-2.101222
RIPS,583.0514,-1.01647,0.7418047,-2.100962
RIPS,583.0604,-1.016594,0.742125,-2.100721
RIPS,583.0683,-1.016684,0.7423784,-2.1005
RIPS,583.0765,-1.016848,0.7425936,-2.100255
RIPS,583.0858,-1.017041,0.7426836,-2.100008
RIPS,583.0934,-1.017377,0.7428122,-2.099887
RIPS,583.1015,-1.017675,0.7429323,-2.09984
RIPS,583.1099,-1.018013,0.742937,-2.099862
RIPS,583.1182,-1.01836,0.74266,-2.099796
RIPS,583.1275,-1.018659,0.7428631,-2.099832
RIPS,583.1351,-1.01905,0.7431877,-2.099971
RIPS,583.1432,-1.019475,0.7432824,-2.100027
RIPS,583.1517,-1.019778,0.7433919,-2.100143
RIPS,583.16,-1.020169,0.7434508,-2.100324
RIPS,583.1688,-1.020631,0.7435061,-2.100615
RIPS,583.1766,-1.02103,0.7434608,-2.10097
RIPS,583.1848,-1.021628,0.7431607,-2.101302
RIPS,583.1937,-1.022123,0.7428103,-2.101627
RIPS,583.2016,-1.022682,0.7423545,-2.102057
RIPS,583.2105,-1.023278,0.7420117,-2.102353
RIPS,583.2181,-1.023854,0.7417284,-2.102832
RIPS,583.2266,-1.024371,0.7417213,-2.103247
RIPS,583.2349,-1.024936,0.7416113,-2.103539
RIPS,583.2432,-1.025575,0.7414903,-2.104152
RIPS,583.2515,-1.026074,0.7414353,-2.104697
RIPS,583.2609,-1.02661,0.7411698,-2.105266
RIPS,583.2683,-1.027158,0.7410145,-2.105705
RIPS,583.2771,-1.027877,0.740805,-2.106263
RIPS,583.2862,-1.028442,0.7403243,-2.106838
RIPS,583.2938,-1.029005,0.7399741,-2.107257
RIPS,583.3026,-1.029626,0.739642,-2.107794
RIPS,583.3105,-1.030208,0.7394028,-2.10801
RIPS,583.319,-1.030764,0.7392821,-2.10835
RIPS,583.3277,-1.03134,0.7393495,-2.108598
RIPS,583.3362,-1.031921,0.7393891,-2.10881
RIPS,583.3444,-1.032404,0.7395632,-2.10896
RIPS,583.3526,-1.032862,0.739704,-2.109083
RIPS,583.3612,-1.03326,0.7397402,-2.109038
RIPS,583.3698,-1.033778,0.7399549,-2.108903
RIPS,583.3778,-1.034228,0.7400638,-2.108907
RIPS,583.386,-1.034735,0.740171,-2.108747
RIPS,583.3951,-1.0353,0.7402993,-2.10848
RIPS,583.403,-1.035767,0.7405,-2.108291
RIPS,583.4111,-1.03614,0.74073,-2.108059
RIPS,583.4197,-1.036435,0.7411113,-2.107801
RIPS,583.4278,-1.036708,0.7415296,-2.107414
RIPS,583.4362,-1.037031,0.7420698,-2.107016
RIPS,583.4445,-1.037407,0.7426826,-2.106656
RIPS,583.4526,-1.037852,0.7433086,-2.106309
RIPS,583.4617,-1.038313,0.7438415,-2.105942
RIPS,583.4692,-1.038648,0.7444233,-2.105535
RIPS,583.4777,-1.039338,0.7450194,-2.10512
RIPS,583.4866,-1.039922,0.7455721,-2.10461
RIPS,583.4946,-1.040429,0.7462521,-2.103989
RIPS,583.5028,-1.04109,0.7468866,-2.103394
RIPS,583.5112,-1.041638,0.7475271,-2.102828
RIPS,583.5193,-1.042207,0.7481093,-2.102224
RIPS,583.5284,-1.042738,0.7487487,-2.101562
RIPS,583.5362,-1.043314,0.7493463,-2.101117
RIPS,583.5447,-1.043784,0.7498884,-2.100645
RIPS,583.5526,-1.044271,0.7504797,-2.100068
RIPS,583.5609,-1.044786,0.751169,-2.099561
RIPS,583.5698,-1.045276,0.7518594,-2.099017
RIPS,583.5778,-1.045706,0.7526832,-2.09831
RIPS,583.5864,-1.04622,0.7534946,-2.097625
RIPS,583.5955,-1.046632,0.7544475,-2.096646
RIPS,583.603,-1.04695,0.7553672,-2.095428
RIPS,583.6111,-1.047264,0.756466,-2.093907
RIPS,583.6194,-1.047284,0.7583677,-2.090861
RIPS,583.6279,-1.04763,0.7586086,-2.090393
RIPS,583.6359,-1.04812,0.7591228,-2.089848
RIPS,583.6444,-1.048563,0.7595348,-2.089476
RIPS,583.6527,-1.048921,0.7600042,-2.089103
RIPS,583.6617,-1.049352,0.7604851,-2.08889
RIPS,583.6694,-1.049767,0.7609141,-2.088791
RIPS,583.6778,-1.05002,0.7613464,-2.088558
RIPS,583.6865,-1.050301,0.7617804,-2.088077
RIPS,583.6943,-1.05062,0.7623289,-2.087051
RIPS,583.7049,-1.050832,0.7630076,-2.086122
RIPS,583.7122,-1.051185,0.7632223,-2.085962
RIPS,583.7192,-1.051556,0.7633685,-2.085876
RIPS,583.7282,-1.051907,0.7635226,-2.085732
RIPS,583.7365,-1.052272,0.763678,-2.085671
RIPS,583.7471,-1.052601,0.7638462,-2.085554
RIPS,583.757,-1.05307,0.7640755,-2.085472
RIPS,583.7627,-1.053333,0.7645167,-2.085454
RIPS,583.769,-1.053758,0.7646959,-2.085421
RIPS,583.7757,-1.05398,0.764925,-2.085388
RIPS,583.7838,-1.054358,0.7651784,-2.085488
RIPS,583.7935,-1.054729,0.7654254,-2.085348
RIPS,583.8009,-1.055128,0.7656576,-2.08535
RIPS,583.8091,-1.055513,0.7658851,-2.085217
RIPS,583.8168,-1.055919,0.7659475,-2.085049
RIPS,583.8257,-1.056243,0.7661023,-2.084851
RIPS,583.8338,-1.056406,0.7662007,-2.084454
RIPS,583.8423,-1.05672,0.7663665,-2.084281
RIPS,583.8502,-1.056984,0.7665929,-2.084249
RIPS,583.8591,-1.057196,0.7668029,-2.084323
RIPS,583.8674,-1.057513,0.766958,-2.0845
RIPS,583.8754,-1.057796,0.7670137,-2.084464
RIPS,583.8845,-1.05809,0.7671602,-2.084655
RIPS,583.8925,-1.058659,0.7673582,-2.084796
RIPS,583.9001,-1.058978,0.7674436,-2.084882
RIPS,583.9088,-1.059554,0.7675946,-2.085056
RIPS,583.9173,-1.059876,0.767602,-2.084996
RIPS,583.926,-1.060158,0.7675664,-2.084753
RIPS,583.9339,-1.060544,0.7677215,-2.084738
RIPS,583.9421,-1.060861,0.7678106,-2.084656
RIPS,583.9503,-1.06132,0.7679592,-2.084948
RIPS,583.959,-1.061647,0.7680786,-2.084974
RIPS,583.9677,-1.062002,0.7681432,-2.085203
RIPS,583.9756,-1.061803,0.7681653,-2.084749
RIPS,583.9839,-1.062003,0.7681988,-2.084682
RIPS,583.9928,-1.061886,0.7682741,-2.084699
RIPS,584.0004,-1.062093,0.7683365,-2.084756
RIPS,584.0093,-1.062238,0.7685012,-2.084536
RIPS,584.0169,-1.062369,0.7685999,-2.08462
RIPS,584.0259,-1.062553,0.7686493,-2.08463
RIPS,584.0339,-1.062832,0.7686182,-2.084488
RIPS,584.0428,-1.063066,0.7686124,-2.084549
RIPS,584.0525,-1.063283,0.7686481,-2.084551
RIPS,584.0614,-1.063679,0.7686369,-2.084458
RIPS,584.0678,-1.063935,0.7686198,-2.084747
RIPS,584.0765,-1.064022,0.7687103,-2.084803
RIPS,584.0857,-1.064237,0.7687638,-2.085002
RIPS,584.0935,-1.064219,0.7688984,-2.085169
RIPS,584.1016,-1.064379,0.7689665,-2.085282
RIPS,584.1105,-1.064552,0.7691987,-2.085384
RIPS,584.119,-1.064633,0.7692005,-2.085406
RIPS,584.1273,-1.064815,0.7692257,-2.085178
RIPS,584.1356,-1.06491,0.7691947,-2.085083
RIPS,584.1439,-1.065069,0.7690648,-2.085023
RIPS,584.152,-1.065131,0.768998,-2.084849
RIPS,584.1603,-1.065262,0.7689766,-2.084816
RIPS,584.1696,-1.065457,0.7688612,-2.084781
RIPS,584.1771,-1.065551,0.7688995,-2.084909
RIPS,584.1853,-1.065661,0.7689387,-2.08511
RIPS,584.1946,-1.065727,0.7689828,-2.085283
RIPS,584.2025,-1.065833,0.7690617,-2.085458
RIPS,584.2111,-1.065847,0.7692575,-2.08532
RIPS,584.2188,-1.065922,0.7692536,-2.08527
RIPS,584.2272,-1.065866,0.7692648,-2.084825
RIPS,584.2352,-1.065794,0.7692814,-2.08468
RIPS,584.2438,-1.065817,0.7692273,-2.084517
RIPS,584.2522,-1.06581,0.7692639,-2.08445
RIPS,584.2606,-1.065707,0.7692956,-2.084181
RIPS,584.2689,-1.065702,0.7693007,-2.084368
RIPS,584.2772,-1.065765,0.7692896,-2.084713
RIPS,584.2867,-1.065706,0.7692429,-2.084815
RIPS,584.2938,-1.06574,0.7692381,-2.084811
RIPS,584.3021,-1.0657,0.7692107,-2.08469
RIPS,584.3107,-1.065658,0.7692468,-2.084416
RIPS,584.3187,-1.065589,0.769231,-2.084313
RIPS,584.3276,-1.065589,0.7691957,-2.084213
RIPS,584.3355,-1.065566,0.7692308,-2.084011
RIPS,584.344,-1.065554,0.7691206,-2.084158
RIPS,584.3522,-1.065571,0.7691383,-2.084056
RIPS,584.3605,-1.065577,0.7691735,-2.084174
RIPS,584.3694,-1.065583,0.7692035,-2.084266
RIPS,584.3776,-1.065613,0.7693218,-2.084063
RIPS,584.386,-1.065647,0.7694898,-2.083886
RIPS,584.3947,-1.065612,0.7695153,-2.083821
RIPS,584.4028,-1.065561,0.7696723,-2.083315
RIPS,584.4108,-1.065505,0.7697798,-2.082932
RIPS,584.4191,-1.065461,0.7698343,-2.082691
RIPS,584.4277,-1.065446,0.7697761,-2.082766
RIPS,584.4358,-1.065453,0.7696966,-2.082996
RIPS,584.4443,-1.065478,0.7694533,-2.083606
RIPS,584.4521,-1.065517,0.7694435,-2.083894
RIPS,584.4615,-1.065592,0.7694171,-2.084313
RIPS,584.4692,-1.065598,0.7694898,-2.08425
RIPS,584.4775,-1.065658,0.7695035,-2.084314
RIPS,584.4865,-1.065618,0.7697343,-2.083781
RIPS,584.4943,-1.065616,0.7698402,-2.083538
RIPS,584.5026,-1.06556,0.7701464,-2.08283
RIPS,584.511,-1.065527,0.7701366,-2.082911
RIPS,584.519,-1.065521,0.7701515,-2.082944
RIPS,584.5281,-1.065529,0.7699308,-2.083424
RIPS,584.5361,-1.065523,0.7698708,-2.08359
RIPS,584.5444,-1.065542,0.7697604,-2.083913
RIPS,584.5524,-1.065597,0.7696478,-2.084153
RIPS,584.561,-1.065585,0.7697462,-2.08407
RIPS,584.5693,-1.065632,0.7696956,-2.08423
RIPS,584.5778,-1.065634,0.769768,-2.084125
RIPS,584.5859,-1.065622,0.7700605,-2.083652
RIPS,584.5947,-1.06563,0.770352,-2.083109
RIPS,584.6027,-1.065614,0.7707704,-2.082301
RIPS,584.6109,-1.065578,0.7712078,-2.081557
RIPS,584.6193,-1.065574,0.7712345,-2.081595
RIPS,584.6273,-1.065629,0.7708431,-2.081923
RIPS,584.6357,-1.065552,0.7710463,-2.08157
RIPS,584.6447,-1.06565,0.7703082,-2.082985
RIPS,584.6522,-1.065712,0.7701567,-2.083315
RIPS,584.6613,-1.065718,0.7701057,-2.083499
RIPS,584.6689,-1.065744,0.7703621,-2.083156
RIPS,584.6779,-1.065913,0.7701229,-2.083897
RIPS,584.6865,-1.065886,0.7706577,-2.082969
RIPS,584.6943,-1.065869,0.7712458,-2.081929
RIPS,584.7026,-1.065937,0.7712141,-2.082061
RIPS,584.7112,-1.065967,0.7711567,-2.082059
RIPS,584.7194,-1.066041,0.7705777,-2.083198
RIPS,584.7282,-1.066132,0.7699708,-2.084494
RIPS,584.7359,-1.066171,0.7699134,-2.084752
RIPS,584.7446,-1.066219,0.7697923,-2.085287
RIPS,584.7526,-1.06626,0.7697843,-2.085476
RIPS,584.761,-1.066234,0.7699744,-2.085121
RIPS,584.7702,-1.066231,0.7701756,-2.084483
RIPS,584.7779,-1.066194,0.7703195,-2.084107
RIPS,584.7858,-1.066169,0.7706406,-2.083418
RIPS,584.795,-1.066139,0.771274,-2.082409
RIPS,584.8032,-1.066212,0.7708402,-2.083119
RIPS,584.811,-1.066338,0.7704353,-2.084102
RIPS,584.8193,-1.066455,0.770211,-2.084787
RIPS,584.8291,-1.066547,0.7700692,-2.085074
RIPS,584.8387,-1.066618,0.7701116,-2.085092
RIPS,584.844,-1.066626,0.7701566,-2.084985
RIPS,584.8514,-1.066665,0.7701912,-2.084927
RIPS,584.8609,-1.066682,0.7704449,-2.084364
RIPS,584.8682,-1.066575,0.7708972,-2.083622
RIPS,584.8764,-1.066597,0.7707647,-2.083932
RIPS,584.8853,-1.066541,0.7713488,-2.082933
RIPS,584.8931,-1.066534,0.77076,-2.084186
RIPS,584.9014,-1.066577,0.7704876,-2.084932
RIPS,584.9096,-1.066536,0.770412,-2.08511
RIPS,584.9181,-1.06654,0.7704217,-2.085209
RIPS,584.927,-1.066575,0.7703516,-2.085277
RIPS,584.9348,-1.066584,0.770426,-2.085176
RIPS,584.9433,-1.066568,0.7706966,-2.084695
RIPS,584.9514,-1.066612,0.7708854,-2.084133
RIPS,584.96,-1.066598,0.7711718,-2.083642
RIPS,584.9681,-1.066591,0.7715933,-2.083073
RIPS,584.9765,-1.06662,0.7715811,-2.083093
RIPS,584.9847,-1.066737,0.7709137,-2.084457
RIPS,584.9935,-1.066801,0.7708325,-2.084795
RIPS,585.0013,-1.066867,0.7705692,-2.0854
RIPS,585.0101,-1.066931,0.7706316,-2.085366
RIPS,585.0179,-1.066903,0.7707992,-2.084996
RIPS,585.0266,-1.066899,0.7709876,-2.084509
RIPS,585.0344,-1.066802,0.7716796,-2.083268
RIPS,585.0433,-1.06677,0.771854,-2.083315
RIPS,585.0513,-1.066684,0.7719198,-2.083328
RIPS,585.0601,-1.06665,0.7719724,-2.083287
RIPS,585.0683,-1.066609,0.7721217,-2.083252
RIPS,585.0764,-1.066584,0.7721958,-2.083213
RIPS,585.0857,-1.066439,0.772253,-2.083194
RIPS,585.0928,-1.06644,0.7723571,-2.08317
RIPS,585.101,-1.066486,0.7722982,-2.083187
RIPS,585.11,-1.06649,0.7724044,-2.083179
RIPS,585.118,-1.066512,0.772513,-2.083203
RIPS,585.1271,-1.066678,0.7725316,-2.08329
RIPS,585.1351,-1.066683,0.7726233,-2.083318
RIPS,585.1436,-1.066661,0.7728924,-2.083323
RIPS,585.152,-1.066525,0.7730224,-2.083313
RIPS,585.1607,-1.066488,0.7731611,-2.083255
RIPS,585.1693,-1.066216,0.7734015,-2.083101
RIPS,585.1774,-1.066164,0.7735364,-2.083018
RIPS,585.1856,-1.065952,0.7735403,-2.082787
RIPS,585.1946,-1.065859,0.7735962,-2.08268
RIPS,585.2029,-1.065716,0.7735584,-2.08257
RIPS,585.2117,-1.065673,0.7737242,-2.082564
RIPS,585.2189,-1.06553,0.7739544,-2.082513
RIPS,585.2275,-1.065311,0.774103,-2.082406
RIPS,585.2358,-1.065186,0.7742802,-2.082375
RIPS,585.2444,-1.064965,0.7745686,-2.082298
RIPS,585.2524,-1.064809,0.7747563,-2.082269
RIPS,585.2613,-1.064637,0.7748612,-2.082223
RIPS,585.2692,-1.064248,0.7750992,-2.082077
RIPS,585.2778,-1.063999,0.7752419,-2.081988
RIPS,585.287,-1.063764,0.7753748,-2.081883
RIPS,585.2944,-1.063426,0.7756622,-2.081704
RIPS,585.3023,-1.06317,0.7758563,-2.081668
RIPS,585.311,-1.062929,0.7760989,-2.081489
RIPS,585.319,-1.062642,0.7763199,-2.081265
RIPS,585.3279,-1.062191,0.7765857,-2.080873
RIPS,585.3362,-1.061822,0.7766723,-2.080606
RIPS,585.3442,-1.061419,0.7767869,-2.080347
RIPS,585.3524,-1.06072,0.7765895,-2.079993
RIPS,585.361,-1.060265,0.7764028,-2.079817
RIPS,585.3698,-1.059538,0.7762857,-2.079623
RIPS,585.3774,-1.059159,0.7762203,-2.079463
RIPS,585.3859,-1.059011,0.776124,-2.079383
RIPS,585.3949,-1.058659,0.776124,-2.079205
RIPS,585.403,-1.058313,0.7760292,-2.078934
RIPS,585.411,-1.057833,0.7758885,-2.078467
RIPS,585.4189,-1.057462,0.7758649,-2.078056
RIPS,585.4279,-1.05694,0.7760108,-2.077653
RIPS,585.4356,-1.056527,0.7760615,-2.077274
RIPS,585.4442,-1.056129,0.7760305,-2.076933
RIPS,585.4523,-1.055699,0.7759422,-2.076596
RIPS,585.4619,-1.055107,0.7757483,-2.076221
RIPS,585.4691,-1.054607,0.7755002,-2.075831
RIPS,585.4777,-1.054101,0.7751337,-2.075381
RIPS,585.4866,-1.053573,0.7746538,-2.074955
RIPS,585.4943,-1.053108,0.7742836,-2.074801
RIPS,585.5023,-1.052526,0.7739826,-2.07433
RIPS,585.5109,-1.052013,0.7738223,-2.073949
RIPS,585.519,-1.051534,0.7736322,-2.073522
RIPS,585.528,-1.050897,0.7735948,-2.073066
RIPS,585.5358,-1.050441,0.7733857,-2.072816
RIPS,585.5446,-1.049923,0.7732282,-2.072465
RIPS,585.5524,-1.049259,0.7728513,-2.072046
RIPS,585.5607,-1.048622,0.7724459,-2.071743
RIPS,585.5692,-1.047888,0.7720517,-2.071354
RIPS,585.5779,-1.047209,0.7716188,-2.070936
RIPS,585.5857,-1.046579,0.7710907,-2.070503
RIPS,585.5944,-1.046198,0.7700127,-2.071324
RIPS,585.6035,-1.045743,0.7691638,-2.072858
RIPS,585.6108,-1.045322,0.7685966,-2.073702
RIPS,585.619,-1.044752,0.7682518,-2.073987
RIPS,585.6274,-1.043883,0.7677969,-2.073768
RIPS,585.6356,-1.043357,0.7674839,-2.07397
RIPS,585.6443,-1.042799,0.7672784,-2.073964
RIPS,585.6525,-1.041589,0.7666511,-2.073256
RIPS,585.6611,-1.040977,0.7662994,-2.073231
RIPS,585.669,-1.040367,0.7658628,-2.073188
RIPS,585.6776,-1.040108,0.7657376,-2.073646
RIPS,585.6867,-1.039518,0.765556,-2.073807
RIPS,585.6939,-1.038791,0.765368,-2.073636
RIPS,585.7023,-1.038319,0.7653546,-2.073596
RIPS,585.7107,-1.037628,0.7652786,-2.073606
RIPS,585.7189,-1.037028,0.7651814,-2.073415
RIPS,585.7283,-1.036257,0.7646999,-2.073282
RIPS,585.7357,-1.035638,0.7643261,-2.073178
RIPS,585.7441,-1.034908,0.7637987,-2.073134
RIPS,585.7521,-1.034276,0.76344,-2.073153
RIPS,585.7612,-1.03364,0.7630907,-2.073273
RIPS,585.7704,-1.032986,0.7629647,-2.073233
RIPS,585.7788,-1.032242,0.7628121,-2.073239
RIPS,585.7859,-1.031671,0.7625077,-2.073063
RIPS,585.7946,-1.031102,0.7622045,-2.073094
RIPS,585.8029,-1.03048,0.7619544,-2.073208
RIPS,585.8111,-1.029892,0.7614846,-2.073419
RIPS,585.8189,-1.029314,0.7609025,-2.073704
RIPS,585.8274,-1.028553,0.7602847,-2.074141
RIPS,585.8358,-1.027935,0.7597814,-2.07448
RIPS,585.844,-1.027306,0.7594587,-2.074907
RIPS,585.8524,-1.026789,0.7592024,-2.075255
RIPS,585.8611,-1.026482,0.7590286,-2.075512
RIPS,585.8691,-1.026128,0.7587732,-2.075561
RIPS,585.8776,-1.025907,0.758515,-2.075525
RIPS,585.8869,-1.025778,0.7579075,-2.076392
RIPS,585.8942,-1.025666,0.7572777,-2.077525
RIPS,585.9023,-1.025476,0.7566905,-2.078384
RIPS,585.9109,-1.02534,0.7561284,-2.079576
RIPS,585.919,-1.025075,0.7554312,-2.080549
RIPS,585.9277,-1.024726,0.7547152,-2.081378
RIPS,585.9356,-1.024356,0.7539763,-2.082026
RIPS,585.9442,-1.024059,0.7533926,-2.082639
RIPS,585.9523,-1.023723,0.7528974,-2.083086
RIPS,585.9611,-1.023403,0.7527767,-2.083495
RIPS,585.9694,-1.02403,0.7510219,-2.087245
RIPS,585.9774,-1.024173,0.7499434,-2.089333
RIPS,585.9856,-1.024158,0.7490771,-2.090744
RIPS,585.9946,-1.023973,0.7480428,-2.092134
RIPS,586.0029,-1.023803,0.7470515,-2.093317
RIPS,586.0109,-1.023509,0.7458616,-2.09457
RIPS,586.019,-1.023393,0.7447154,-2.09568
RIPS,586.0274,-1.0232,0.7439318,-2.096452
RIPS,586.0359,-1.023068,0.7436034,-2.096972
RIPS,586.0444,-1.022835,0.7432663,-2.097378
RIPS,586.0521,-1.022761,0.7430667,-2.097721
RIPS,586.0609,-1.022552,0.7426918,-2.098115
RIPS,586.0693,-1.022281,0.7422578,-2.098446
RIPS,586.0771,-1.021988,0.7414424,-2.098835
RIPS,586.0867,-1.021682,0.7407659,-2.099322
RIPS,586.0941,-1.021476,0.7400617,-2.099837
RIPS,586.1021,-1.021187,0.7392935,-2.100015
RIPS,586.1108,-1.020964,0.7385991,-2.100626
RIPS,586.1191,-1.020793,0.7380909,-2.10117
RIPS,586.1277,-1.020678,0.7378415,-2.101471
RIPS,586.1357,-1.020637,0.7378992,-2.101674
RIPS,586.1441,-1.020607,0.7379066,-2.102046
RIPS,586.1524,-1.020419,0.7377287,-2.102268
RIPS,586.1605,-1.02029,0.7375684,-2.102479
RIPS,586.1691,-1.020124,0.7370195,-2.102828
RIPS,586.1772,-1.02005,0.7363142,-2.103293
RIPS,586.1856,-1.019786,0.7357831,-2.103788
RIPS,586.1948,-1.019633,0.7350503,-2.104221
RIPS,586.202,-1.019403,0.7346696,-2.104566
RIPS,586.2114,-1.01923,0.7342286,-2.104698
RIPS,586.2193,-1.018948,0.7340034,-2.104667
RIPS,586.2275,-1.018764,0.7339532,-2.104548
RIPS,586.2358,-1.018534,0.7343405,-2.104422
RIPS,586.2446,-1.018355,0.7343511,-2.104406
RIPS,586.2524,-1.018143,0.7344511,-2.104489
RIPS,586.2617,-1.01799,0.7345039,-2.104632
RIPS,586.2692,-1.017892,0.7345325,-2.104933
RIPS,586.2775,-1.017875,0.7342771,-2.105304
RIPS,586.2865,-1.018,0.7339875,-2.105507
RIPS,586.294,-1.018007,0.7336192,-2.105737
RIPS,586.3023,-1.017979,0.7333149,-2.105862
RIPS,586.3107,-1.017972,0.7329142,-2.106086
RIPS,586.3189,-1.017941,0.7325357,-2.106232
RIPS,586.3281,-1.017648,0.7323502,-2.106293
RIPS,586.3358,-1.017492,0.7324385,-2.106233
RIPS,586.344,-1.017382,0.732398,-2.106246
RIPS,586.3525,-1.017242,0.7327421,-2.106134
RIPS,586.3606,-1.017144,0.732852,-2.106134
RIPS,586.3693,-1.017022,0.7329428,-2.10603
RIPS,586.3772,-1.016934,0.732988,-2.106018
RIPS,586.3854,-1.016887,0.7330332,-2.106179
RIPS,586.3944,-1.016832,0.7329366,-2.106244
RIPS,586.4031,-1.016774,0.7327893,-2.106317
RIPS,586.4108,-1.016806,0.7326287,-2.106431
RIPS,586.4189,-1.016794,0.732604,-2.10651
RIPS,586.4274,-1.016706,0.7325517,-2.10655
RIPS,586.4353,-1.016595,0.7326044,-2.10657
RIPS,586.444,-1.0166,0.7325631,-2.106454
RIPS,586.4521,-1.01652,0.732753,-2.106373
RIPS,586.4609,-1.016496,0.7329277,-2.10633
RIPS,586.4691,-1.016596,0.7331141,-2.106315
RIPS,586.4775,-1.016592,0.7333211,-2.106287
RIPS,586.4864,-1.016615,0.7334021,-2.106288
RIPS,586.494,-1.016616,0.7334579,-2.106321
RIPS,586.5027,-1.016477,0.7333642,-2.106467
RIPS,586.5107,-1.016437,0.7333313,-2.106558
RIPS,586.5189,-1.016374,0.7332661,-2.10665
RIPS,586.5276,-1.016077,0.733237,-2.106778
RIPS,586.5357,-1.015954,0.7331456,-2.106765
RIPS,586.5439,-1.015907,0.7331164,-2.106794
RIPS,586.5524,-1.015888,0.7331533,-2.106782
RIPS,586.5604,-1.015954,0.7332536,-2.10675
RIPS,586.5692,-1.015931,0.7333861,-2.106773
RIPS,586.5772,-1.0159,0.7334794,-2.106785
RIPS,586.5856,-1.015927,0.7334604,-2.106754
RIPS,586.5948,-1.015864,0.7334313,-2.106725
RIPS,586.6024,-1.015805,0.7334098,-2.106693
RIPS,586.6105,-1.015713,0.7333045,-2.106689
RIPS,586.6187,-1.015696,0.7332495,-2.106708
RIPS,586.6271,-1.015686,0.7331311,-2.106654
RIPS,586.6354,-1.015673,0.7330613,-2.10667
RIPS,586.6443,-1.015822,0.7330605,-2.106673
RIPS,586.6519,-1.015792,0.7331329,-2.106629
RIPS,586.6611,-1.015797,0.73321,-2.106642
RIPS,586.6688,-1.01565,0.7334036,-2.10659
RIPS,586.6773,-1.015576,0.7335064,-2.106514
RIPS,586.6861,-1.015482,0.7336279,-2.106514
RIPS,586.6941,-1.01544,0.7336295,-2.106488
RIPS,586.7022,-1.015321,0.7336764,-2.106522
RIPS,586.7107,-1.015302,0.7337806,-2.106514
RIPS,586.719,-1.015215,0.7338347,-2.106479
RIPS,586.7278,-1.015051,0.7339854,-2.106443
RIPS,586.7358,-1.014968,0.7340478,-2.106361
RIPS,586.744,-1.01497,0.7340724,-2.106351
RIPS,586.7521,-1.014832,0.7341805,-2.106256
RIPS,586.7606,-1.014767,0.734275,-2.106189
RIPS,586.7689,-1.014704,0.7343274,-2.106127
RIPS,586.7776,-1.014642,0.7343173,-2.106072
RIPS,586.7889,-1.01475,0.7343456,-2.106005
RIPS,586.7951,-1.014758,0.7343882,-2.105999
RIPS,586.8034,-1.014706,0.7344769,-2.105813
RIPS,586.8113,-1.014646,0.734538,-2.105708
RIPS,586.8193,-1.014693,0.7345989,-2.105738
RIPS,586.8272,-1.014742,0.7345718,-2.105719
RIPS,586.8358,-1.014796,0.7346682,-2.105731
RIPS,586.844,-1.014684,0.7347184,-2.105565
RIPS,586.8519,-1.014675,0.7348001,-2.105431
RIPS,586.8611,-1.014523,0.7350158,-2.105328
RIPS,586.8688,-1.014418,0.7351341,-2.105179
RIPS,586.8775,-1.01436,0.735148,-2.105083
RIPS,586.8864,-1.014361,0.7352608,-2.104935
RIPS,586.8938,-1.014321,0.7352839,-2.104842
RIPS,586.9022,-1.014318,0.7353775,-2.104763
RIPS,586.9108,-1.014309,0.7353243,-2.104622
RIPS,586.9187,-1.014313,0.7353761,-2.104573
RIPS,586.9277,-1.014337,0.7353781,-2.10457
RIPS,586.9353,-1.014296,0.735442,-2.104508
RIPS,586.9442,-1.014275,0.7355085,-2.104374
RIPS,586.9523,-1.014317,0.7354957,-2.10442
RIPS,586.9606,-1.014212,0.7355273,-2.104421
RIPS,586.9692,-1.014135,0.7355528,-2.104352
RIPS,586.9774,-1.014114,0.7355925,-2.104265
RIPS,586.9859,-1.014007,0.7357461,-2.104274
RIPS,586.9944,-1.013944,0.7358298,-2.104206
RIPS,587.0026,-1.01387,0.7358391,-2.104204
RIPS,587.0106,-1.013854,0.7358294,-2.104211
RIPS,587.0186,-1.013917,0.7358102,-2.104199
RIPS,587.0275,-1.013865,0.7358461,-2.10414
RIPS,587.0353,-1.013836,0.7359207,-2.104085
RIPS,587.0439,-1.013889,0.7360632,-2.103953
RIPS,587.0522,-1.013878,0.7362561,-2.103941
RIPS,587.0608,-1.013879,0.7363038,-2.103897
RIPS,587.0687,-1.013809,0.7363223,-2.103846
RIPS,587.0771,-1.013791,0.7363066,-2.103869
RIPS,587.0862,-1.013799,0.73624,-2.103836
RIPS,587.0941,-1.013746,0.7361961,-2.103784
RIPS,587.1021,-1.013813,0.7361105,-2.103741
RIPS,587.1107,-1.013794,0.7361034,-2.103726
RIPS,587.1187,-1.013754,0.7361377,-2.103647
RIPS,587.1279,-1.013767,0.7362356,-2.103524
RIPS,587.1356,-1.013701,0.7363471,-2.103482
RIPS,587.144,-1.013771,0.7364811,-2.103481
RIPS,587.1522,-1.013785,0.736532,-2.103506
RIPS,587.1604,-1.013705,0.7366527,-2.103662
RIPS,587.169,-1.01376,0.7365891,-2.103735
RIPS,587.1773,-1.013784,0.7366802,-2.103713
RIPS,587.1854,-1.013788,0.7367995,-2.10371
RIPS,587.1947,-1.013836,0.7368028,-2.103771
RIPS,587.2021,-1.013942,0.7366758,-2.103807
RIPS,587.2115,-1.013922,0.7365453,-2.103886
RIPS,587.2189,-1.013899,0.7366582,-2.103848
RIPS,587.2272,-1.01388,0.7367596,-2.103789
RIPS,587.2352,-1.013814,0.7368138,-2.103772
RIPS,587.244,-1.013783,0.7368304,-2.103777
RIPS,587.2518,-1.01384,0.7367853,-2.103776
RIPS,587.2613,-1.013915,0.7366338,-2.103782
RIPS,587.2687,-1.014016,0.7366149,-2.103881
RIPS,587.2774,-1.014042,0.7365193,-2.103919
RIPS,587.2862,-1.014038,0.7365273,-2.103977
RIPS,587.2936,-1.014027,0.7366156,-2.103938
RIPS,587.3022,-1.013995,0.7366741,-2.103991
RIPS,587.3106,-1.013951,0.736699,-2.104036
RIPS,587.3188,-1.013958,0.7367398,-2.104042
RIPS,587.3273,-1.013923,0.7367749,-2.104097
RIPS,587.3357,-1.013981,0.7367456,-2.104138
RIPS,587.344,-1.014026,0.7368636,-2.104143
RIPS,587.3521,-1.01406,0.7368834,-2.104114
RIPS,587.3603,-1.014143,0.7368711,-2.104132
RIPS,587.369,-1.014199,0.7368605,-2.104199
RIPS,587.377,-1.014215,0.7368603,-2.104197
RIPS,587.3855,-1.014065,0.7368821,-2.104219
RIPS,587.3945,-1.014024,0.7368605,-2.104197
RIPS,587.4024,-1.014061,0.7367986,-2.104175
RIPS,587.4106,-1.014069,0.7367471,-2.104217
RIPS,587.419,-1.014094,0.7366758,-2.104262
RIPS,587.4271,-1.014295,0.7366503,-2.104328
RIPS,587.4355,-1.014383,0.7366142,-2.104301
RIPS,587.4441,-1.014393,0.736666,-2.104222
RIPS,587.4519,-1.014342,0.736785,-2.10419
RIPS,587.4611,-1.014351,0.7368076,-2.104187
RIPS,587.4689,-1.014452,0.7368261,-2.104141
RIPS,587.4772,-1.014445,0.736819,-2.104105
RIPS,587.4861,-1.014444,0.7368615,-2.104147
RIPS,587.494,-1.014473,0.7368185,-2.104173
RIPS,587.502,-1.014502,0.7368622,-2.104125
RIPS,587.5107,-1.014541,0.7368616,-2.104122
RIPS,587.5187,-1.014552,0.7367836,-2.104076
RIPS,587.5271,-1.01458,0.7367429,-2.104096
RIPS,587.5353,-1.014643,0.7366802,-2.10418
RIPS,587.5437,-1.014579,0.7366042,-2.104251
RIPS,587.5517,-1.014562,0.7366615,-2.104229
RIPS,587.5604,-1.014633,0.7366844,-2.104257
RIPS,587.569,-1.014587,0.7366719,-2.104323
RIPS,587.5771,-1.014681,0.7365825,-2.10425
RIPS,587.5854,-1.014816,0.7366791,-2.104295
RIPS,587.5948,-1.014834,0.7366842,-2.104329
RIPS,587.6018,-1.014849,0.736753,-2.104398
RIPS,587.6104,-1.014843,0.7366771,-2.104409
RIPS,587.6185,-1.014848,0.7366727,-2.104381
RIPS,587.6271,-1.014889,0.7367682,-2.104302
RIPS,587.6354,-1.01492,0.7368385,-2.104266
RIPS,587.6438,-1.014943,0.7368808,-2.10421
RIPS,587.652,-1.014952,0.7370248,-2.104162
RIPS,587.6615,-1.014932,0.7371457,-2.104103
RIPS,587.6686,-1.014951,0.7372334,-2.104059
RIPS,587.6772,-1.014995,0.7372184,-2.104068
RIPS,587.6859,-1.014987,0.7371229,-2.104068
RIPS,587.6938,-1.015054,0.7370149,-2.104107
RIPS,587.702,-1.014974,0.7370902,-2.104167
RIPS,587.7103,-1.014957,0.7371181,-2.104124
RIPS,587.719,-1.014963,0.7371446,-2.10409
RIPS,587.7277,-1.014939,0.7373029,-2.103926
RIPS,587.7355,-1.01491,0.7373997,-2.103849
RIPS,587.7438,-1.014958,0.7374414,-2.103799
RIPS,587.7524,-1.014931,0.7375063,-2.103708
RIPS,587.7606,-1.014871,0.7374864,-2.103696
RIPS,587.7689,-1.014886,0.7375112,-2.103693
RIPS,587.7772,-1.014967,0.7374972,-2.103664
RIPS,587.7851,-1.014993,0.7374587,-2.103686
RIPS,587.7947,-1.01503,0.737384,-2.103737
RIPS,587.8024,-1.015079,0.7373511,-2.103719
RIPS,587.8105,-1.015077,0.7374012,-2.103678
RIPS,587.8185,-1.015049,0.7374424,-2.103546
RIPS,587.8269,-1.015049,0.7377255,-2.103482
RIPS,587.8359,-1.01509,0.7377989,-2.10349
RIPS,587.8436,-1.015219,0.7378412,-2.103603
RIPS,587.8519,-1.015265,0.7378535,-2.103609
RIPS,587.861,-1.015379,0.7378289,-2.103696
RIPS,587.8685,-1.015373,0.737671,-2.103728
RIPS,587.8771,-1.015651,0.7377449,-2.103779
RIPS,587.8864,-1.015716,0.7377357,-2.103788
RIPS,587.8937,-1.015745,0.7377918,-2.103755
RIPS,587.9021,-1.01588,0.7378957,-2.103712
RIPS,587.9105,-1.015908,0.7380312,-2.103633
RIPS,587.9184,-1.015861,0.7381504,-2.103667
RIPS,587.9283,-1.015874,0.7382281,-2.103606
RIPS,587.9353,-1.015894,0.7382208,-2.10355
RIPS,587.9436,-1.015957,0.7382358,-2.103532
RIPS,587.9521,-1.016002,0.7382394,-2.103492
RIPS,587.9604,-1.015948,0.7381446,-2.103412
RIPS,587.9689,-1.015931,0.7382019,-2.103327
RIPS,587.9771,-1.015846,0.7383569,-2.103273
RIPS,587.985,-1.015795,0.7384475,-2.103217
RIPS,587.994,-1.015718,0.7385275,-2.103206
RIPS,588.0026,-1.01567,0.738644,-2.103132
RIPS,588.0104,-1.015622,0.7387266,-2.103039
RIPS,588.0187,-1.015669,0.7387296,-2.102957
RIPS,588.0269,-1.015727,0.7387663,-2.102953
RIPS,588.0352,-1.015802,0.7386738,-2.102886
RIPS,588.0437,-1.015896,0.7386863,-2.102882
RIPS,588.0519,-1.015915,0.7387314,-2.102826
RIPS,588.0609,-1.01598,0.7387301,-2.102771
RIPS,588.071,-1.015995,0.7388009,-2.102711
RIPS,588.0798,-1.016038,0.7388998,-2.102657
RIPS,588.0865,-1.015975,0.7391601,-2.102451
RIPS,588.0931,-1.01599,0.7393011,-2.102348
RIPS,588.1005,-1.015946,0.7394405,-2.102371
RIPS,588.1088,-1.015965,0.7394426,-2.102456
RIPS,588.1171,-1.016121,0.7394666,-2.102549
RIPS,588.1264,-1.016122,0.739448,-2.102552
RIPS,588.134,-1.016192,0.739494,-2.102525
RIPS,588.1422,-1.016269,0.7395865,-2.102502
RIPS,588.1503,-1.016313,0.7397185,-2.102458
RIPS,588.1588,-1.016339,0.739879,-2.102346
RIPS,588.1679,-1.016438,0.7401532,-2.102301
RIPS,588.1757,-1.016581,0.7403714,-2.102241
RIPS,588.1835,-1.016721,0.7406864,-2.102257
RIPS,588.1924,-1.016866,0.7407826,-2.102207
RIPS,588.201,-1.01697,0.7408494,-2.102231
RIPS,588.2099,-1.017085,0.7408481,-2.102255
RIPS,588.2175,-1.017255,0.740708,-2.102387
RIPS,588.2255,-1.017458,0.7405745,-2.10243
RIPS,588.2336,-1.017576,0.7405438,-2.102542
RIPS,588.2421,-1.017715,0.7406671,-2.102631
RIPS,588.2506,-1.017789,0.7409634,-2.102715
RIPS,588.2595,-1.017838,0.7412327,-2.102659
RIPS,588.2674,-1.017994,0.7415166,-2.102639
RIPS,588.2756,-1.018191,0.7417967,-2.102528
RIPS,588.2849,-1.018472,0.7419578,-2.102518
RIPS,588.2923,-1.018824,0.7420715,-2.102634
RIPS,588.3005,-1.019328,0.7421755,-2.102784
RIPS,588.309,-1.01973,0.7422559,-2.102906
RIPS,588.3171,-1.020129,0.7423085,-2.102956
RIPS,588.3261,-1.02051,0.7424268,-2.102978
RIPS,588.3338,-1.02082,0.7425657,-2.103044
RIPS,588.342,-1.021028,0.7426144,-2.102944
RIPS,588.3505,-1.021417,0.7427343,-2.102818
RIPS,588.3589,-1.021702,0.7427972,-2.102791
RIPS,588.3683,-1.021975,0.7430289,-2.102736
RIPS,588.3784,-1.022152,0.7432861,-2.102632
RIPS,588.387,-1.022431,0.7434399,-2.102459
RIPS,588.3939,-1.022744,0.7436571,-2.102224
RIPS,588.4006,-1.02309,0.7438676,-2.102062
RIPS,588.4092,-1.023422,0.7440829,-2.101795
RIPS,588.4172,-1.02382,0.744051,-2.101547
RIPS,588.4256,-1.024176,0.7441717,-2.101229
RIPS,588.4337,-1.024646,0.7443458,-2.100873
RIPS,588.4423,-1.024956,0.7444456,-2.10051
RIPS,588.4504,-1.025268,0.7445852,-2.100146
RIPS,588.4595,-1.02558,0.7448953,-2.099644
RIPS,588.4674,-1.025902,0.745174,-2.099176
RIPS,588.4758,-1.026179,0.7455633,-2.09883
RIPS,588.4851,-1.026582,0.7458016,-2.09863
RIPS,588.4926,-1.026954,0.7459077,-2.098613
RIPS,588.5006,-1.027527,0.7457043,-2.099068
RIPS,588.509,-1.028029,0.7453727,-2.099583
RIPS,588.5174,-1.028588,0.744867,-2.100092
RIPS,588.5265,-1.029177,0.7443296,-2.100639
RIPS,588.5341,-1.029746,0.7439917,-2.101033
RIPS,588.5425,-1.030424,0.7435169,-2.101635
RIPS,588.5507,-1.031121,0.7431847,-2.10211
RIPS,588.5591,-1.031954,0.7427864,-2.10285
RIPS,588.5676,-1.032713,0.7425241,-2.103466
RIPS,588.5757,-1.033438,0.7422051,-2.104229
RIPS,588.5841,-1.034112,0.7416965,-2.105036
RIPS,588.5927,-1.03477,0.7410862,-2.106061
RIPS,588.6005,-1.035308,0.7402478,-2.107253
RIPS,588.6096,-1.035838,0.7394587,-2.10833
RIPS,588.6171,-1.036333,0.7386209,-2.109277
RIPS,588.6256,-1.036828,0.7379558,-2.110009
RIPS,588.634,-1.037365,0.7376815,-2.110387
RIPS,588.6422,-1.037955,0.7375968,-2.110641
RIPS,588.6506,-1.038443,0.7377838,-2.11077
RIPS,588.6594,-1.038913,0.73796,-2.110858
RIPS,588.6677,-1.03952,0.7383306,-2.111177
RIPS,588.6761,-1.039956,0.7385845,-2.111553
RIPS,588.6856,-1.040455,0.7388381,-2.111733
RIPS,588.6931,-1.040991,0.7391852,-2.111831
RIPS,588.7013,-1.041517,0.739359,-2.112015
RIPS,588.7097,-1.042042,0.7397218,-2.111924
RIPS,588.7183,-1.042595,0.7400424,-2.111833
RIPS,588.7271,-1.043084,0.7406679,-2.111346
RIPS,588.7352,-1.043579,0.74139,-2.110748
RIPS,588.7435,-1.044078,0.7423294,-2.110063
RIPS,588.7518,-1.04444,0.743169,-2.109302
RIPS,588.7603,-1.044765,0.7437951,-2.108814
RIPS,588.7688,-1.045199,0.7442874,-2.108648
RIPS,588.7791,-1.045543,0.7447838,-2.108345
RIPS,588.786,-1.045927,0.745307,-2.108201
RIPS,588.7943,-1.046308,0.7458128,-2.107987
RIPS,588.8025,-1.04668,0.7462372,-2.107777
RIPS,588.8105,-1.047132,0.7468628,-2.107262
RIPS,588.8185,-1.047468,0.747402,-2.106727
RIPS,588.8267,-1.047877,0.748207,-2.105878
RIPS,588.8353,-1.048192,0.7491339,-2.104809
RIPS,588.844,-1.048549,0.7500731,-2.103554
RIPS,588.8544,-1.048797,0.7510233,-2.102214
RIPS,588.8646,-1.049101,0.7521209,-2.100671
RIPS,588.8698,-1.049333,0.7532687,-2.099088
RIPS,588.8748,-1.049605,0.7547558,-2.097292
RIPS,588.8844,-1.049916,0.7563336,-2.095571
RIPS,588.8918,-1.050375,0.7567772,-2.095351
RIPS,588.8995,-1.050826,0.7571743,-2.095335
RIPS,588.908,-1.051279,0.7576569,-2.095148
RIPS,588.916,-1.051777,0.758025,-2.094872
RIPS,588.9251,-1.052212,0.7584137,-2.094606
RIPS,588.9329,-1.052618,0.758738,-2.094413
RIPS,588.941,-1.053048,0.759069,-2.094108
RIPS,588.9495,-1.053428,0.7593941,-2.093727
RIPS,588.9578,-1.053693,0.7598026,-2.09329
RIPS,588.9669,-1.054082,0.7601751,-2.092838
RIPS,588.9747,-1.054452,0.7606655,-2.092664
RIPS,588.9825,-1.054809,0.761386,-2.091898
RIPS,588.9914,-1.05524,0.7618107,-2.091526
RIPS,588.9998,-1.055702,0.7619697,-2.091408
RIPS,589.0081,-1.05611,0.7622392,-2.091274
RIPS,589.0162,-1.056463,0.7624971,-2.091209
RIPS,589.0246,-1.056628,0.7624728,-2.090907
RIPS,589.0328,-1.056895,0.7626008,-2.090801
RIPS,589.0414,-1.057164,0.762771,-2.090756
RIPS,589.0496,-1.057459,0.7627242,-2.090802
RIPS,589.0578,-1.05767,0.7624985,-2.090586
RIPS,589.0665,-1.057972,0.7624524,-2.090697
RIPS,589.0746,-1.058295,0.7624335,-2.09066
RIPS,589.0834,-1.058664,0.7624605,-2.090775
RIPS,589.0914,-1.058951,0.7625119,-2.09081
RIPS,589.0994,-1.059244,0.7625309,-2.09082
RIPS,589.1079,-1.059411,0.7626414,-2.090826
RIPS,589.1161,-1.059652,0.7628193,-2.091013
RIPS,589.125,-1.059788,0.7629662,-2.091139
RIPS,589.1331,-1.059972,0.7631106,-2.091172
RIPS,589.141,-1.060344,0.7633016,-2.091398
RIPS,589.1494,-1.060602,0.7633371,-2.091491
RIPS,589.1582,-1.060696,0.7633081,-2.091639
RIPS,589.1668,-1.060972,0.763266,-2.091688
RIPS,589.1752,-1.061117,0.7631653,-2.091511
RIPS,589.1833,-1.061327,0.7630659,-2.091565
RIPS,589.1921,-1.061519,0.7630515,-2.091602
RIPS,589.2013,-1.061639,0.7630476,-2.091613
RIPS,589.2101,-1.061802,0.7631479,-2.091797
RIPS,589.2174,-1.061949,0.7633491,-2.091751
RIPS,589.226,-1.062072,0.7634207,-2.09189
RIPS,589.2343,-1.062229,0.7635067,-2.09199
RIPS,589.2431,-1.06236,0.7635798,-2.092066
RIPS,589.2509,-1.062507,0.7636265,-2.092104
RIPS,589.2605,-1.062689,0.7635423,-2.092138
RIPS,589.2684,-1.062899,0.7635412,-2.092222
RIPS,589.2767,-1.063107,0.7633838,-2.092266
RIPS,589.2864,-1.063236,0.7633636,-2.092168
RIPS,589.2931,-1.063366,0.7633733,-2.092069
RIPS,589.3017,-1.063485,0.7633814,-2.092026
RIPS,589.3102,-1.063591,0.7634596,-2.091989
RIPS,589.318,-1.063695,0.7635895,-2.091961
RIPS,589.3273,-1.063769,0.7636353,-2.092021
RIPS,589.335,-1.063834,0.7637032,-2.091997
RIPS,589.3433,-1.063909,0.7638085,-2.091988
RIPS,589.3513,-1.064086,0.763903,-2.091907
RIPS,589.3601,-1.064208,0.76399,-2.091902
RIPS,589.3685,-1.064324,0.7641097,-2.091851
RIPS,589.3765,-1.064447,0.7642102,-2.091703
RIPS,589.3853,-1.064561,0.7643562,-2.091541
RIPS,589.3937,-1.064584,0.7646108,-2.090947
RIPS,589.4016,-1.064618,0.7648186,-2.090581
RIPS,589.4104,-1.064663,0.7650217,-2.090269
RIPS,589.418,-1.064681,0.7652266,-2.089959
RIPS,589.4265,-1.064729,0.7653776,-2.089771
RIPS,589.4349,-1.064804,0.7654417,-2.089835
RIPS,589.4433,-1.064923,0.7654219,-2.090021
RIPS,589.4512,-1.064953,0.7653752,-2.090292
RIPS,589.4606,-1.065082,0.765264,-2.090675
RIPS,589.4713,-1.065217,0.7652776,-2.090802
RIPS,589.4801,-1.065259,0.7652761,-2.090759
RIPS,589.4864,-1.065316,0.7654495,-2.090517
RIPS,589.4921,-1.065364,0.7656629,-2.090092
RIPS,589.4997,-1.06542,0.7660666,-2.089481
RIPS,589.5079,-1.065426,0.766749,-2.088209
RIPS,589.5162,-1.06546,0.7680011,-2.086599
RIPS,589.5247,-1.065625,0.7683015,-2.086627
RIPS,589.5328,-1.065851,0.7685385,-2.086645
RIPS,589.5414,-1.066003,0.7686895,-2.086593
RIPS,589.5502,-1.066126,0.7687869,-2.086378
RIPS,589.5582,-1.066248,0.7688352,-2.086292
RIPS,589.5669,-1.066326,0.7689105,-2.086177
RIPS,589.5746,-1.06641,0.7690085,-2.086227
RIPS,589.5828,-1.066423,0.7690073,-2.086213
RIPS,589.5919,-1.066466,0.7690988,-2.086175
RIPS,589.6,-1.066499,0.7690821,-2.086014
RIPS,589.6083,-1.066578,0.769135,-2.08596
RIPS,589.6165,-1.066702,0.7691346,-2.085725
RIPS,589.6245,-1.066887,0.7692197,-2.085574
RIPS,589.6327,-1.067079,0.769248,-2.085464
RIPS,589.6415,-1.06718,0.7692459,-2.085371
RIPS,589.6495,-1.067315,0.769246,-2.085272
RIPS,589.6579,-1.067444,0.7693268,-2.085353
RIPS,589.667,-1.067495,0.769297,-2.085332
RIPS,589.6747,-1.067659,0.7693239,-2.085477
RIPS,589.6833,-1.067731,0.7693126,-2.085577
RIPS,589.6914,-1.067805,0.7692743,-2.085581
RIPS,589.6995,-1.06804,0.7692763,-2.085625
RIPS,589.7079,-1.068093,0.7693461,-2.085595
RIPS,589.7164,-1.06816,0.7692991,-2.085399
RIPS,589.7249,-1.068199,0.7692822,-2.085223
RIPS,589.7332,-1.068579,0.7682139,-2.087499
RIPS,589.7413,-1.068638,0.7681077,-2.087881
RIPS,589.7496,-1.068727,0.768105,-2.088084
RIPS,589.7583,-1.068704,0.768114,-2.088221
RIPS,589.7676,-1.068747,0.7682694,-2.087914
RIPS,589.7751,-1.068897,0.7685417,-2.087481
RIPS,589.7838,-1.068928,0.7689331,-2.086733
RIPS,589.7932,-1.068931,0.7696529,-2.08562
RIPS,589.8009,-1.068847,0.7696906,-2.085556
RIPS,589.8094,-1.068891,0.7697082,-2.08553
RIPS,589.8173,-1.069016,0.7697149,-2.085404
RIPS,589.8261,-1.069106,0.7688125,-2.087056
RIPS,589.8346,-1.069213,0.7684795,-2.087564
RIPS,589.843,-1.069262,0.7682636,-2.088096
RIPS,589.8513,-1.069565,0.7680913,-2.088928
RIPS,589.86,-1.069625,0.7680236,-2.089035
RIPS,589.868,-1.06967,0.7680593,-2.088928
RIPS,589.8766,-1.069762,0.7681165,-2.088816
RIPS,589.8855,-1.069809,0.7682023,-2.088442
RIPS,589.8931,-1.069488,0.7685862,-2.087254
RIPS,589.9016,-1.069467,0.7685869,-2.087304
RIPS,589.9097,-1.069463,0.7686678,-2.087175
RIPS,589.9185,-1.069432,0.7686344,-2.087525
RIPS,589.9272,-1.069426,0.7684954,-2.087911
RIPS,589.9345,-1.069546,0.7683191,-2.088427
RIPS,589.9435,-1.069534,0.768241,-2.088639
RIPS,589.9514,-1.069537,0.7681679,-2.08884
RIPS,589.9598,-1.069493,0.7681567,-2.088691
RIPS,589.9684,-1.069473,0.7681751,-2.088676
RIPS,589.9766,-1.069924,0.768153,-2.08954
RIPS,589.9846,-1.069874,0.7682285,-2.08936
RIPS,589.9939,-1.069763,0.7682742,-2.089141
RIPS,590.0013,-1.069697,0.7684498,-2.088782
RIPS,590.01,-1.069665,0.7685284,-2.088599
RIPS,590.0181,-1.069695,0.7683223,-2.089238
RIPS,590.0264,-1.069696,0.7682937,-2.089286
RIPS,590.035,-1.069534,0.7682863,-2.0888
RIPS,590.043,-1.069542,0.7681953,-2.088968
RIPS,590.0516,-1.069711,0.7681047,-2.089151
RIPS,590.0604,-1.069707,0.7681271,-2.089096
RIPS,590.0682,-1.069613,0.7680972,-2.089228
RIPS,590.0768,-1.069611,0.7682898,-2.08895
RIPS,590.0857,-1.069614,0.7682846,-2.089012
RIPS,590.0933,-1.069449,0.7684358,-2.088615
RIPS,590.1014,-1.069397,0.7685114,-2.08843
RIPS,590.1098,-1.069257,0.7686189,-2.08816
RIPS,590.118,-1.069205,0.7685279,-2.08824
RIPS,590.1273,-1.069109,0.7685654,-2.088053
RIPS,590.1351,-1.068922,0.7684724,-2.088081
RIPS,590.1433,-1.06885,0.7683861,-2.08837
RIPS,590.1514,-1.06869,0.7684014,-2.088276
RIPS,590.1599,-1.068655,0.7683482,-2.088487
RIPS,590.1686,-1.068681,0.7683923,-2.088507
RIPS,590.1763,-1.068626,0.7686536,-2.08794
RIPS,590.1848,-1.068676,0.7687064,-2.087797
RIPS,590.1943,-1.068843,0.768951,-2.08733
RIPS,590.2016,-1.068805,0.7696686,-2.085883
RIPS,590.2116,-1.069068,0.7692944,-2.086641
RIPS,590.2181,-1.069105,0.768849,-2.087385
RIPS,590.2264,-1.069113,0.7687114,-2.08766
RIPS,590.2349,-1.069196,0.7684286,-2.088265
RIPS,590.2432,-1.069165,0.7682965,-2.088729
RIPS,590.2512,-1.069247,0.7682694,-2.089411
RIPS,590.2601,-1.069225,0.768409,-2.089245
RIPS,590.2683,-1.069067,0.7684849,-2.088644
RIPS,590.2764,-1.069079,0.7687031,-2.088305
RIPS,590.2856,-1.069093,0.7689708,-2.087595
RIPS,590.2933,-1.068901,0.7695586,-2.086221
RIPS,590.3013,-1.068907,0.7699807,-2.085455
RIPS,590.3098,-1.068977,0.7699938,-2.085343
RIPS,590.318,-1.069017,0.7698812,-2.085436
RIPS,590.3269,-1.069079,0.7695281,-2.086051
RIPS,590.3348,-1.068797,0.7700739,-2.084891
RIPS,590.3436,-1.068825,0.7700972,-2.084732
RIPS,590.3516,-1.068745,0.7701972,-2.084628
RIPS,590.36,-1.06882,0.770331,-2.084592
RIPS,590.3683,-1.068892,0.7703665,-2.084566
RIPS,590.3764,-1.06863,0.7704705,-2.084553
RIPS,590.3846,-1.068687,0.7704763,-2.084585
RIPS,590.3939,-1.068678,0.7704108,-2.084647
RIPS,590.4054,-1.068704,0.7704173,-2.084629
RIPS,590.4148,-1.068795,0.7703948,-2.084651
RIPS,590.4245,-1.068756,0.7702729,-2.084513
RIPS,590.4326,-1.068883,0.7702662,-2.084422
RIPS,590.441,-1.068926,0.7702883,-2.084338
RIPS,590.4491,-1.068877,0.7702955,-2.084126
RIPS,590.459,-1.068945,0.770336,-2.084089
RIPS,590.4659,-1.068964,0.7703756,-2.084051
RIPS,590.4742,-1.069209,0.7703462,-2.084227
RIPS,590.483,-1.069219,0.770363,-2.084265
RIPS,590.4912,-1.069595,0.7699334,-2.085319
RIPS,590.4991,-1.069621,0.7703727,-2.084539
RIPS,590.5074,-1.06968,0.7703602,-2.084569
RIPS,590.5159,-1.070049,0.7694831,-2.086376
RIPS,590.5262,-1.070094,0.769219,-2.086865
RIPS,590.5329,-1.07002,0.7695113,-2.086118
RIPS,590.5407,-1.070082,0.7691963,-2.086762
RIPS,590.5495,-1.069955,0.7691514,-2.086754
RIPS,590.5577,-1.069965,0.7693402,-2.086462
RIPS,590.567,-1.069932,0.7694641,-2.086251
RIPS,590.5743,-1.069784,0.7699861,-2.085071
RIPS,590.5823,-1.069811,0.7703394,-2.084544
RIPS,590.591,-1.070099,0.7694085,-2.086666
RIPS,590.5995,-1.070135,0.7692874,-2.086925
RIPS,590.6079,-1.070144,0.7694574,-2.086689
RIPS,590.6159,-1.07001,0.7703907,-2.084833
RIPS,590.6245,-1.070014,0.7705032,-2.084863
RIPS,590.6328,-1.07011,0.7706617,-2.084893
RIPS,590.6409,-1.070116,0.7707477,-2.084875
RIPS,590.6491,-1.070075,0.7708477,-2.084832
RIPS,590.6577,-1.06998,0.7710866,-2.084738
RIPS,590.6666,-1.069915,0.7712371,-2.0847
RIPS,590.6741,-1.069887,0.7712943,-2.08468
RIPS,590.6832,-1.06981,0.7713641,-2.084651
RIPS,590.6913,-1.070246,0.7713986,-2.084867
RIPS,590.6989,-1.070163,0.7713455,-2.084854
RIPS,590.708,-1.070079,0.7714339,-2.084827
RIPS,590.7159,-1.070467,0.7708356,-2.086189
RIPS,590.7243,-1.070367,0.7707988,-2.086285
RIPS,590.7329,-1.070147,0.7716342,-2.084744
RIPS,590.7407,-1.070021,0.771844,-2.084657
RIPS,590.7493,-1.069898,0.7719412,-2.084537
RIPS,590.758,-1.069817,0.7720563,-2.084423
RIPS,590.7671,-1.069685,0.7721292,-2.084296
RIPS,590.7753,-1.069442,0.7722253,-2.084112
RIPS,590.7834,-1.069286,0.7721835,-2.083999
RIPS,590.7937,-1.069018,0.7721937,-2.083804
RIPS,590.8013,-1.068775,0.7720188,-2.083616
RIPS,590.8097,-1.068653,0.771914,-2.083433
RIPS,590.8177,-1.068408,0.7717838,-2.083235
RIPS,590.8263,-1.068194,0.7711294,-2.084194
RIPS,590.8345,-1.067785,0.7708794,-2.084145
RIPS,590.8433,-1.067547,0.7707197,-2.084402
RIPS,590.8513,-1.06723,0.77051,-2.084628
RIPS,590.8611,-1.066987,0.7704177,-2.084689
RIPS,590.8679,-1.06672,0.7703955,-2.084621
RIPS,590.8765,-1.066525,0.7702441,-2.084939
RIPS,590.8856,-1.066221,0.7701964,-2.084898
RIPS,590.8932,-1.06592,0.7702737,-2.084749
RIPS,590.9014,-1.065572,0.7702591,-2.084561
RIPS,590.9095,-1.065139,0.7703023,-2.084329
RIPS,590.9179,-1.064736,0.7703799,-2.083976
RIPS,590.9271,-1.064135,0.7703384,-2.083445
RIPS,590.9348,-1.063721,0.7702863,-2.083315
RIPS,590.9433,-1.063321,0.7700396,-2.083543
RIPS,590.9511,-1.062836,0.769854,-2.083237
RIPS,590.9599,-1.062471,0.769581,-2.083482
RIPS,590.9686,-1.062072,0.7693563,-2.083612
RIPS,590.9766,-1.061821,0.769111,-2.083815
RIPS,590.9844,-1.061356,0.768898,-2.083818
RIPS,590.9938,-1.061158,0.7687109,-2.083909
RIPS,591.0014,-1.060653,0.7685341,-2.083817
RIPS,591.0101,-1.060252,0.7685496,-2.084169
RIPS,591.0181,-1.059655,0.768513,-2.083936
RIPS,591.0266,-1.059052,0.7684928,-2.083685
RIPS,591.0347,-1.058116,0.7684674,-2.083052
RIPS,591.0431,-1.057437,0.7684046,-2.082807
RIPS,591.0513,-1.056589,0.7682853,-2.082486
RIPS,591.0605,-1.055487,0.7680823,-2.081869
RIPS,591.0683,-1.054809,0.7679777,-2.081676
RIPS,591.0764,-1.054037,0.7678897,-2.081503
RIPS,591.0857,-1.05322,0.7676691,-2.081374
RIPS,591.0934,-1.052361,0.7673108,-2.081277
RIPS,591.1014,-1.051595,0.766853,-2.081403
RIPS,591.1097,-1.050654,0.7663398,-2.081699
RIPS,591.1179,-1.049711,0.765648,-2.081774
RIPS,591.1268,-1.048762,0.7652499,-2.082103
RIPS,591.1349,-1.047796,0.7647109,-2.082337
RIPS,591.1437,-1.04684,0.7644142,-2.082579
RIPS,591.1514,-1.04564,0.7639974,-2.082607
RIPS,591.1597,-1.044504,0.7640123,-2.082831
RIPS,591.1686,-1.043286,0.7636747,-2.082765
RIPS,591.1768,-1.041759,0.7632087,-2.082446
RIPS,591.1848,-1.040597,0.7631081,-2.082611
RIPS,591.1945,-1.03955,0.7630655,-2.08269
RIPS,591.2015,-1.03857,0.7626433,-2.08234
RIPS,591.2113,-1.038024,0.7623124,-2.082294
RIPS,591.2177,-1.037356,0.7615079,-2.083143
RIPS,591.2264,-1.037039,0.7610565,-2.082676
RIPS,591.2346,-1.036518,0.7602643,-2.083237
RIPS,591.2433,-1.035746,0.7594994,-2.083029
RIPS,591.2512,-1.034412,0.7588322,-2.082003
RIPS,591.2602,-1.033821,0.7577919,-2.082837
RIPS,591.2682,-1.032741,0.756794,-2.083694
RIPS,591.2763,-1.031827,0.7562413,-2.084591
RIPS,591.2858,-1.030933,0.7559159,-2.085243
RIPS,591.293,-1.030108,0.7558913,-2.085671
RIPS,591.3012,-1.029244,0.7554338,-2.086051
RIPS,591.3098,-1.029386,0.7528427,-2.090146
RIPS,591.3181,-1.029093,0.7513433,-2.092091
RIPS,591.3271,-1.02851,0.7500207,-2.093152
RIPS,591.335,-1.027795,0.7489563,-2.093904
RIPS,591.3432,-1.027153,0.7479647,-2.094367
RIPS,591.3515,-1.026505,0.7469617,-2.095084
RIPS,591.3596,-1.026071,0.7458892,-2.095709
RIPS,591.3683,-1.025933,0.7448215,-2.096638
RIPS,591.3765,-1.025592,0.7438065,-2.097433
RIPS,591.3849,-1.025385,0.7428173,-2.098398
RIPS,591.3937,-1.025047,0.7418438,-2.099233
RIPS,591.4014,-1.024666,0.7409129,-2.099918
RIPS,591.4098,-1.024216,0.7400619,-2.10035
RIPS,591.4182,-1.023661,0.7393786,-2.100642
RIPS,591.4263,-1.023197,0.7388082,-2.101087
RIPS,591.4346,-1.022792,0.7383055,-2.101456
RIPS,591.4432,-1.022408,0.7377589,-2.101938
RIPS,591.4511,-1.022277,0.7372524,-2.10239
RIPS,591.4611,-1.022047,0.7367001,-2.102824
RIPS,591.4678,-1.022122,0.7366464,-2.103348
RIPS,591.4764,-1.022095,0.7364319,-2.103781
RIPS,591.4864,-1.022366,0.7366618,-2.10442
RIPS,591.4932,-1.022432,0.7365053,-2.104942
RIPS,591.501,-1.022427,0.7362421,-2.105429
RIPS,591.5104,-1.022475,0.7356952,-2.10579
RIPS,591.518,-1.022334,0.7348465,-2.106256
RIPS,591.5269,-1.022198,0.7343336,-2.10657
RIPS,591.5345,-1.022087,0.7335155,-2.106965
RIPS,591.543,-1.021849,0.7328995,-2.107251
RIPS,591.5509,-1.021602,0.7325334,-2.10749
RIPS,591.5598,-1.021333,0.7324967,-2.107642
RIPS,591.5677,-1.021126,0.7326697,-2.10766
RIPS,591.5767,-1.020718,0.7329208,-2.107609
RIPS,591.5849,-1.020318,0.7332392,-2.107508
RIPS,591.5934,-1.019961,0.7335178,-2.107427
RIPS,591.6012,-1.01963,0.7337785,-2.107287
RIPS,591.6097,-1.019414,0.7340106,-2.107295
RIPS,591.6177,-1.019292,0.7339272,-2.107434
RIPS,591.6263,-1.019125,0.7338831,-2.107511
RIPS,591.6345,-1.01907,0.7335044,-2.107682
RIPS,591.6438,-1.019058,0.7330479,-2.107985
RIPS,591.6514,-1.018839,0.7328103,-2.108233
RIPS,591.6595,-1.018765,0.7327645,-2.108541
RIPS,591.6679,-1.018505,0.7329307,-2.108839
RIPS,591.6761,-1.018352,0.7330194,-2.109069
RIPS,591.6855,-1.018166,0.7330737,-2.109208
RIPS,591.6932,-1.017843,0.733124,-2.109281
RIPS,591.701,-1.017702,0.7331073,-2.109421
RIPS,591.7101,-1.0176,0.7331613,-2.109606
RIPS,591.7181,-1.017572,0.7331548,-2.109788
RIPS,591.7267,-1.017502,0.7332564,-2.109901
RIPS,591.7346,-1.01746,0.7332741,-2.109935
RIPS,591.743,-1.017364,0.7333251,-2.110045
RIPS,591.7512,-1.017323,0.7334096,-2.110094
RIPS,591.7596,-1.017276,0.7335206,-2.110274
RIPS,591.7678,-1.017272,0.7335369,-2.110461
RIPS,591.7768,-1.01725,0.7335088,-2.110616
RIPS,591.7846,-1.017285,0.7335487,-2.110854
RIPS,591.7932,-1.017342,0.7336022,-2.111014
RIPS,591.8051,-1.017437,0.7337183,-2.11112
RIPS,591.8113,-1.017627,0.7338264,-2.111198
RIPS,591.8178,-1.017736,0.7339421,-2.111135
RIPS,591.8264,-1.017822,0.7342656,-2.110891
RIPS,591.8349,-1.017885,0.7345846,-2.110732
RIPS,591.8444,-1.017925,0.7347986,-2.11059
RIPS,591.8514,-1.017833,0.7348633,-2.110298
RIPS,591.8596,-1.017728,0.7349439,-2.109964
RIPS,591.8676,-1.017673,0.7349635,-2.109919
RIPS,591.8762,-1.017691,0.73471,-2.109913
RIPS,591.8855,-1.017837,0.7346278,-2.109979
RIPS,591.893,-1.01796,0.7342743,-2.110096
RIPS,591.901,-1.018073,0.7339244,-2.110208
RIPS,591.9102,-1.01813,0.733833,-2.110224
RIPS,591.918,-1.018149,0.7338364,-2.110107
RIPS,591.9268,-1.018062,0.7338317,-2.109948
RIPS,591.9346,-1.01799,0.7341669,-2.109645
RIPS,591.943,-1.017943,0.7342271,-2.109436
RIPS,591.9512,-1.017867,0.734411,-2.109169
RIPS,591.9597,-1.017814,0.734596,-2.109054
RIPS,591.9675,-1.017853,0.7347425,-2.109004
RIPS,591.9768,-1.017873,0.7348455,-2.109059
RIPS,591.985,-1.017832,0.7347985,-2.109196
RIPS,591.9928,-1.017855,0.7345847,-2.109304
RIPS,592.001,-1.017825,0.7342833,-2.109442
RIPS,592.0097,-1.017813,0.7341822,-2.109452
RIPS,592.0178,-1.01782,0.734092,-2.109534
RIPS,592.0262,-1.017749,0.7341719,-2.109492
RIPS,592.0344,-1.017532,0.7343401,-2.109281
RIPS,592.0433,-1.017458,0.7345074,-2.109236
RIPS,592.0513,-1.017314,0.7349532,-2.10897
RIPS,592.0595,-1.017199,0.7352474,-2.108791
RIPS,592.0679,-1.017099,0.7353214,-2.108686
RIPS,592.076,-1.017046,0.7353228,-2.108588
RIPS,592.0856,-1.017113,0.7353905,-2.108591
RIPS,592.0933,-1.017184,0.7353361,-2.108628
RIPS,592.1013,-1.0173,0.7352967,-2.108666
RIPS,592.1102,-1.017443,0.7350551,-2.108725
RIPS,592.1182,-1.017496,0.7348965,-2.10877
RIPS,592.1268,-1.017575,0.7348588,-2.108629
RIPS,592.1346,-1.017573,0.7348789,-2.108565
RIPS,592.1432,-1.017653,0.7351158,-2.108576
RIPS,592.151,-1.017627,0.735174,-2.108451
RIPS,592.1595,-1.017645,0.7352756,-2.108306
RIPS,592.168,-1.017657,0.7353233,-2.108215
RIPS,592.1766,-1.017687,0.7354149,-2.108179
RIPS,592.1846,-1.017686,0.7354529,-2.108124
RIPS,592.1931,-1.017697,0.735485,-2.108075
RIPS,592.2012,-1.017667,0.7354153,-2.107919
RIPS,592.2102,-1.017581,0.7352895,-2.107848
RIPS,592.2179,-1.017572,0.7352808,-2.107763
RIPS,592.2261,-1.017632,0.7353308,-2.10766
RIPS,592.2346,-1.017649,0.7353317,-2.107607
RIPS,592.2432,-1.017604,0.73535,-2.107514
RIPS,592.2513,-1.017551,0.7353554,-2.107425
RIPS,592.2595,-1.017514,0.73545,-2.107314
RIPS,592.2682,-1.017509,0.7355771,-2.107231
RIPS,592.2761,-1.017459,0.7357076,-2.107144
RIPS,592.2858,-1.01749,0.7357296,-2.107068
RIPS,592.2927,-1.017464,0.735777,-2.107029
RIPS,592.3008,-1.01743,0.7358458,-2.106973
RIPS,592.3097,-1.017433,0.7358491,-2.106951
RIPS,592.318,-1.017457,0.7359286,-2.106984
RIPS,592.3269,-1.01735,0.7359823,-2.107061
RIPS,592.3345,-1.017309,0.7359688,-2.107061
RIPS,592.3431,-1.017274,0.7359779,-2.107061
RIPS,592.3513,-1.017211,0.7361179,-2.10705
RIPS,592.3594,-1.017258,0.7361556,-2.10706
RIPS,592.3679,-1.017146,0.7362852,-2.10705
RIPS,592.3764,-1.017082,0.7363287,-2.106955
RIPS,592.3848,-1.016995,0.73642,-2.106974
RIPS,592.3929,-1.017055,0.736546,-2.107007
RIPS,592.4012,-1.017111,0.7366236,-2.106995
RIPS,592.4094,-1.017113,0.7366052,-2.106979
RIPS,592.4175,-1.017138,0.7366168,-2.106987
RIPS,592.4266,-1.017205,0.7365643,-2.107004
RIPS,592.4343,-1.01725,0.7364793,-2.107059
RIPS,592.4435,-1.017317,0.7365186,-2.107092
RIPS,592.4514,-1.017327,0.7364804,-2.107106
RIPS,592.4595,-1.017261,0.7365264,-2.107
RIPS,592.4679,-1.017283,0.7366802,-2.106935
RIPS,592.4761,-1.017301,0.7367219,-2.106899
RIPS,592.4859,-1.017267,0.7368535,-2.106852
RIPS,592.4932,-1.017229,0.7367858,-2.106804
RIPS,592.501,-1.0172,0.7367505,-2.10679
RIPS,592.5097,-1.017279,0.7366125,-2.10676
RIPS,592.5179,-1.017324,0.7365425,-2.106794
RIPS,592.5267,-1.017353,0.7365365,-2.106822
RIPS,592.5341,-1.017384,0.7365833,-2.106872
RIPS,592.5428,-1.017445,0.7365846,-2.106884
RIPS,592.5515,-1.017457,0.7365594,-2.106886
RIPS,592.5595,-1.017444,0.7366044,-2.106866
RIPS,592.5677,-1.017492,0.7366533,-2.106861
RIPS,592.5776,-1.017476,0.736665,-2.106856
RIPS,592.5845,-1.017426,0.7366441,-2.106864
RIPS,592.5927,-1.017489,0.7366953,-2.106899
RIPS,592.6014,-1.017475,0.7367009,-2.106903
RIPS,592.6093,-1.017512,0.7367384,-2.10696
RIPS,592.6177,-1.017608,0.736765,-2.106966
RIPS,592.626,-1.017655,0.7367111,-2.106944
RIPS,592.6343,-1.017716,0.7366678,-2.106933
RIPS,592.6446,-1.017756,0.736623,-2.106978
RIPS,592.6513,-1.017753,0.7366078,-2.107055
RIPS,592.6593,-1.017638,0.7365168,-2.107058
RIPS,592.6677,-1.017492,0.7365267,-2.107045
RIPS,592.676,-1.017465,0.7365413,-2.107067
RIPS,592.6854,-1.01734,0.7366248,-2.107096
RIPS,592.6931,-1.017344,0.7365959,-2.107194
RIPS,592.7007,-1.017343,0.7366043,-2.107205
RIPS,592.7112,-1.017484,0.7365741,-2.107227
RIPS,592.7173,-1.017523,0.7365779,-2.107281
RIPS,592.7269,-1.017675,0.7364796,-2.107223
RIPS,592.7344,-1.01785,0.7365838,-2.107219
RIPS,592.743,-1.017948,0.7365205,-2.107165
RIPS,592.7509,-1.017885,0.7364867,-2.107134
RIPS,592.7596,-1.017917,0.7365656,-2.107084
RIPS,592.7674,-1.017947,0.7366245,-2.107039
RIPS,592.7769,-1.017982,0.7366821,-2.107006
RIPS,592.7844,-1.018008,0.7366852,-2.106992
RIPS,592.7929,-1.018029,0.7366238,-2.10703
RIPS,592.8013,-1.018068,0.7365974,-2.10702
RIPS,592.8099,-1.018062,0.73663,-2.107027
RIPS,592.8185,-1.018067,0.7365941,-2.106993
RIPS,592.8263,-1.01804,0.736643,-2.106988
RIPS,592.8345,-1.018027,0.7366889,-2.106961
RIPS,592.8431,-1.017954,0.7367619,-2.106968
RIPS,592.8514,-1.017874,0.7366645,-2.106905
RIPS,592.8596,-1.017844,0.7366809,-2.106881
RIPS,592.8676,-1.017828,0.7366679,-2.106855
RIPS,592.876,-1.017873,0.736657,-2.106899
RIPS,592.8857,-1.017957,0.7366316,-2.106846
RIPS,592.8928,-1.018047,0.7366927,-2.106872
RIPS,592.9008,-1.018014,0.7367672,-2.106856
RIPS,592.9102,-1.017909,0.7367123,-2.106748
RIPS,592.9178,-1.01788,0.7367718,-2.106682
RIPS,592.9268,-1.017931,0.7367821,-2.106544
RIPS,592.9342,-1.017906,0.7368205,-2.106477
RIPS,592.9427,-1.017887,0.7367894,-2.10641
RIPS,592.951,-1.017896,0.7367966,-2.10639
RIPS,592.9597,-1.017909,0.7367726,-2.106399
RIPS,592.9673,-1.017804,0.7368452,-2.106489
RIPS,592.9775,-1.017832,0.7368534,-2.106488
RIPS,592.9843,-1.017851,0.7368954,-2.10651
RIPS,592.9927,-1.017835,0.736924,-2.106475
RIPS,593.0007,-1.017837,0.7369389,-2.106459
RIPS,593.0096,-1.017946,0.7371061,-2.106381
RIPS,593.0178,-1.017929,0.7372015,-2.106272
RIPS,593.0259,-1.01792,0.7373533,-2.106201
RIPS,593.0342,-1.017914,0.7375406,-2.10609
RIPS,593.0435,-1.017901,0.7377188,-2.105989
RIPS,593.0515,-1.017892,0.7378911,-2.105797
RIPS,593.0591,-1.017856,0.7380381,-2.105689
RIPS,593.0676,-1.01783,0.7381431,-2.105603
RIPS,593.076,-1.017862,0.7380532,-2.105605
RIPS,593.0858,-1.017924,0.7379973,-2.105504
RIPS,593.0928,-1.017835,0.7378301,-2.105507
RIPS,593.1008,-1.017803,0.7377962,-2.105502
RIPS,593.11,-1.017862,0.7377784,-2.10546
RIPS,593.1179,-1.017843,0.738036,-2.105289
RIPS,593.1266,-1.01783,0.7383177,-2.105148
RIPS,593.1344,-1.017801,0.7385481,-2.105026
RIPS,593.1429,-1.017886,0.7387485,-2.105024
RIPS,593.1507,-1.017936,0.7387944,-2.104978
RIPS,593.1593,-1.018036,0.7386449,-2.104956
RIPS,593.1674,-1.018114,0.7386075,-2.104944
RIPS,593.1768,-1.018207,0.7384785,-2.104987
RIPS,593.1843,-1.018329,0.7385042,-2.105031
RIPS,593.1931,-1.018434,0.7385611,-2.105033
RIPS,593.2012,-1.01846,0.7387711,-2.10506
RIPS,593.21,-1.01849,0.738982,-2.104944
RIPS,593.2177,-1.018508,0.7390938,-2.104797
RIPS,593.2261,-1.01841,0.7392224,-2.104828
RIPS,593.2343,-1.018475,0.7392712,-2.104835
RIPS,593.243,-1.018548,0.7392203,-2.104871
RIPS,593.2517,-1.018607,0.7391523,-2.104943
RIPS,593.259,-1.01882,0.7389089,-2.10498
RIPS,593.2677,-1.01886,0.7387776,-2.105044
RIPS,593.2761,-1.018862,0.7386931,-2.105064
RIPS,593.2856,-1.018749,0.7386986,-2.105023
RIPS,593.2927,-1.018722,0.7387953,-2.104899
RIPS,593.3009,-1.018543,0.7389648,-2.104767
RIPS,593.3094,-1.018539,0.7391794,-2.104652
RIPS,593.318,-1.018493,0.7392952,-2.104508
RIPS,593.3266,-1.018559,0.7394082,-2.104447
RIPS,593.3342,-1.018713,0.7395446,-2.104522
RIPS,593.3425,-1.018868,0.7396386,-2.104529
RIPS,593.3508,-1.019021,0.7396708,-2.104585
RIPS,593.3595,-1.019297,0.7397733,-2.104593
RIPS,593.369,-1.019391,0.7397395,-2.104603
RIPS,593.3782,-1.019462,0.7397649,-2.104563
RIPS,593.3843,-1.019638,0.7397887,-2.104485
RIPS,593.3919,-1.019721,0.7398869,-2.104423
RIPS,593.4006,-1.01974,0.7399758,-2.104303
RIPS,593.409,-1.019836,0.7400959,-2.104223
RIPS,593.4171,-1.019976,0.740196,-2.104135
RIPS,593.4255,-1.019969,0.7403412,-2.104039
RIPS,593.4338,-1.020083,0.7405367,-2.103959
RIPS,593.4426,-1.020119,0.7407307,-2.103836
RIPS,593.4506,-1.020136,0.7408337,-2.103765
RIPS,593.4588,-1.020203,0.7409483,-2.103678
RIPS,593.4673,-1.020444,0.7410507,-2.103575
RIPS,593.4755,-1.020471,0.7410275,-2.10355
RIPS,593.4848,-1.020687,0.7410798,-2.103433
RIPS,593.4928,-1.020731,0.7411563,-2.103353
RIPS,593.5002,-1.020898,0.7411801,-2.103173
RIPS,593.5096,-1.021054,0.7412618,-2.103064
RIPS,593.5201,-1.021281,0.7415,-2.102844
RIPS,593.5304,-1.02137,0.7416824,-2.10268
RIPS,593.5357,-1.021368,0.7421506,-2.102422
RIPS,593.5408,-1.021632,0.7424499,-2.102309
RIPS,593.5483,-1.021842,0.742741,-2.102093
RIPS,593.557,-1.022038,0.7429397,-2.101888
RIPS,593.5655,-1.02225,0.7431998,-2.101713
RIPS,593.5737,-1.022526,0.7434129,-2.101622
RIPS,593.5823,-1.022782,0.7434654,-2.101629
RIPS,593.5905,-1.02305,0.7434644,-2.101588
RIPS,593.5987,-1.02339,0.7434755,-2.101532
RIPS,593.6076,-1.023673,0.7434723,-2.101426
RIPS,593.6151,-1.024013,0.7434453,-2.101273
RIPS,593.6237,-1.024361,0.7435523,-2.101102
RIPS,593.6317,-1.024794,0.7437526,-2.101015
RIPS,593.6409,-1.025127,0.7439769,-2.100996
RIPS,593.6489,-1.025576,0.7441373,-2.101069
RIPS,593.6568,-1.025967,0.7443593,-2.101087
RIPS,593.6655,-1.026407,0.7445768,-2.101229
RIPS,593.6738,-1.0269,0.7444783,-2.101598
RIPS,593.6819,-1.027461,0.7443767,-2.101846
RIPS,593.6902,-1.028009,0.7440513,-2.102318
RIPS,593.6984,-1.028579,0.7436004,-2.102806
RIPS,593.7073,-1.029192,0.743103,-2.103363
RIPS,593.7155,-1.029918,0.7423865,-2.104085
RIPS,593.725,-1.030555,0.741785,-2.104817
RIPS,593.7319,-1.03125,0.7412756,-2.105614
RIPS,593.7427,-1.031934,0.7406918,-2.106371
RIPS,593.7501,-1.032453,0.7402156,-2.10697
RIPS,593.757,-1.032969,0.7398037,-2.107589
RIPS,593.7653,-1.033563,0.7393739,-2.108262
RIPS,593.7741,-1.034052,0.738789,-2.10899
RIPS,593.7823,-1.034641,0.7383847,-2.109569
RIPS,593.7903,-1.035119,0.7379416,-2.110158
RIPS,593.7986,-1.03564,0.7373599,-2.110593
RIPS,593.8078,-1.036099,0.7370569,-2.110923
RIPS,593.8157,-1.036697,0.7368744,-2.111372
RIPS,593.8262,-1.03727,0.736791,-2.111765
RIPS,593.8366,-1.037832,0.7367765,-2.11203
RIPS,593.8438,-1.038398,0.7366762,-2.112337
RIPS,593.8495,-1.038834,0.736744,-2.112548
RIPS,593.8572,-1.039308,0.7368428,-2.112726
RIPS,593.8654,-1.03967,0.7369184,-2.112969
RIPS,593.8742,-1.040139,0.7370438,-2.113073
RIPS,593.8819,-1.040568,0.7371521,-2.113137
RIPS,593.8907,-1.041008,0.737287,-2.113195
RIPS,593.8989,-1.041389,0.7374051,-2.113295
RIPS,593.9073,-1.04181,0.7375805,-2.11328
RIPS,593.9163,-1.042387,0.7376774,-2.113275
RIPS,593.9241,-1.042881,0.737865,-2.113199
RIPS,593.9323,-1.043228,0.7379398,-2.113089
RIPS,593.9402,-1.043807,0.7381082,-2.113185
RIPS,593.9485,-1.044274,0.738299,-2.113207
RIPS,593.9573,-1.044687,0.7386115,-2.113113
RIPS,593.9653,-1.045086,0.7389938,-2.113175
RIPS,593.9743,-1.045491,0.7393929,-2.113044
RIPS,593.9824,-1.04591,0.7398447,-2.113094
RIPS,593.9905,-1.046448,0.7402826,-2.112986
RIPS,593.9986,-1.046949,0.7407466,-2.112924
RIPS,594.0074,-1.047468,0.7411835,-2.112741
RIPS,594.015,-1.048021,0.7415296,-2.112379
RIPS,594.0243,-1.048684,0.7419314,-2.112381
RIPS,594.0322,-1.049153,0.7421915,-2.112214
RIPS,594.0406,-1.049596,0.7424825,-2.112089
RIPS,594.0492,-1.049972,0.742793,-2.111899
RIPS,594.0569,-1.050308,0.7431927,-2.111709
RIPS,594.0652,-1.0507,0.7435564,-2.111534
RIPS,594.0737,-1.051059,0.7439946,-2.111361
RIPS,594.082,-1.051448,0.7443562,-2.111111
RIPS,594.0902,-1.052031,0.7448621,-2.110979
RIPS,594.0985,-1.052465,0.7453005,-2.110813
RIPS,594.1074,-1.052776,0.7456769,-2.110336
RIPS,594.1163,-1.053242,0.7459946,-2.10983
RIPS,594.125,-1.053705,0.7463486,-2.109552
RIPS,594.1328,-1.054062,0.7466355,-2.10901
RIPS,594.1409,-1.054436,0.7470078,-2.108668
RIPS,594.1495,-1.054836,0.7474279,-2.108314
RIPS,594.1583,-1.055084,0.7479835,-2.107927
RIPS,594.1665,-1.055341,0.7484088,-2.107552
RIPS,594.1754,-1.055627,0.7489445,-2.107118
RIPS,594.1843,-1.055877,0.7493756,-2.106614
RIPS,594.1918,-1.056153,0.749746,-2.106281
RIPS,594.2003,-1.056425,0.7501783,-2.105818
RIPS,594.2095,-1.05666,0.7506036,-2.105404
RIPS,594.2171,-1.056912,0.7509857,-2.105031
RIPS,594.2258,-1.056949,0.7514832,-2.104471
RIPS,594.2342,-1.05713,0.751983,-2.104042
RIPS,594.2429,-1.057265,0.7524683,-2.103637
RIPS,594.2509,-1.057413,0.7529783,-2.103238
RIPS,594.2589,-1.057497,0.7534986,-2.102796
RIPS,594.2675,-1.057524,0.754139,-2.101966
RIPS,594.2758,-1.057586,0.7548003,-2.101205
RIPS,594.2852,-1.05749,0.756259,-2.09913
RIPS,594.2923,-1.057721,0.7562467,-2.098986
RIPS,594.3004,-1.058034,0.7564144,-2.099112
RIPS,594.3093,-1.058251,0.7565729,-2.09897
RIPS,594.3176,-1.058533,0.7568085,-2.098835
RIPS,594.3261,-1.058773,0.7570961,-2.098731
RIPS,594.3338,-1.059015,0.7574289,-2.098641
RIPS,594.3422,-1.059168,0.7577677,-2.098653
RIPS,594.3507,-1.059342,0.758025,-2.098547
RIPS,594.3593,-1.059475,0.7582204,-2.098437
RIPS,594.3671,-1.059612,0.7584095,-2.098239
RIPS,594.3761,-1.05966,0.7585751,-2.097746
RIPS,594.3849,-1.05968,0.7587864,-2.097303
RIPS,594.3922,-1.059808,0.7590669,-2.096909
RIPS,594.4004,-1.059807,0.7597075,-2.09598
RIPS,594.4093,-1.059972,0.7597207,-2.095933
RIPS,594.4169,-1.060228,0.7598242,-2.095839
RIPS,594.426,-1.06046,0.7599148,-2.095734
RIPS,594.4338,-1.060645,0.7600703,-2.095664
RIPS,594.4427,-1.060888,0.7602352,-2.095633
RIPS,594.4512,-1.061039,0.7603566,-2.095487
RIPS,594.459,-1.06122,0.7605569,-2.095459
RIPS,594.4672,-1.061355,0.7607694,-2.095459
RIPS,594.4756,-1.061541,0.7608851,-2.095466
RIPS,594.4849,-1.061713,0.7610155,-2.095464
RIPS,594.4927,-1.061901,0.7610192,-2.095532
RIPS,594.5008,-1.062119,0.7610351,-2.095542
RIPS,594.5094,-1.062357,0.7609603,-2.095612
RIPS,594.5178,-1.062725,0.7608399,-2.095513
RIPS,594.5265,-1.062987,0.760852,-2.095531
RIPS,594.5342,-1.063253,0.7609239,-2.095554
RIPS,594.5422,-1.063493,0.7610641,-2.095466
RIPS,594.5505,-1.063754,0.7612229,-2.095537
RIPS,594.5591,-1.063978,0.7614032,-2.095591
RIPS,594.5674,-1.064204,0.7615796,-2.095603
RIPS,594.5768,-1.064394,0.7616265,-2.095552
RIPS,594.5877,-1.064541,0.7617143,-2.095549
RIPS,594.5974,-1.064682,0.7617556,-2.095532
RIPS,594.6071,-1.064723,0.7617019,-2.095551
RIPS,594.6152,-1.065037,0.7616967,-2.095536
RIPS,594.6234,-1.065091,0.7617107,-2.095623
RIPS,594.6316,-1.065255,0.7617253,-2.095658
RIPS,594.6402,-1.065409,0.7618951,-2.095612
RIPS,594.649,-1.065591,0.762011,-2.095573
RIPS,594.657,-1.065811,0.7621118,-2.095466
RIPS,594.665,-1.066015,0.7623056,-2.095419
RIPS,594.6732,-1.0662,0.7624528,-2.095484
RIPS,594.6817,-1.066356,0.7625898,-2.095398
RIPS,594.6902,-1.066398,0.7627298,-2.095303
RIPS,594.6982,-1.066422,0.762785,-2.095142
RIPS,594.707,-1.066454,0.7628319,-2.095055
RIPS,594.7155,-1.066444,0.7628325,-2.094875
RIPS,594.7239,-1.066446,0.762767,-2.094767
RIPS,594.7319,-1.066521,0.7627131,-2.094643
RIPS,594.7403,-1.066626,0.7626322,-2.094502
RIPS,594.7481,-1.066761,0.7626501,-2.094446
RIPS,594.7569,-1.06696,0.7627277,-2.094443
RIPS,594.7651,-1.067072,0.7628803,-2.094438
RIPS,594.7736,-1.0672,0.7630472,-2.094508
RIPS,594.7822,-1.067288,0.7632025,-2.094471
RIPS,594.7901,-1.067378,0.7633466,-2.094465
RIPS,594.7984,-1.067467,0.7633556,-2.094304
RIPS,594.8079,-1.067514,0.7632576,-2.094226
RIPS,594.8156,-1.067528,0.7632576,-2.094119
RIPS,594.8239,-1.067419,0.7631227,-2.093889
RIPS,594.8318,-1.067397,0.763132,-2.093766
RIPS,594.8403,-1.067349,0.7632948,-2.093807
RIPS,594.8488,-1.06731,0.7633615,-2.093752
RIPS,594.8566,-1.067299,0.763519,-2.09381
RIPS,594.8647,-1.067244,0.7637184,-2.093754
RIPS,594.8733,-1.067214,0.7638093,-2.093769
RIPS,594.8816,-1.067166,0.7639067,-2.093597
RIPS,594.8905,-1.067099,0.7640371,-2.093474
RIPS,594.8986,-1.067047,0.7640785,-2.093241
RIPS,594.9067,-1.066994,0.7640867,-2.093081
RIPS,594.9152,-1.067089,0.7641698,-2.092851
RIPS,594.9241,-1.067011,0.7641301,-2.092676
RIPS,594.9318,-1.066965,0.7640975,-2.092524
RIPS,594.9409,-1.066912,0.7640886,-2.092344
RIPS,594.9492,-1.06692,0.7641305,-2.092216
RIPS,594.9577,-1.066991,0.7642614,-2.092345
RIPS,594.9663,-1.067008,0.7644404,-2.092273
RIPS,594.9751,-1.066904,0.7646971,-2.092356
RIPS,594.9844,-1.066837,0.764831,-2.092272
RIPS,594.9916,-1.066744,0.7649468,-2.092051
RIPS,595,-1.066671,0.7649844,-2.091797
RIPS,595.009,-1.066546,0.7650207,-2.091587
RIPS,595.0173,-1.066267,0.7649142,-2.091057
RIPS,595.0259,-1.066088,0.764946,-2.090805
RIPS,595.034,-1.065886,0.7650117,-2.090757
RIPS,595.0428,-1.065731,0.765047,-2.090577
RIPS,595.0532,-1.06558,0.7650906,-2.090464
RIPS,595.0621,-1.065544,0.7651409,-2.090269
RIPS,595.0679,-1.065396,0.7652414,-2.090095
RIPS,595.0737,-1.065245,0.7652905,-2.089833
RIPS,595.0818,-1.065109,0.7654241,-2.08962
RIPS,595.091,-1.064954,0.7655795,-2.089385
RIPS,595.0988,-1.064802,0.765792,-2.089164
RIPS,595.1083,-1.064663,0.7659008,-2.088963
RIPS,595.1164,-1.064501,0.7659978,-2.08873
RIPS,595.1251,-1.064569,0.7661685,-2.088889
RIPS,595.1321,-1.064425,0.7661527,-2.088707
RIPS,595.1406,-1.06433,0.7662095,-2.088451
RIPS,595.1489,-1.064157,0.7662573,-2.088213
RIPS,595.1571,-1.064221,0.7664592,-2.08826
RIPS,595.1654,-1.063984,0.7665173,-2.087988
RIPS,595.1738,-1.063651,0.766735,-2.087921
RIPS,595.1827,-1.063407,0.766812,-2.087626
RIPS,595.1906,-1.063151,0.7669259,-2.087268
RIPS,595.2,-1.063255,0.7672818,-2.087631
RIPS,595.2079,-1.06298,0.7674018,-2.087377
RIPS,595.2154,-1.063196,0.767709,-2.087545
RIPS,595.2241,-1.062824,0.7677494,-2.087095
RIPS,595.2322,-1.062595,0.7678139,-2.08686
RIPS,595.2407,-1.062425,0.767814,-2.086435
RIPS,595.2491,-1.062185,0.767888,-2.086167
RIPS,595.2575,-1.062309,0.7681051,-2.086346
RIPS,595.2655,-1.060344,0.7671486,-2.084203
RIPS,595.2739,-1.060036,0.7670908,-2.08401
RIPS,595.2819,-1.059625,0.7671127,-2.083956
RIPS,595.2908,-1.059217,0.767132,-2.083684
RIPS,595.2986,-1.058898,0.7671704,-2.083578
RIPS,595.3076,-1.058521,0.7671137,-2.083463
RIPS,595.3158,-1.058127,0.7670456,-2.083333
RIPS,595.3245,-1.057699,0.7669878,-2.083282
RIPS,595.3325,-1.05728,0.7668355,-2.083297
RIPS,595.3411,-1.057116,0.7668959,-2.083505
RIPS,595.3492,-1.056667,0.7668198,-2.083419
RIPS,595.3581,-1.056296,0.7667452,-2.083313
RIPS,595.3663,-1.055893,0.7666857,-2.083241
RIPS,595.3751,-1.055549,0.7667646,-2.083211
RIPS,595.3841,-1.055113,0.7667922,-2.083098
RIPS,595.3914,-1.054609,0.7667187,-2.082921
RIPS,595.4001,-1.05416,0.7666138,-2.082826
RIPS,595.4089,-1.053669,0.7664682,-2.082744
RIPS,595.417,-1.053315,0.7664882,-2.082812
RIPS,595.4254,-1.052837,0.766339,-2.082678
RIPS,595.4339,-1.052371,0.7661523,-2.082478
RIPS,595.4426,-1.05175,0.7659168,-2.082153
RIPS,595.4515,-1.051183,0.7657622,-2.08189
RIPS,595.4587,-1.050531,0.7656173,-2.081515
RIPS,595.467,-1.049784,0.7657709,-2.081258
RIPS,595.4757,-1.049061,0.7658928,-2.080936
RIPS,595.485,-1.048239,0.7661694,-2.08061
RIPS,595.4925,-1.047357,0.7663401,-2.080144
RIPS,595.5004,-1.046457,0.7661943,-2.079679
RIPS,595.5095,-1.045698,0.7660979,-2.07929
RIPS,595.5178,-1.045033,0.7658902,-2.078982
RIPS,595.5267,-1.044287,0.7656071,-2.078712
RIPS,595.5338,-1.043633,0.7654153,-2.078449
RIPS,595.5424,-1.04284,0.7651488,-2.078263
RIPS,595.5504,-1.042031,0.7648864,-2.078092
RIPS,595.5589,-1.041217,0.7645684,-2.077945
RIPS,595.5674,-1.040407,0.7642712,-2.077702
RIPS,595.5759,-1.039396,0.7640553,-2.077558
RIPS,595.5852,-1.038486,0.7637938,-2.077356
RIPS,595.592,-1.037553,0.7635578,-2.077148
RIPS,595.6005,-1.0366,0.7632017,-2.076887
RIPS,595.6091,-1.035772,0.7629746,-2.076837
RIPS,595.6171,-1.034859,0.7625976,-2.076832
RIPS,595.6253,-1.034031,0.762291,-2.077008
RIPS,595.6336,-1.033587,0.7609492,-2.079173
RIPS,595.6426,-1.033093,0.7599379,-2.080571
RIPS,595.6514,-1.032375,0.7590813,-2.081426
RIPS,595.6591,-1.031774,0.7582027,-2.082427
RIPS,595.6672,-1.031111,0.7576002,-2.083099
RIPS,595.6757,-1.030491,0.7572441,-2.08353
RIPS,595.6851,-1.030455,0.7553864,-2.08645
RIPS,595.6924,-1.030094,0.754362,-2.087678
RIPS,595.7004,-1.029626,0.7534726,-2.088473
RIPS,595.7092,-1.029271,0.7524554,-2.089506
RIPS,595.718,-1.028951,0.7514201,-2.090537
RIPS,595.7264,-1.028713,0.7503321,-2.09203
RIPS,595.7339,-1.02849,0.7491323,-2.09346
RIPS,595.7421,-1.028267,0.7476675,-2.094889
RIPS,595.7504,-1.02802,0.7463467,-2.096222
RIPS,595.7589,-1.027739,0.7453821,-2.097292
RIPS,595.7673,-1.027434,0.7447775,-2.09804
RIPS,595.7759,-1.026885,0.7443544,-2.098671
RIPS,595.7849,-1.026584,0.7440338,-2.099051
RIPS,595.7919,-1.026242,0.7436993,-2.099365
RIPS,595.8007,-1.025947,0.7433956,-2.099552
RIPS,595.8091,-1.025657,0.7429539,-2.099779
RIPS,595.8179,-1.02546,0.7424621,-2.10009
RIPS,595.8258,-1.025213,0.741938,-2.100467
RIPS,595.8344,-1.024979,0.7413697,-2.100864
RIPS,595.8437,-1.024815,0.7408695,-2.101254
RIPS,595.8503,-1.02464,0.7404024,-2.101787
RIPS,595.8588,-1.02455,0.7399539,-2.102247
RIPS,595.867,-1.024487,0.7395527,-2.102762
RIPS,595.8757,-1.024373,0.7392078,-2.1031
RIPS,595.8846,-1.024332,0.7389253,-2.103425
RIPS,595.8924,-1.024329,0.7384784,-2.103863
RIPS,595.9006,-1.024374,0.7380742,-2.104419
RIPS,595.909,-1.024457,0.7375258,-2.105145
RIPS,595.9182,-1.024493,0.7369552,-2.105789
RIPS,595.926,-1.024559,0.7363392,-2.106517
RIPS,595.9338,-1.024611,0.7358158,-2.107052
RIPS,595.9423,-1.024685,0.7353512,-2.107616
RIPS,595.9501,-1.024589,0.7349218,-2.108088
RIPS,595.959,-1.024525,0.7344841,-2.108493
RIPS,595.9671,-1.024426,0.7340866,-2.108842
RIPS,595.9764,-1.024274,0.7338295,-2.109153
RIPS,595.9844,-1.024138,0.7335061,-2.109447
RIPS,595.9924,-1.024119,0.7331671,-2.1097
RIPS,596.0002,-1.023996,0.7329767,-2.110005
RIPS,596.0092,-1.023895,0.7328134,-2.110336
RIPS,596.0168,-1.023884,0.7325988,-2.11058
RIPS,596.0256,-1.023784,0.7323971,-2.110835
RIPS,596.0338,-1.023667,0.7322875,-2.110942
RIPS,596.0425,-1.023556,0.7322395,-2.110987
RIPS,596.0513,-1.02349,0.7323021,-2.111034
RIPS,596.0589,-1.023351,0.732407,-2.110944
RIPS,596.067,-1.02323,0.7323681,-2.110897
RIPS,596.0756,-1.023147,0.7322943,-2.110947
RIPS,596.0845,-1.022968,0.7321224,-2.110927
RIPS,596.0923,-1.022801,0.7319983,-2.111003
RIPS,596.1005,-1.022639,0.7318414,-2.111039
RIPS,596.1094,-1.0225,0.731791,-2.111094
RIPS,596.1179,-1.022277,0.73169,-2.111068
RIPS,596.126,-1.022144,0.7315912,-2.111017
RIPS,596.1341,-1.022075,0.7315521,-2.110915
RIPS,596.142,-1.021988,0.7315391,-2.110809
RIPS,596.1508,-1.021842,0.7315723,-2.110611
RIPS,596.1586,-1.021649,0.7317103,-2.110527
RIPS,596.1672,-1.021531,0.7317246,-2.110429
RIPS,596.1757,-1.021432,0.7317815,-2.110323
RIPS,596.1846,-1.021293,0.7317922,-2.110233
RIPS,596.1922,-1.021212,0.7317982,-2.110208
RIPS,596.2005,-1.021175,0.7317293,-2.110324
RIPS,596.2092,-1.021173,0.7316404,-2.110449
RIPS,596.217,-1.021158,0.7316998,-2.110522
RIPS,596.2253,-1.021136,0.7316891,-2.110574
RIPS,596.2338,-1.021019,0.7317986,-2.110446
RIPS,596.2429,-1.021104,0.7320305,-2.110298
RIPS,596.2511,-1.021136,0.7321931,-2.110154
RIPS,596.2588,-1.021086,0.7322789,-2.110059
RIPS,596.2672,-1.02109,0.7324464,-2.110023
RIPS,596.2754,-1.021016,0.7326458,-2.109993
RIPS,596.285,-1.020949,0.7329286,-2.109939
RIPS,596.2927,-1.020766,0.7332052,-2.109909
RIPS,596.3005,-1.020572,0.7334616,-2.109755
RIPS,596.3094,-1.020334,0.7337195,-2.10973
RIPS,596.3181,-1.020261,0.7336419,-2.109746
RIPS,596.3262,-1.020173,0.7336207,-2.109742
RIPS,596.334,-1.0202,0.7337148,-2.109761
RIPS,596.342,-1.020174,0.7336873,-2.10981
RIPS,596.3502,-1.020128,0.7336892,-2.109678
RIPS,596.3591,-1.020105,0.733804,-2.109528
RIPS,596.3672,-1.019963,0.7340255,-2.109306
RIPS,596.3757,-1.019677,0.7341091,-2.109047
RIPS,596.3843,-1.019521,0.7343861,-2.108762
RIPS,596.3919,-1.01938,0.7346023,-2.108537
RIPS,596.4001,-1.019233,0.7348761,-2.108432
RIPS,596.4092,-1.019058,0.7349697,-2.108291
RIPS,596.4168,-1.01888,0.7349114,-2.10822
RIPS,596.4254,-1.018765,0.7349492,-2.108182
RIPS,596.4335,-1.018714,0.7349163,-2.108205
RIPS,596.4429,-1.018647,0.7348917,-2.10819
RIPS,596.4505,-1.01872,0.7348936,-2.108117
RIPS,596.4589,-1.01864,0.734871,-2.107981
RIPS,596.4669,-1.018632,0.7349578,-2.107903
RIPS,596.4753,-1.018525,0.7350573,-2.107788
RIPS,596.4844,-1.018519,0.7353664,-2.107632
RIPS,596.4925,-1.018494,0.7355574,-2.107508
RIPS,596.5003,-1.018519,0.7357481,-2.107466
RIPS,596.5091,-1.018468,0.7358982,-2.107344
RIPS,596.518,-1.018477,0.7360077,-2.107265
RIPS,596.526,-1.018491,0.7360576,-2.107263
RIPS,596.5338,-1.018419,0.7362065,-2.107331
RIPS,596.5422,-1.018468,0.7361604,-2.107345
RIPS,596.5502,-1.018489,0.736158,-2.107391
RIPS,596.5588,-1.018515,0.7361025,-2.107391
RIPS,596.5674,-1.018541,0.7360522,-2.107442
RIPS,596.5758,-1.018524,0.7359823,-2.107449
RIPS,596.5846,-1.018498,0.7360111,-2.107405
RIPS,596.5919,-1.018506,0.7360175,-2.107327
RIPS,596.6005,-1.018451,0.736106,-2.107281
RIPS,596.6088,-1.018466,0.7361555,-2.107297
RIPS,596.6171,-1.018408,0.7363143,-2.107339
RIPS,596.6255,-1.018457,0.7362458,-2.107305
RIPS,596.6335,-1.018378,0.736324,-2.107342
RIPS,596.6426,-1.018402,0.7362487,-2.10739
RIPS,596.6512,-1.018426,0.7362223,-2.107415
RIPS,596.6586,-1.018582,0.7361988,-2.107433
RIPS,596.667,-1.018606,0.7362031,-2.107414
RIPS,596.6752,-1.018661,0.7360795,-2.107484
RIPS,596.6841,-1.018676,0.7360929,-2.1075
RIPS,596.692,-1.018685,0.7360685,-2.107479
RIPS,596.7004,-1.018692,0.7361071,-2.10743
RIPS,596.709,-1.018628,0.7362004,-2.107395
RIPS,596.7177,-1.018573,0.7362633,-2.107293
RIPS,596.7265,-1.018573,0.7363052,-2.107255
RIPS,596.7335,-1.01853,0.7363304,-2.107293
RIPS,596.7419,-1.018546,0.7363282,-2.10728
RIPS,596.7502,-1.018615,0.7361308,-2.107334
RIPS,596.7589,-1.018696,0.7361452,-2.107383
RIPS,596.7667,-1.018683,0.7360833,-2.107426
RIPS,596.7759,-1.018827,0.7361104,-2.107362
RIPS,596.7848,-1.01878,0.7360779,-2.107316
RIPS,596.792,-1.018768,0.7360345,-2.10729
RIPS,596.8002,-1.018625,0.7360018,-2.107245
RIPS,596.8091,-1.018559,0.7360272,-2.107183
RIPS,596.8166,-1.018476,0.7361935,-2.107234
RIPS,596.826,-1.01849,0.7361871,-2.107232
RIPS,596.834,-1.01854,0.7361715,-2.107178
RIPS,596.8429,-1.018662,0.7362787,-2.107184
RIPS,596.8514,-1.018703,0.7363399,-2.107247
RIPS,596.8588,-1.018646,0.7363026,-2.107235
RIPS,596.8668,-1.018658,0.7363021,-2.107266
RIPS,596.8754,-1.018655,0.7362714,-2.10723
RIPS,596.8847,-1.018643,0.736253,-2.107232
RIPS,596.8919,-1.018731,0.7361792,-2.107219
RIPS,596.9001,-1.018839,0.7362143,-2.107157
RIPS,596.9089,-1.018858,0.7362102,-2.107152
RIPS,596.9177,-1.018926,0.7363444,-2.107206
RIPS,596.926,-1.018945,0.7363702,-2.107202
RIPS,596.9333,-1.018923,0.7364116,-2.107293
RIPS,596.9418,-1.018906,0.7364208,-2.107277
RIPS,596.95,-1.018893,0.7364282,-2.107266
RIPS,596.9588,-1.018836,0.7363959,-2.107255
RIPS,596.9669,-1.018839,0.7364014,-2.107253
RIPS,596.9766,-1.018879,0.7364537,-2.107273
RIPS,596.9847,-1.018897,0.7365121,-2.107266
RIPS,596.992,-1.019034,0.7367131,-2.107237
RIPS,597.0004,-1.019063,0.7367611,-2.107212
RIPS,597.009,-1.019109,0.7367977,-2.107203
RIPS,597.0168,-1.019071,0.7367668,-2.107159
RIPS,597.0255,-1.019116,0.7367788,-2.107158
RIPS,597.0336,-1.019044,0.7367369,-2.10719
RIPS,597.0422,-1.019023,0.7367095,-2.107198
RIPS,597.0512,-1.018997,0.7366225,-2.107201
RIPS,597.0583,-1.018975,0.7365936,-2.107188
RIPS,597.0674,-1.018959,0.7366101,-2.107191
RIPS,597.0776,-1.018975,0.7366494,-2.107146
RIPS,597.0878,-1.018987,0.7366721,-2.107123
RIPS,597.0929,-1.01903,0.736701,-2.107148
RIPS,597.0977,-1.019064,0.736708,-2.107136
RIPS,597.1063,-1.019086,0.7367399,-2.107127
RIPS,597.1152,-1.019045,0.7367231,-2.107174
RIPS,597.1232,-1.019055,0.7367216,-2.107195
RIPS,597.1313,-1.019159,0.736791,-2.107264
RIPS,597.1398,-1.019169,0.7367906,-2.107279
RIPS,597.1479,-1.019157,0.73668,-2.107229
RIPS,597.1564,-1.019166,0.7366772,-2.107214
RIPS,597.1649,-1.019186,0.7366704,-2.107196
RIPS,597.1731,-1.019166,0.7366848,-2.107192
RIPS,597.1815,-1.01918,0.7366619,-2.107134
RIPS,597.1898,-1.019314,0.7368249,-2.107033
RIPS,597.1984,-1.01932,0.7368717,-2.10698
RIPS,597.2075,-1.019329,0.7368802,-2.106932
RIPS,597.2146,-1.019482,0.7368972,-2.106877
RIPS,597.2231,-1.019499,0.7369158,-2.106874
RIPS,597.2327,-1.019521,0.7369648,-2.106884
RIPS,597.2424,-1.019531,0.7368612,-2.106838
RIPS,597.248,-1.019625,0.736943,-2.106941
RIPS,597.2565,-1.019629,0.7369084,-2.106988
RIPS,597.2646,-1.019699,0.736901,-2.10709
RIPS,597.2731,-1.019593,0.7368517,-2.107193
RIPS,597.281,-1.019553,0.7367809,-2.10719
RIPS,597.2899,-1.019447,0.7368287,-2.107215
RIPS,597.2979,-1.019422,0.7369776,-2.107193
RIPS,597.306,-1.019476,0.7370638,-2.107155
RIPS,597.3151,-1.019488,0.7371474,-2.107127
RIPS,597.3234,-1.019487,0.7372462,-2.10695
RIPS,597.3313,-1.019689,0.7373469,-2.106822
RIPS,597.3394,-1.01976,0.7376676,-2.10682
RIPS,597.3481,-1.01979,0.7377591,-2.106802
RIPS,597.3566,-1.019798,0.7378744,-2.106828
RIPS,597.3644,-1.019833,0.7379591,-2.106845
RIPS,597.3735,-1.01985,0.7379958,-2.106949
RIPS,597.3815,-1.019886,0.7379986,-2.106957
RIPS,597.3899,-1.020024,0.7379342,-2.106992
RIPS,597.3988,-1.020093,0.7378923,-2.106987
RIPS,597.4074,-1.020113,0.7379196,-2.10699
RIPS,597.4155,-1.020154,0.7380796,-2.106833
RIPS,597.4241,-1.020236,0.7382822,-2.106701
RIPS,597.4319,-1.020216,0.738324,-2.106661
RIPS,597.4407,-1.020331,0.7385074,-2.10653
RIPS,597.4495,-1.020484,0.7386729,-2.106472
RIPS,597.4574,-1.020646,0.7387573,-2.106452
RIPS,597.4659,-1.0208,0.7387432,-2.106435
RIPS,597.474,-1.02102,0.7387031,-2.106387
RIPS,597.4825,-1.021191,0.7385982,-2.106382
RIPS,597.491,-1.021329,0.7385653,-2.106312
RIPS,597.4991,-1.021508,0.7385834,-2.106232
RIPS,597.5076,-1.021677,0.7385815,-2.106195
RIPS,597.5165,-1.021763,0.7388159,-2.106212
RIPS,597.5255,-1.02191,0.7388694,-2.106191
RIPS,597.5323,-1.022074,0.7388074,-2.106211
RIPS,597.5413,-1.022165,0.7388772,-2.106188
RIPS,597.5493,-1.02233,0.7388586,-2.10624
RIPS,597.5581,-1.022523,0.7388105,-2.10634
RIPS,597.5664,-1.022873,0.7386649,-2.106528
RIPS,597.5754,-1.023077,0.738439,-2.106783
RIPS,597.5842,-1.023341,0.7382211,-2.107177
RIPS,597.5919,-1.023583,0.7380456,-2.107442
RIPS,597.6001,-1.023851,0.7378843,-2.107848
RIPS,597.6088,-1.024199,0.7376929,-2.108281
RIPS,597.6164,-1.024523,0.7375628,-2.108651
RIPS,597.6249,-1.02487,0.7374594,-2.108988
RIPS,597.6335,-1.025088,0.7373614,-2.109242
RIPS,597.6423,-1.025386,0.7372597,-2.109574
RIPS,597.6508,-1.025705,0.7372748,-2.109885
RIPS,597.6584,-1.02613,0.7371321,-2.110219
RIPS,597.6665,-1.026479,0.7371106,-2.110529
RIPS,597.6749,-1.026955,0.7369506,-2.110935
RIPS,597.6838,-1.027459,0.7368504,-2.111336
RIPS,597.6918,-1.028065,0.736835,-2.11173
RIPS,597.7,-1.028751,0.7370139,-2.112175
RIPS,597.7087,-1.029292,0.7368503,-2.112355
RIPS,597.7177,-1.029681,0.7365488,-2.112534
RIPS,597.726,-1.030139,0.7363362,-2.11265
RIPS,597.7335,-1.030525,0.7360957,-2.112744
RIPS,597.7418,-1.030974,0.7360841,-2.11292
RIPS,597.7497,-1.031524,0.7362165,-2.112892
RIPS,597.7585,-1.032065,0.7363181,-2.112957
RIPS,597.7666,-1.032415,0.7365054,-2.112758
RIPS,597.7755,-1.032923,0.7367275,-2.112579
RIPS,597.7846,-1.033294,0.7369787,-2.112402
RIPS,597.7915,-1.033806,0.7371358,-2.112353
RIPS,597.7997,-1.034277,0.7373065,-2.112229
RIPS,597.8088,-1.034527,0.7371412,-2.112216
RIPS,597.8166,-1.034863,0.7371504,-2.112079
RIPS,597.8253,-1.03508,0.7371196,-2.111971
RIPS,597.8357,-1.035325,0.7372103,-2.111755
RIPS,597.8433,-1.035682,0.7374734,-2.111663
RIPS,597.851,-1.036043,0.737833,-2.111334
RIPS,597.8585,-1.036364,0.7381174,-2.11107
RIPS,597.8669,-1.036795,0.7385137,-2.110977
RIPS,597.8751,-1.037253,0.7387738,-2.110915
RIPS,597.884,-1.037671,0.739032,-2.110784
RIPS,597.8919,-1.038067,0.7391921,-2.110781
RIPS,597.9,-1.038447,0.7393253,-2.110595
RIPS,597.9091,-1.038744,0.7394571,-2.110532
RIPS,597.9176,-1.039102,0.7396786,-2.110343
RIPS,597.9257,-1.039371,0.7399625,-2.110112
RIPS,597.9346,-1.03971,0.7402912,-2.109821
RIPS,597.9415,-1.040006,0.7407356,-2.109483
RIPS,597.95,-1.04035,0.7413061,-2.109102
RIPS,597.9584,-1.040751,0.7418343,-2.108666
RIPS,597.9668,-1.041181,0.7423834,-2.108283
RIPS,597.9753,-1.041694,0.7429107,-2.107872
RIPS,597.9841,-1.042167,0.7433872,-2.107483
RIPS,597.9927,-1.042676,0.7438551,-2.107168
RIPS,598.0026,-1.043227,0.7442846,-2.106947
RIPS,598.0123,-1.0437,0.7447156,-2.106716
RIPS,598.0171,-1.044042,0.7451315,-2.106591
RIPS,598.0233,-1.044322,0.7454808,-2.106413
RIPS,598.0311,-1.044569,0.7458245,-2.106065
RIPS,598.0394,-1.044801,0.7460884,-2.105635
RIPS,598.0479,-1.045006,0.7465224,-2.105287
RIPS,598.056,-1.045344,0.7469772,-2.104794
RIPS,598.0644,-1.045805,0.7475516,-2.104383
RIPS,598.073,-1.046297,0.7481268,-2.104013
RIPS,598.0811,-1.046914,0.748846,-2.103652
RIPS,598.0897,-1.047391,0.7494098,-2.103216
RIPS,598.0975,-1.047847,0.7501234,-2.10266
RIPS,598.1062,-1.048208,0.7508733,-2.102113
RIPS,598.1147,-1.048556,0.7515504,-2.101388
RIPS,598.123,-1.048866,0.7521192,-2.100716
RIPS,598.1312,-1.049229,0.7527133,-2.100082
RIPS,598.1393,-1.04957,0.7531043,-2.099695
RIPS,598.1481,-1.050081,0.7535206,-2.099464
RIPS,598.1564,-1.050599,0.7540381,-2.09903
RIPS,598.1643,-1.051151,0.7545583,-2.098752
RIPS,598.1727,-1.05172,0.7550879,-2.098371
RIPS,598.1813,-1.052303,0.7556909,-2.097939
RIPS,598.1893,-1.052823,0.7563934,-2.097267
RIPS,598.1981,-1.053317,0.7570674,-2.096675
RIPS,598.2074,-1.053703,0.7577701,-2.096001
RIPS,598.2142,-1.053852,0.7595517,-2.093596
RIPS,598.2228,-1.054213,0.7598053,-2.093389
RIPS,598.2313,-1.054547,0.7601662,-2.093074
RIPS,598.2394,-1.054914,0.7604846,-2.092864
RIPS,598.2478,-1.055338,0.76077,-2.092687
RIPS,598.2559,-1.055787,0.7610697,-2.092513
RIPS,598.2646,-1.056189,0.7613681,-2.092343
RIPS,598.2729,-1.05654,0.7615623,-2.092214
RIPS,598.2808,-1.056963,0.7618154,-2.092085
RIPS,598.2897,-1.057498,0.7620299,-2.091951
RIPS,598.2977,-1.057901,0.7623376,-2.09159
RIPS,598.3069,-1.058289,0.7630093,-2.090591
RIPS,598.317,-1.058622,0.7631058,-2.090681
RIPS,598.3279,-1.058993,0.7631943,-2.090709
RIPS,598.3333,-1.059238,0.7633311,-2.090737
RIPS,598.3395,-1.059555,0.7634099,-2.090685
RIPS,598.3479,-1.059875,0.7635271,-2.090665
RIPS,598.3561,-1.060143,0.7636842,-2.090761
RIPS,598.3642,-1.060464,0.7638269,-2.090797
RIPS,598.3723,-1.060764,0.7639028,-2.090897
RIPS,598.3814,-1.06105,0.7639928,-2.090899
RIPS,598.3891,-1.061322,0.7640331,-2.090862
RIPS,598.3979,-1.061605,0.76408,-2.090849
RIPS,598.407,-1.062007,0.764261,-2.090801
RIPS,598.4144,-1.06228,0.7643495,-2.090816
RIPS,598.4227,-1.062545,0.7645128,-2.090833
RIPS,598.4309,-1.062776,0.7646826,-2.090837
RIPS,598.4395,-1.062957,0.7648273,-2.09079
RIPS,598.4476,-1.063632,0.7652186,-2.091115
RIPS,598.4561,-1.063785,0.7652504,-2.091039
RIPS,598.4646,-1.063982,0.7653292,-2.090985
RIPS,598.4728,-1.063801,0.7650551,-2.09064
RIPS,598.4807,-1.06366,0.7650564,-2.090518
RIPS,598.4897,-1.063666,0.7650796,-2.090458
RIPS,598.4976,-1.063664,0.7651182,-2.09042
RIPS,598.506,-1.063727,0.7653309,-2.090338
RIPS,598.5146,-1.063737,0.7654803,-2.090282
RIPS,598.5234,-1.063771,0.7655465,-2.090132
RIPS,598.5311,-1.063831,0.7657198,-2.09004
RIPS,598.5392,-1.063866,0.7658243,-2.08994
RIPS,598.5477,-1.064033,0.7657309,-2.089822
RIPS,598.5559,-1.064136,0.7657042,-2.08975
RIPS,598.5643,-1.064185,0.7656106,-2.089643
RIPS,598.5724,-1.06424,0.7655163,-2.089619
RIPS,598.5818,-1.064242,0.7654776,-2.089571
RIPS,598.5894,-1.064028,0.7653831,-2.089477
RIPS,598.5974,-1.063948,0.7654493,-2.089406
RIPS,598.6066,-1.06387,0.7655849,-2.089314
RIPS,598.6143,-1.063849,0.7657172,-2.089296
RIPS,598.6229,-1.063819,0.7657737,-2.089169
RIPS,598.6308,-1.063815,0.7658495,-2.08909
RIPS,598.6393,-1.063856,0.7657758,-2.088969
RIPS,598.6488,-1.063933,0.7656596,-2.08897
RIPS,598.6566,-1.063928,0.7655793,-2.088897
RIPS,598.6652,-1.063992,0.765506,-2.088878
RIPS,598.6736,-1.063915,0.7654778,-2.088817
RIPS,598.6817,-1.063754,0.7656217,-2.088936
RIPS,598.6907,-1.063607,0.765758,-2.088832
RIPS,598.6992,-1.063515,0.7658495,-2.088753
RIPS,598.7081,-1.063398,0.7661512,-2.08875
RIPS,598.716,-1.063354,0.7662621,-2.088691
RIPS,598.7254,-1.06339,0.7662379,-2.088546
RIPS,598.7327,-1.063342,0.7661969,-2.088511
RIPS,598.7418,-1.063364,0.7659577,-2.088338
RIPS,598.7495,-1.063216,0.7657876,-2.08829
RIPS,598.7582,-1.063055,0.765689,-2.088108
RIPS,598.7663,-1.062936,0.7657565,-2.088093
RIPS,598.7754,-1.062765,0.765823,-2.08796
RIPS,598.7839,-1.06258,0.7659426,-2.087861
RIPS,598.7914,-1.062243,0.7663126,-2.087838
RIPS,598.7996,-1.062093,0.766463,-2.087747
RIPS,598.8083,-1.062058,0.7667458,-2.087852
RIPS,598.8163,-1.061989,0.7668898,-2.087921
RIPS,598.8251,-1.062003,0.7668744,-2.087757
RIPS,598.8336,-1.061867,0.7668053,-2.08769
RIPS,598.8433,-1.061641,0.7666343,-2.087403
RIPS,598.8499,-1.061175,0.7663763,-2.087113
RIPS,598.8579,-1.060895,0.7661921,-2.086741
RIPS,598.8665,-1.060405,0.7661821,-2.086409
RIPS,598.8749,-1.06014,0.7662572,-2.086168
RIPS,598.8835,-1.059871,0.7664757,-2.085951
RIPS,598.8916,-1.059613,0.7666036,-2.085708
RIPS,598.8998,-1.059322,0.766766,-2.085484
RIPS,598.9086,-1.059032,0.7669045,-2.085253
RIPS,598.9171,-1.058784,0.7669583,-2.085057
RIPS,598.926,-1.058573,0.7670501,-2.085038
RIPS,598.9329,-1.058369,0.7671523,-2.084931
RIPS,598.9415,-1.058104,0.7671082,-2.084841
RIPS,598.9493,-1.057734,0.7669131,-2.084564
RIPS,598.9584,-1.057485,0.7668254,-2.084362
RIPS,598.9664,-1.057236,0.7666103,-2.084091
RIPS,598.9749,-1.056926,0.7665817,-2.083811
RIPS,598.9844,-1.056692,0.7666303,-2.083614
RIPS,598.9919,-1.05644,0.7667496,-2.083391
RIPS,598.9995,-1.056193,0.7668722,-2.083272
RIPS,599.0087,-1.05596,0.7669167,-2.083084
RIPS,599.0165,-1.055723,0.7669223,-2.082997
RIPS,599.025,-1.055473,0.7669501,-2.082837
RIPS,599.0332,-1.055094,0.7669422,-2.082757
RIPS,599.0417,-1.054733,0.7670938,-2.082661
RIPS,599.0504,-1.054621,0.7672188,-2.082512
RIPS,599.0582,-1.054529,0.7672902,-2.082494
RIPS,599.0668,-1.054434,0.7671691,-2.082375
RIPS,599.0747,-1.054241,0.7669696,-2.082201
RIPS,599.0845,-1.054086,0.7668066,-2.082038
RIPS,599.0954,-1.053875,0.766711,-2.081761
RIPS,599.104,-1.053511,0.7665585,-2.081449
RIPS,599.1099,-1.053452,0.7666979,-2.081387
RIPS,599.1149,-1.053205,0.7666561,-2.081311
RIPS,599.1236,-1.053026,0.7668408,-2.081428
RIPS,599.1308,-1.052915,0.7671089,-2.081544
RIPS,599.1394,-1.052788,0.7673885,-2.081546
RIPS,599.1476,-1.052663,0.7673784,-2.081421
RIPS,599.1559,-1.052555,0.7673135,-2.081291
RIPS,599.1643,-1.052529,0.7673013,-2.081295
RIPS,599.1728,-1.052464,0.7672222,-2.081222
RIPS,599.1815,-1.052532,0.7671952,-2.081197
RIPS,599.1893,-1.052502,0.7670907,-2.081125
RIPS,599.1977,-1.052425,0.7669951,-2.081064
RIPS,599.2074,-1.052328,0.7669128,-2.08104
RIPS,599.214,-1.052159,0.7668682,-2.08102
RIPS,599.2224,-1.052077,0.7668439,-2.080991
RIPS,599.231,-1.051925,0.7667874,-2.081045
RIPS,599.2396,-1.051749,0.7668495,-2.081004
RIPS,599.2507,-1.051674,0.766807,-2.080968
RIPS,599.2597,-1.05163,0.766861,-2.080974
RIPS,599.2651,-1.051494,0.7668545,-2.080946
RIPS,599.2723,-1.051424,0.7668331,-2.080971
RIPS,599.2809,-1.051348,0.7667831,-2.080992
RIPS,599.2894,-1.051342,0.7667823,-2.080875
RIPS,599.2977,-1.051257,0.7666227,-2.080822
RIPS,599.3057,-1.051216,0.7665251,-2.080817
RIPS,599.3145,-1.051216,0.7663496,-2.080856
RIPS,599.3232,-1.051237,0.7662595,-2.080901
RIPS,599.3311,-1.051234,0.7661656,-2.081033
RIPS,599.3391,-1.051193,0.7661886,-2.081095
RIPS,599.3475,-1.051306,0.7662983,-2.081165
RIPS,599.3561,-1.051317,0.7663238,-2.081158
RIPS,599.3642,-1.051389,0.7663831,-2.081055
RIPS,599.3725,-1.051464,0.7664523,-2.08103
RIPS,599.3815,-1.051536,0.7665382,-2.081007
RIPS,599.389,-1.051624,0.7666126,-2.081028
RIPS,599.3979,-1.051652,0.7666759,-2.081031
RIPS,599.4064,-1.051595,0.7666247,-2.080951
RIPS,599.4142,-1.051593,0.7665612,-2.080979
RIPS,599.4226,-1.051635,0.7665597,-2.080968
RIPS,599.4309,-1.0517,0.7665144,-2.080905
RIPS,599.4391,-1.051878,0.7664456,-2.080949
RIPS,599.448,-1.052022,0.7663333,-2.08091
RIPS,599.4557,-1.052192,0.766351,-2.081004
RIPS,599.4642,-1.052238,0.7664186,-2.081084
RIPS,599.4725,-1.052436,0.7664896,-2.081121
RIPS,599.4806,-1.052653,0.7665384,-2.081219
RIPS,599.4897,-1.05287,0.7665953,-2.081329
RIPS,599.4977,-1.053071,0.7666586,-2.081454
RIPS,599.5058,-1.053324,0.766736,-2.081694
RIPS,599.5145,-1.053493,0.7666424,-2.081772
RIPS,599.523,-1.05362,0.7665886,-2.081877
RIPS,599.5308,-1.053771,0.7665657,-2.081946
RIPS,599.5392,-1.053937,0.7665315,-2.082036
RIPS,599.5482,-1.054166,0.766547,-2.082049
RIPS,599.5563,-1.054328,0.7665936,-2.082122
RIPS,599.5646,-1.054512,0.7666591,-2.082154
RIPS,599.5733,-1.054668,0.766745,-2.082222
RIPS,599.5821,-1.054798,0.7668331,-2.082341
RIPS,599.59,-1.054878,0.7668259,-2.082408
RIPS,599.5991,-1.054958,0.7668092,-2.082489
RIPS,599.6075,-1.055052,0.7667564,-2.082547
RIPS,599.6155,-1.055208,0.7667249,-2.082597
RIPS,599.6244,-1.055434,0.7666854,-2.082531
RIPS,599.6326,-1.055602,0.7666938,-2.08253
RIPS,599.6412,-1.05584,0.7667131,-2.082448
RIPS,599.6507,-1.056004,0.7668384,-2.082445
RIPS,599.6578,-1.056131,0.7669182,-2.082494
RIPS,599.6664,-1.056209,0.7669654,-2.082482
RIPS,599.6746,-1.056295,0.7669954,-2.082537
RIPS,599.683,-1.056314,0.7669775,-2.082561
RIPS,599.6918,-1.056386,0.7669496,-2.082602
RIPS,599.6998,-1.056466,0.7669036,-2.082642
RIPS,599.7087,-1.056495,0.7668006,-2.082733
RIPS,599.7172,-1.056572,0.7667987,-2.082745
RIPS,599.7257,-1.056557,0.7668776,-2.082801
RIPS,599.7332,-1.056632,0.7668854,-2.082798
RIPS,599.7415,-1.056741,0.7669808,-2.082838
RIPS,599.7495,-1.056772,0.7670258,-2.082818
RIPS,599.7581,-1.056855,0.7670295,-2.082837
RIPS,599.7661,-1.056906,0.7670474,-2.082819
RIPS,599.7751,-1.05696,0.7670155,-2.082848
RIPS,599.7842,-1.057021,0.7670206,-2.082861
RIPS,599.7914,-1.057049,0.7670189,-2.082921
RIPS,599.7994,-1.0571,0.7670525,-2.082976
RIPS,599.8083,-1.057271,0.7670335,-2.082989
RIPS,599.816,-1.057315,0.7670531,-2.082978
RIPS,599.8246,-1.057307,0.7670959,-2.082996
RIPS,599.8332,-1.057351,0.767107,-2.083014
RIPS,599.8416,-1.057339,0.7671654,-2.082949
RIPS,599.851,-1.057358,0.7671847,-2.082913
RIPS,599.8595,-1.057572,0.7671849,-2.082856
RIPS,599.8663,-1.057592,0.767143,-2.082837
RIPS,599.8748,-1.057635,0.7671897,-2.082892
RIPS,599.8834,-1.057702,0.7670937,-2.08287
RIPS,599.8913,-1.057724,0.7671063,-2.082926
RIPS,599.8998,-1.05771,0.7671592,-2.082986
RIPS,599.9081,-1.057707,0.7671613,-2.082998
RIPS,599.9172,-1.057705,0.7671431,-2.083015
RIPS,599.9252,-1.05763,0.767195,-2.083029
RIPS,599.9329,-1.057651,0.7671613,-2.083042
RIPS,599.9415,-1.05764,0.767224,-2.083148
RIPS,599.9496,-1.057676,0.7672231,-2.083124
RIPS,599.9579,-1.057745,0.7672156,-2.083107
RIPS,599.9662,-1.057754,0.7672201,-2.083121
RIPS,599.975,-1.057778,0.7672235,-2.083126
RIPS,599.9836,-1.057803,0.7671685,-2.083148
RIPS,599.9916,-1.057786,0.7671906,-2.083152
RIPS,599.9995,-1.057924,0.767216,-2.083232
RIPS,600.0089,-1.057925,0.767204,-2.083253
RIPS,600.0162,-1.057965,0.7672339,-2.083339
RIPS,600.025,-1.058006,0.767207,-2.083328
RIPS,600.0325,-1.058005,0.767183,-2.083312
RIPS,600.0417,-1.057994,0.7672327,-2.083359
RIPS,600.0504,-1.057999,0.767234,-2.083372
RIPS,600.0577,-1.058046,0.7673203,-2.083356
RIPS,600.0665,-1.058042,0.7673663,-2.083378
RIPS,600.0747,-1.058038,0.7673742,-2.083385
RIPS,600.0837,-1.058123,0.767325,-2.08331
RIPS,600.0911,-1.058139,0.7672932,-2.083351
RIPS,600.0998,-1.058183,0.7672186,-2.083371
RIPS,600.1082,-1.058191,0.7672234,-2.083374
RIPS,600.1171,-1.058181,0.7672296,-2.08341
RIPS,600.1255,-1.058068,0.7672168,-2.083391
RIPS,600.133,-1.058056,0.7672291,-2.083347
RIPS,600.1412,-1.057948,0.767235,-2.083344
RIPS,600.1497,-1.057943,0.7672572,-2.083308
RIPS,600.1578,-1.057925,0.7672402,-2.083268
RIPS,600.1669,-1.057945,0.7673496,-2.083337
RIPS,600.1749,-1.057933,0.7673486,-2.083286
RIPS,600.184,-1.057975,0.767345,-2.083236
RIPS,600.191,-1.057969,0.76727,-2.083256
RIPS,600.1999,-1.057923,0.7672287,-2.083262
RIPS,600.2093,-1.057886,0.7671606,-2.08324
RIPS,600.216,-1.057856,0.7671431,-2.083246
RIPS,600.2247,-1.057794,0.7672156,-2.083299
RIPS,600.2327,-1.057769,0.7672303,-2.083295
RIPS,600.2424,-1.057754,0.7672744,-2.083331
RIPS,600.2502,-1.057726,0.7672793,-2.08334
RIPS,600.2579,-1.057795,0.7672814,-2.083396
RIPS,600.2661,-1.057796,0.7672645,-2.083471
RIPS,600.2747,-1.057786,0.7672363,-2.083482
RIPS,600.283,-1.057789,0.7672234,-2.083507
RIPS,600.2915,-1.057739,0.7671735,-2.083456
RIPS,600.2994,-1.057788,0.7671783,-2.083452
RIPS,600.3086,-1.057801,0.7671641,-2.083465
RIPS,600.3171,-1.057839,0.7672068,-2.083546
RIPS,600.326,-1.057889,0.7673157,-2.083499
RIPS,600.3327,-1.05796,0.767375,-2.08359
RIPS,600.3414,-1.058193,0.7674508,-2.083531
RIPS,600.3493,-1.05829,0.7674309,-2.083565
RIPS,600.3579,-1.058311,0.7674422,-2.083626
RIPS,600.3664,-1.058271,0.7673458,-2.083672
RIPS,600.375,-1.058316,0.7673287,-2.08372
RIPS,600.3834,-1.058362,0.7672518,-2.083685
RIPS,600.3912,-1.058394,0.7672448,-2.08372
RIPS,600.3996,-1.058513,0.7672502,-2.083681
RIPS,600.4086,-1.058577,0.7672798,-2.083669
RIPS,600.416,-1.058589,0.7674581,-2.083834
RIPS,600.4245,-1.058484,0.7675681,-2.083972
RIPS,600.4329,-1.05848,0.7676083,-2.083933
RIPS,600.4418,-1.058427,0.7677414,-2.084079
RIPS,600.4506,-1.058396,0.7677175,-2.084035
RIPS,600.4581,-1.058463,0.7676658,-2.084084
RIPS,600.466,-1.058501,0.7676777,-2.084117
RIPS,600.475,-1.058456,0.7675561,-2.083988
RIPS,600.4857,-1.058606,0.7675362,-2.08394
RIPS,600.496,-1.058632,0.7675858,-2.083983
RIPS,600.5009,-1.058663,0.7676228,-2.084023
RIPS,600.5061,-1.058672,0.7676423,-2.083994
RIPS,600.5143,-1.058697,0.7676867,-2.083991
RIPS,600.5229,-1.058701,0.7677228,-2.083983
RIPS,600.5305,-1.058609,0.7677354,-2.083838
RIPS,600.5392,-1.058619,0.7678695,-2.083924
RIPS,600.5473,-1.058641,0.7678586,-2.083902
RIPS,600.5557,-1.05859,0.7678798,-2.083835
RIPS,600.5641,-1.058657,0.7680139,-2.083867
RIPS,600.5724,-1.058772,0.7679599,-2.083837
RIPS,600.5813,-1.058949,0.7679367,-2.083736
RIPS,600.5892,-1.058754,0.7678762,-2.083434
RIPS,600.5972,-1.058809,0.7678282,-2.083428
RIPS,600.6066,-1.05895,0.7680912,-2.083718
RIPS,600.6141,-1.058813,0.7680964,-2.083626
RIPS,600.6223,-1.058767,0.7681866,-2.083739
RIPS,600.6306,-1.058672,0.7680495,-2.083697
RIPS,600.6389,-1.058673,0.7680314,-2.083733
RIPS,600.6481,-1.058678,0.767929,-2.083644
RIPS,600.6556,-1.058712,0.767956,-2.083649
RIPS,600.6641,-1.058724,0.7679745,-2.083642
RIPS,600.6725,-1.058733,0.7680296,-2.08366
RIPS,600.6806,-1.058793,0.7680558,-2.083657
RIPS,600.6895,-1.058821,0.7680985,-2.083535
RIPS,600.6974,-1.058842,0.7681126,-2.083559
RIPS,600.7057,-1.058838,0.76809,-2.083495
RIPS,600.7145,-1.058849,0.7680357,-2.083518
RIPS,600.7224,-1.058947,0.7681659,-2.083699
RIPS,600.731,-1.058957,0.7681581,-2.083724
RIPS,600.7391,-1.058998,0.7681673,-2.083738
RIPS,600.7474,-1.058816,0.7682654,-2.083647
RIPS,600.7557,-1.058805,0.768336,-2.083675
RIPS,600.764,-1.058854,0.7683799,-2.083659
RIPS,600.7728,-1.058878,0.7684274,-2.083734
RIPS,600.7814,-1.05895,0.7684069,-2.083676
RIPS,600.7889,-1.058919,0.7684323,-2.083598
RIPS,600.7973,-1.058953,0.7683955,-2.083611
RIPS,600.8063,-1.058856,0.7681959,-2.083358
RIPS,600.8141,-1.058877,0.7681816,-2.083328
RIPS,600.8234,-1.058898,0.7681378,-2.083251
RIPS,600.8307,-1.058916,0.7681986,-2.083232
RIPS,600.8431,-1.058878,0.7682613,-2.083228
RIPS,600.8496,-1.058645,0.7682483,-2.083062
RIPS,600.8573,-1.058542,0.7682905,-2.083106
RIPS,600.8652,-1.05849,0.7682732,-2.083157
RIPS,600.8742,-1.058466,0.7682396,-2.083146
RIPS,600.8821,-1.058326,0.7683545,-2.083238
RIPS,600.8909,-1.05832,0.7683064,-2.083083
RIPS,600.8992,-1.058404,0.7682646,-2.082973
RIPS,600.9081,-1.058403,0.7682742,-2.082969
RIPS,600.9171,-1.058383,0.768269,-2.082971
RIPS,600.9256,-1.05834,0.7682686,-2.082833
RIPS,600.933,-1.05835,0.7682559,-2.082854
RIPS,600.9421,-1.058219,0.7682551,-2.082888
RIPS,600.9515,-1.058216,0.7682299,-2.08294
RIPS,600.9579,-1.058085,0.7682687,-2.08302
RIPS,600.9656,-1.058082,0.7682686,-2.083043
RIPS,600.9744,-1.058033,0.7683322,-2.083114
RIPS,600.9832,-1.058145,0.7684324,-2.083081
RIPS,600.991,-1.058161,0.7684417,-2.083114
RIPS,600.9992,-1.058187,0.7684559,-2.083093
RIPS,601.0079,-1.058191,0.7684717,-2.083101
RIPS,601.0155,-1.058182,0.7684785,-2.083152
RIPS,601.0245,-1.057972,0.7683671,-2.082934
RIPS,601.0324,-1.057982,0.7683935,-2.082963
RIPS,601.0421,-1.057899,0.7681904,-2.08283
RIPS,601.0499,-1.057855,0.7681762,-2.082864
RIPS,601.0573,-1.057749,0.7682493,-2.082922
RIPS,601.0655,-1.057761,0.7683288,-2.082842
RIPS,601.0742,-1.057752,0.7683626,-2.082814
RIPS,601.0831,-1.057713,0.7683606,-2.08281
RIPS,601.0906,-1.057673,0.7683543,-2.082799
RIPS,601.099,-1.057511,0.7682731,-2.082464
RIPS,601.1075,-1.057442,0.7682025,-2.082385
RIPS,601.1167,-1.057383,0.7681661,-2.082352
RIPS,601.1252,-1.057331,0.7682537,-2.082324
RIPS,601.1324,-1.057297,0.7684454,-2.082301
RIPS,601.1406,-1.057067,0.7686498,-2.082144
RIPS,601.1491,-1.056971,0.76882,-2.082069
RIPS,601.1576,-1.056589,0.7687482,-2.081753
RIPS,601.1656,-1.056407,0.7687734,-2.081538
RIPS,601.1743,-1.056153,0.7686208,-2.081251
RIPS,601.1832,-1.055722,0.7685696,-2.080988
RIPS,601.1906,-1.05548,0.7684869,-2.080834
RIPS,601.1995,-1.05511,0.7683311,-2.080477
RIPS,601.209,-1.054827,0.7683058,-2.080299
RIPS,601.2156,-1.054517,0.7682266,-2.079996
RIPS,601.2243,-1.054293,0.7681655,-2.079756
RIPS,601.2324,-1.054022,0.7682308,-2.079497
RIPS,601.2416,-1.053891,0.7683209,-2.079232
RIPS,601.2496,-1.053598,0.7683781,-2.079065
RIPS,601.258,-1.053266,0.7684115,-2.079065
RIPS,601.2659,-1.052892,0.7682933,-2.079037
RIPS,601.2745,-1.052507,0.7680913,-2.07904
RIPS,601.2834,-1.051967,0.7679769,-2.079048
RIPS,601.2913,-1.051564,0.7676309,-2.079078
RIPS,601.2994,-1.051106,0.7674094,-2.079086
RIPS,601.308,-1.050705,0.7672716,-2.078997
RIPS,601.3173,-1.050365,0.7672517,-2.078825
RIPS,601.3253,-1.050013,0.7673583,-2.0787
RIPS,601.3325,-1.049618,0.767331,-2.078512
RIPS,601.341,-1.04928,0.7673531,-2.078299
RIPS,601.3494,-1.048887,0.7673118,-2.078129
RIPS,601.3577,-1.04839,0.7672077,-2.0779
RIPS,601.3663,-1.047844,0.7670101,-2.077718
RIPS,601.3747,-1.047354,0.7669172,-2.077571
RIPS,601.3835,-1.046771,0.7666771,-2.077435
RIPS,601.391,-1.046167,0.7665903,-2.077258
RIPS,601.3997,-1.045566,0.7666286,-2.077098
RIPS,601.408,-1.044955,0.766606,-2.076868
RIPS,601.4161,-1.044275,0.7666073,-2.076535
RIPS,601.4245,-1.043679,0.7666034,-2.076174
RIPS,601.4327,-1.043042,0.7664968,-2.075822
RIPS,601.4413,-1.042436,0.766315,-2.075532
RIPS,601.4506,-1.041821,0.7661575,-2.07519
RIPS,601.4575,-1.041323,0.7659098,-2.074908
RIPS,601.4659,-1.040672,0.7657439,-2.074581
RIPS,601.4747,-1.040137,0.7654463,-2.07437
RIPS,601.483,-1.039452,0.7652026,-2.074241
RIPS,601.4915,-1.03882,0.7649957,-2.074146
RIPS,601.4995,-1.038066,0.7649743,-2.074131
RIPS,601.5079,-1.037481,0.7648622,-2.073993
RIPS,601.5167,-1.03682,0.7648938,-2.073966
RIPS,601.5255,-1.036202,0.7646928,-2.073863
RIPS,601.533,-1.035571,0.7644382,-2.07375
RIPS,601.5414,-1.035095,0.7638485,-2.074484
RIPS,601.5493,-1.034517,0.7635391,-2.074608
RIPS,601.558,-1.033954,0.763395,-2.074542
RIPS,601.5661,-1.033397,0.7634125,-2.074473
RIPS,601.5747,-1.032827,0.7632619,-2.074605
RIPS,601.5842,-1.032322,0.7629304,-2.074964
RIPS,601.5911,-1.031708,0.7623417,-2.07526
RIPS,601.5992,-1.031052,0.7616178,-2.075508
RIPS,601.6084,-1.030371,0.761132,-2.075888
RIPS,601.6158,-1.029805,0.7607895,-2.076146
RIPS,601.6246,-1.02917,0.7604556,-2.076185
RIPS,601.633,-1.028648,0.7601689,-2.076251
RIPS,601.6412,-1.028103,0.7599843,-2.076332
RIPS,601.6502,-1.027563,0.7596195,-2.076421
RIPS,601.6577,-1.02707,0.7592159,-2.076792
RIPS,601.6658,-1.026626,0.7586753,-2.077105
RIPS,601.6746,-1.026207,0.7580747,-2.077636
RIPS,601.683,-1.026487,0.7562144,-2.081021
RIPS,601.6912,-1.026391,0.7548481,-2.083006
RIPS,601.6991,-1.026185,0.7539273,-2.084268
RIPS,601.7083,-1.025974,0.7532497,-2.085234
RIPS,601.7169,-1.025822,0.7528058,-2.085702
RIPS,601.7254,-1.025637,0.7523186,-2.086385
RIPS,601.7324,-1.025362,0.7520728,-2.086977
RIPS,601.7408,-1.025095,0.7515303,-2.087563
RIPS,601.7495,-1.024703,0.7508624,-2.088181
RIPS,601.7576,-1.024168,0.7501026,-2.08894
RIPS,601.7661,-1.023779,0.7493042,-2.089696
RIPS,601.7747,-1.023424,0.7486708,-2.090417
RIPS,601.7838,-1.0231,0.7482567,-2.090831
RIPS,601.7909,-1.02285,0.7480184,-2.091031
RIPS,601.7997,-1.022507,0.7478749,-2.09122
RIPS,601.8079,-1.022241,0.7478188,-2.091463
RIPS,601.8156,-1.022207,0.7477142,-2.091818
RIPS,601.8246,-1.022043,0.7475473,-2.09221
RIPS,601.8329,-1.021889,0.7471775,-2.092743
RIPS,601.8418,-1.021805,0.7467173,-2.093329
RIPS,601.8505,-1.021551,0.7460694,-2.094007
RIPS,601.8581,-1.021298,0.7453965,-2.094535
RIPS,601.8668,-1.020991,0.7446705,-2.094944
RIPS,601.8746,-1.020714,0.7440194,-2.095366
RIPS,601.8832,-1.020492,0.7434784,-2.095722
RIPS,601.8911,-1.020261,0.7431315,-2.096084
RIPS,601.8994,-1.02012,0.7429605,-2.096394
RIPS,601.908,-1.019988,0.7430294,-2.096741
RIPS,601.9166,-1.019916,0.7428964,-2.097139
RIPS,601.9254,-1.019757,0.742803,-2.097432
RIPS,601.9324,-1.019613,0.7426533,-2.09768
RIPS,601.9408,-1.01954,0.7423663,-2.097936
RIPS,601.949,-1.019476,0.741957,-2.098251
RIPS,601.9579,-1.019351,0.7415474,-2.098657
RIPS,601.9659,-1.019337,0.7410581,-2.099006
RIPS,601.9744,-1.019269,0.7407566,-2.099297
RIPS,601.9837,-1.019195,0.7405053,-2.099538
RIPS,601.9912,-1.019212,0.7403341,-2.099912
RIPS,601.9991,-1.019287,0.7403487,-2.100135
RIPS,602.0082,-1.019282,0.7406516,-2.100278
RIPS,602.0157,-1.019294,0.740781,-2.100424
RIPS,602.0247,-1.019163,0.7409015,-2.100487
RIPS,602.0325,-1.019134,0.7410105,-2.100644
RIPS,602.0416,-1.01915,0.7409046,-2.100865
RIPS,602.0503,-1.019041,0.740654,-2.101068
RIPS,602.0577,-1.018907,0.7403215,-2.101294
RIPS,602.0658,-1.018771,0.7399136,-2.101446
RIPS,602.0742,-1.018566,0.7396583,-2.101563
RIPS,602.0833,-1.018328,0.7392529,-2.101767
RIPS,602.0912,-1.018204,0.7390968,-2.101889
RIPS,602.0991,-1.018086,0.7390175,-2.102001
RIPS,602.1078,-1.018019,0.7391624,-2.102033
RIPS,602.1164,-1.018001,0.739192,-2.102104
RIPS,602.1254,-1.017951,0.7392603,-2.102176
RIPS,602.1326,-1.017903,0.7393385,-2.102163
RIPS,602.1408,-1.017998,0.7393622,-2.102215
RIPS,602.1493,-1.018024,0.7393165,-2.102198
RIPS,602.1576,-1.018047,0.7392461,-2.102178
RIPS,602.1658,-1.018131,0.7391697,-2.102191
RIPS,602.1757,-1.01811,0.7392254,-2.102299
RIPS,602.1829,-1.018077,0.73918,-2.102304
RIPS,602.1909,-1.018053,0.7392997,-2.102338
RIPS,602.1995,-1.018103,0.739458,-2.102351
RIPS,602.2085,-1.01806,0.7395491,-2.102353
RIPS,602.2159,-1.018152,0.7394485,-2.102238
RIPS,602.2245,-1.018116,0.7395179,-2.102181
RIPS,602.2327,-1.017998,0.7395095,-2.102028
RIPS,602.241,-1.017902,0.7395105,-2.102008
RIPS,602.2502,-1.017851,0.7394512,-2.101822
RIPS,602.2575,-1.017662,0.7394236,-2.101796
RIPS,602.2658,-1.017621,0.7394553,-2.101725
RIPS,602.2744,-1.017465,0.7395097,-2.101747
RIPS,602.2827,-1.017399,0.7395422,-2.101683
RIPS,602.291,-1.01735,0.739534,-2.101646
RIPS,602.2994,-1.017256,0.7395981,-2.10145
RIPS,602.3079,-1.01719,0.7396954,-2.101313
RIPS,602.3161,-1.017071,0.7397425,-2.101214
RIPS,602.3253,-1.017041,0.7397494,-2.101207
RIPS,602.3327,-1.016988,0.7397777,-2.101137
RIPS,602.341,-1.016952,0.7397496,-2.101117
RIPS,602.3493,-1.016983,0.7397653,-2.101131
RIPS,602.3575,-1.016974,0.739773,-2.101204
RIPS,602.3657,-1.016965,0.7398024,-2.101225
RIPS,602.3749,-1.016897,0.7400241,-2.101331
RIPS,602.3835,-1.016869,0.7400995,-2.101345
RIPS,602.3909,-1.016815,0.7402022,-2.101317
RIPS,602.3991,-1.016859,0.7402548,-2.10128
RIPS,602.408,-1.01682,0.7403079,-2.101286
RIPS,602.4155,-1.016829,0.7402195,-2.101193
RIPS,602.4265,-1.016875,0.7401575,-2.101204
RIPS,602.4341,-1.01676,0.7399765,-2.101175
RIPS,602.4411,-1.016757,0.7399922,-2.101148
RIPS,602.4502,-1.016772,0.7399692,-2.101052
RIPS,602.4574,-1.016727,0.7399633,-2.100973
RIPS,602.4657,-1.016716,0.7399482,-2.100955
RIPS,602.4743,-1.016671,0.7401836,-2.101059
RIPS,602.4824,-1.016645,0.7402068,-2.101026
RIPS,602.4925,-1.016593,0.7402516,-2.100956
RIPS,602.5043,-1.016463,0.74035,-2.100965
RIPS,602.5137,-1.016529,0.7404072,-2.100932
RIPS,602.5226,-1.016526,0.7404334,-2.100935
RIPS,602.5305,-1.016514,0.7403764,-2.100894
RIPS,602.5389,-1.01659,0.7402822,-2.100868
RIPS,602.5469,-1.016584,0.7402197,-2.100886
RIPS,602.5554,-1.016555,0.7400992,-2.100862
RIPS,602.5635,-1.016509,0.7400729,-2.100836
RIPS,602.5716,-1.016465,0.7401443,-2.100863
RIPS,602.5807,-1.016452,0.7401707,-2.100852
RIPS,602.5885,-1.016432,0.7403229,-2.1008
RIPS,602.5969,-1.016378,0.7405016,-2.100808
RIPS,602.6061,-1.016346,0.7405916,-2.100768
RIPS,602.6133,-1.016275,0.740558,-2.100795
RIPS,602.6219,-1.016369,0.7405479,-2.100815
RIPS,602.6306,-1.016457,0.7404329,-2.10089
RIPS,602.6384,-1.016433,0.7403482,-2.100921
RIPS,602.6475,-1.016424,0.7402627,-2.100976
RIPS,602.6552,-1.01644,0.7401707,-2.101047
RIPS,602.6639,-1.01646,0.7401159,-2.101076
RIPS,602.6721,-1.016526,0.7401133,-2.101042
RIPS,602.6803,-1.016506,0.7401507,-2.100971
RIPS,602.689,-1.016531,0.74028,-2.100939
RIPS,602.6967,-1.01647,0.7404505,-2.100944
RIPS,602.7053,-1.016438,0.7405047,-2.100899
RIPS,602.7141,-1.016525,0.7406639,-2.100875
RIPS,602.7219,-1.016582,0.7406174,-2.100933
RIPS,602.7304,-1.01667,0.7405683,-2.100966
RIPS,602.7386,-1.016721,0.7404972,-2.101026
RIPS,602.7471,-1.016761,0.7404171,-2.101132
RIPS,602.7554,-1.016715,0.740265,-2.101189
RIPS,602.7636,-1.016755,0.7402131,-2.10123
RIPS,602.7719,-1.016912,0.7402636,-2.101187
RIPS,602.7804,-1.016911,0.7403642,-2.101141
RIPS,602.7883,-1.01688,0.7404327,-2.101052
RIPS,602.7971,-1.016788,0.7405064,-2.101028
RIPS,602.8066,-1.016798,0.7405255,-2.100988
RIPS,602.8135,-1.016656,0.7405025,-2.101067
RIPS,602.8221,-1.016689,0.7404482,-2.101152
RIPS,602.8304,-1.016708,0.7403964,-2.101204
RIPS,602.839,-1.016805,0.7402371,-2.101219
RIPS,602.8475,-1.01685,0.7401535,-2.10128
RIPS,602.8618,-1.016872,0.7401239,-2.101283
RIPS,602.8705,-1.016847,0.7401672,-2.10124
RIPS,602.8804,-1.016978,0.7402389,-2.101129
RIPS,602.8889,-1.01694,0.7403438,-2.101073
RIPS,602.8975,-1.016976,0.7403701,-2.100976
RIPS,602.9057,-1.016994,0.7404909,-2.100988
RIPS,602.9153,-1.017073,0.7405551,-2.100951
RIPS,602.9233,-1.017097,0.7405893,-2.100913
RIPS,602.9315,-1.01712,0.7406421,-2.100951
RIPS,602.9402,-1.017173,0.7405753,-2.100916
RIPS,602.9482,-1.01719,0.7405229,-2.100954
RIPS,602.9579,-1.017198,0.7404901,-2.100949
RIPS,602.9656,-1.017221,0.7404659,-2.100966
RIPS,602.9743,-1.017111,0.7404949,-2.100985
RIPS,602.9833,-1.017135,0.7405077,-2.101005
RIPS,602.9908,-1.017099,0.7405291,-2.100987
RIPS,602.9993,-1.017113,0.7405558,-2.100998
RIPS,603.0076,-1.01705,0.7404656,-2.100999
RIPS,603.0159,-1.017055,0.7403961,-2.100997
RIPS,603.0241,-1.017042,0.7403695,-2.100972
RIPS,603.0325,-1.017034,0.7404541,-2.100988
RIPS,603.0408,-1.017055,0.7405083,-2.100964
RIPS,603.05,-1.017059,0.7405491,-2.10095
RIPS,603.0578,-1.017148,0.740668,-2.100856
RIPS,603.0656,-1.017112,0.7407268,-2.100779
RIPS,603.0742,-1.017167,0.7407501,-2.100695
RIPS,603.0828,-1.017184,0.7407691,-2.100694
RIPS,603.0907,-1.017162,0.7406569,-2.100678
RIPS,603.0993,-1.017227,0.7407004,-2.10074
RIPS,603.1074,-1.017263,0.7406876,-2.100824
RIPS,603.1168,-1.017188,0.7406585,-2.100873
RIPS,603.1248,-1.017189,0.7406709,-2.100873
RIPS,603.1325,-1.017254,0.7407378,-2.10083
RIPS,603.1406,-1.017219,0.7408251,-2.100813
RIPS,603.1486,-1.017242,0.7409487,-2.100703
RIPS,603.1576,-1.017224,0.7409703,-2.100653
RIPS,603.1656,-1.017252,0.7410231,-2.100661
RIPS,603.1755,-1.017242,0.7410929,-2.100665
RIPS,603.1829,-1.017287,0.7410748,-2.100663
RIPS,603.1907,-1.017328,0.7410314,-2.100658
RIPS,603.1991,-1.017353,0.7410285,-2.100653
RIPS,603.2087,-1.017364,0.7410068,-2.100626
RIPS,603.2158,-1.01741,0.7410349,-2.100655
RIPS,603.2241,-1.017425,0.7410656,-2.100626
RIPS,603.2325,-1.017442,0.7410254,-2.100593
RIPS,603.241,-1.017431,0.7410318,-2.100553
RIPS,603.2496,-1.017507,0.7411248,-2.100521
RIPS,603.2576,-1.017564,0.741165,-2.100515
RIPS,603.2656,-1.017617,0.7411999,-2.100512
RIPS,603.2743,-1.017744,0.7411981,-2.100475
RIPS,603.285,-1.017835,0.7412295,-2.100492
RIPS,603.2951,-1.017865,0.7412387,-2.100552
RIPS,603.3005,-1.017954,0.7412741,-2.100593
RIPS,603.306,-1.017982,0.7413102,-2.100667
RIPS,603.314,-1.018028,0.7413099,-2.100688
RIPS,603.322,-1.01807,0.7413514,-2.100782
RIPS,603.3303,-1.018131,0.7413433,-2.100805
RIPS,603.3387,-1.018168,0.7413273,-2.100823
RIPS,603.3466,-1.018219,0.7413297,-2.100794
RIPS,603.3552,-1.018286,0.7413149,-2.100773
RIPS,603.3633,-1.018452,0.7413708,-2.100697
RIPS,603.3719,-1.018501,0.7414079,-2.100687
RIPS,603.3806,-1.018589,0.7414077,-2.100648
RIPS,603.3886,-1.018709,0.7414209,-2.100531
RIPS,603.397,-1.018741,0.7414479,-2.100498
RIPS,603.4061,-1.018829,0.7415345,-2.100419
RIPS,603.4136,-1.018971,0.741674,-2.100354
RIPS,603.4218,-1.019117,0.7418437,-2.100236
RIPS,603.4302,-1.019126,0.7420861,-2.100165
RIPS,603.4398,-1.019204,0.7423336,-2.100114
RIPS,603.4498,-1.01923,0.7425457,-2.100001
RIPS,603.4551,-1.019109,0.7426738,-2.099893
RIPS,603.4636,-1.019101,0.7427742,-2.099716
RIPS,603.4719,-1.019143,0.7428292,-2.09953
RIPS,603.4799,-1.019174,0.7429351,-2.099373
RIPS,603.4887,-1.019243,0.7429852,-2.099187
RIPS,603.4972,-1.019299,0.7431799,-2.099047
RIPS,603.5049,-1.01939,0.7433496,-2.098886
RIPS,603.5138,-1.019528,0.7435368,-2.098608
RIPS,603.5225,-1.01961,0.7439079,-2.098382
RIPS,603.5298,-1.019744,0.7441455,-2.098145
RIPS,603.5385,-1.019947,0.7444209,-2.098029
RIPS,603.5468,-1.02004,0.7445366,-2.097838
RIPS,603.5553,-1.020147,0.744653,-2.0977
RIPS,603.5632,-1.020266,0.7446373,-2.097636
RIPS,603.5716,-1.020398,0.7448089,-2.097591
RIPS,603.5806,-1.020546,0.7448602,-2.097516
RIPS,603.5886,-1.020691,0.7449849,-2.097382
RIPS,603.597,-1.020829,0.745176,-2.097199
RIPS,603.6061,-1.021008,0.7454515,-2.096998
RIPS,603.6138,-1.021119,0.7456673,-2.096813
RIPS,603.6227,-1.021325,0.7459964,-2.096688
RIPS,603.6309,-1.021615,0.7463163,-2.096639
RIPS,603.6393,-1.021911,0.7465232,-2.096607
RIPS,603.6489,-1.022183,0.7467033,-2.096519
RIPS,603.656,-1.022424,0.7466564,-2.096377
RIPS,603.6645,-1.022762,0.7467109,-2.096418
RIPS,603.6732,-1.022913,0.7467656,-2.096479
RIPS,603.6812,-1.023124,0.7469462,-2.096447
RIPS,603.6897,-1.023257,0.7470841,-2.096445
RIPS,603.6981,-1.023445,0.7472353,-2.096359
RIPS,603.7065,-1.023691,0.7474062,-2.096299
RIPS,603.7148,-1.023937,0.747699,-2.096257
RIPS,603.7242,-1.024109,0.7478806,-2.096174
RIPS,603.7314,-1.024563,0.7480898,-2.095995
RIPS,603.7399,-1.024884,0.7482435,-2.096083
RIPS,603.7483,-1.025214,0.7483208,-2.096073
RIPS,603.7568,-1.025629,0.7483478,-2.096241
RIPS,603.765,-1.026056,0.7482748,-2.096539
RIPS,603.774,-1.026491,0.7481557,-2.09682
RIPS,603.7824,-1.026951,0.7479389,-2.097188
RIPS,603.7902,-1.027484,0.7478022,-2.097707
RIPS,603.7992,-1.027914,0.747633,-2.098055
RIPS,603.8076,-1.028355,0.7474799,-2.098402
RIPS,603.8156,-1.028771,0.7473262,-2.098737
RIPS,603.8239,-1.029148,0.7471871,-2.099043
RIPS,603.8322,-1.029677,0.7471473,-2.099463
RIPS,603.8408,-1.030079,0.7472231,-2.099685
RIPS,603.8496,-1.030584,0.747022,-2.100061
RIPS,603.8576,-1.03118,0.746903,-2.10046
RIPS,603.8655,-1.031816,0.7466356,-2.100867
RIPS,603.874,-1.032297,0.7465153,-2.101067
RIPS,603.8828,-1.032841,0.7462901,-2.101306
RIPS,603.8904,-1.033319,0.7462971,-2.101541
RIPS,603.899,-1.033799,0.7461572,-2.101682
RIPS,603.9072,-1.034186,0.7461485,-2.101858
RIPS,603.9164,-1.034623,0.746143,-2.101898
RIPS,603.9246,-1.034999,0.7461202,-2.101822
RIPS,603.9319,-1.035515,0.7462929,-2.101798
RIPS,603.9402,-1.035943,0.7464659,-2.1018
RIPS,603.9485,-1.036461,0.7465839,-2.101692
RIPS,603.9576,-1.036913,0.7468619,-2.101695
RIPS,603.9655,-1.037266,0.7469226,-2.101691
RIPS,603.9742,-1.037732,0.7470821,-2.101675
RIPS,603.9828,-1.038171,0.7471711,-2.101693
RIPS,603.9908,-1.038604,0.7472151,-2.101624
RIPS,603.9989,-1.038994,0.7472903,-2.101496
RIPS,604.0078,-1.039377,0.7474784,-2.101363
RIPS,604.0153,-1.039734,0.7476134,-2.10113
RIPS,604.0242,-1.040076,0.7478175,-2.100928
RIPS,604.0319,-1.040452,0.7480685,-2.100735
RIPS,604.041,-1.040807,0.7483708,-2.100501
RIPS,604.0497,-1.04121,0.7487035,-2.100206
RIPS,604.0571,-1.041512,0.7490745,-2.099926
RIPS,604.0654,-1.04187,0.7493585,-2.099808
RIPS,604.0739,-1.042155,0.7497132,-2.099542
RIPS,604.0818,-1.042559,0.7500079,-2.099375
RIPS,604.0914,-1.04294,0.7503397,-2.099157
RIPS,604.0991,-1.043342,0.7507022,-2.098764
RIPS,604.1078,-1.04376,0.75127,-2.098444
RIPS,604.116,-1.044133,0.7516846,-2.097971
RIPS,604.1247,-1.044526,0.7521282,-2.097401
RIPS,604.1321,-1.044864,0.7525623,-2.096918
RIPS,604.1404,-1.045226,0.7529763,-2.096539
RIPS,604.1487,-1.045675,0.7532936,-2.096342
RIPS,604.1572,-1.046016,0.7537202,-2.09603
RIPS,604.1656,-1.046371,0.7540623,-2.095721
RIPS,604.1741,-1.046785,0.7545281,-2.09544
RIPS,604.1827,-1.047187,0.7549916,-2.095103
RIPS,604.1901,-1.047481,0.7556205,-2.094396
RIPS,604.1989,-1.047709,0.756476,-2.093285
RIPS,604.2076,-1.047716,0.7574646,-2.091854
RIPS,604.2153,-1.047788,0.7586797,-2.090059
RIPS,604.2238,-1.04796,0.7589922,-2.089554
RIPS,604.2317,-1.048281,0.7592982,-2.089329
RIPS,604.2408,-1.048589,0.7595115,-2.089358
RIPS,604.2499,-1.04912,0.7598675,-2.089302
RIPS,604.2568,-1.049497,0.760141,-2.089176
RIPS,604.2654,-1.049878,0.7602949,-2.089183
RIPS,604.2739,-1.050258,0.7606198,-2.088863
RIPS,604.2818,-1.050632,0.7610644,-2.088476
RIPS,604.2905,-1.050837,0.761824,-2.087328
RIPS,604.2986,-1.051189,0.7619619,-2.08723
RIPS,604.3073,-1.051454,0.7621032,-2.087279
RIPS,604.3159,-1.051769,0.7621829,-2.087287
RIPS,604.3249,-1.052084,0.7622821,-2.087304
RIPS,604.3319,-1.052354,0.7624822,-2.087374
RIPS,604.3407,-1.05273,0.762592,-2.087457
RIPS,604.3489,-1.053169,0.7627839,-2.087512
RIPS,604.3571,-1.053549,0.7629056,-2.087552
RIPS,604.3653,-1.054117,0.7629299,-2.087631
RIPS,604.3743,-1.054532,0.763008,-2.087675
RIPS,604.383,-1.054921,0.7630596,-2.087708
RIPS,604.3901,-1.055309,0.7632111,-2.087744
RIPS,604.399,-1.055688,0.763295,-2.087841
RIPS,604.4074,-1.056035,0.7634854,-2.087747
RIPS,604.4155,-1.056396,0.7635848,-2.087776
RIPS,604.4238,-1.056867,0.7638475,-2.087895
RIPS,604.4318,-1.057233,0.7639559,-2.087837
RIPS,604.4404,-1.057735,0.7641529,-2.088274
RIPS,604.4498,-1.058109,0.7641876,-2.088246
RIPS,604.4572,-1.058336,0.7642716,-2.088243
RIPS,604.4651,-1.058616,0.7642848,-2.088419
RIPS,604.4737,-1.058874,0.7643909,-2.088496
RIPS,604.4816,-1.059108,0.7645494,-2.088502
RIPS,604.4915,-1.059458,0.7647107,-2.088602
RIPS,604.4991,-1.059718,0.7648193,-2.088637
RIPS,604.5091,-1.060054,0.764967,-2.088522
RIPS,604.5189,-1.060367,0.7650549,-2.088487
RIPS,604.5256,-1.060658,0.7651721,-2.088448
RIPS,604.5307,-1.060933,0.7653086,-2.0885
RIPS,604.5385,-1.061209,0.7654189,-2.088497
RIPS,604.5465,-1.061057,0.7654499,-2.088154
RIPS,604.5553,-1.061256,0.7655293,-2.088183
RIPS,604.5633,-1.061395,0.7656633,-2.088181
RIPS,604.5716,-1.061477,0.7657639,-2.08822
RIPS,604.5803,-1.061516,0.7657338,-2.087963
RIPS,604.5885,-1.061623,0.7657522,-2.087888
RIPS,604.5968,-1.061747,0.7657021,-2.087792
RIPS,604.6061,-1.061803,0.7656682,-2.087721
RIPS,604.6132,-1.061948,0.765664,-2.087701
RIPS,604.6214,-1.062145,0.7657,-2.087625
RIPS,604.6299,-1.062356,0.7657747,-2.087653
RIPS,604.6384,-1.062562,0.7659041,-2.087648
RIPS,604.6478,-1.062738,0.7659937,-2.087692
RIPS,604.6556,-1.062945,0.7660888,-2.087712
RIPS,604.6634,-1.063096,0.7661647,-2.087844
RIPS,604.6717,-1.063502,0.7662811,-2.088101
RIPS,604.6801,-1.063689,0.7662723,-2.088225
RIPS,604.6889,-1.063862,0.7662596,-2.088226
RIPS,604.6966,-1.063879,0.7661639,-2.087922
RIPS,604.7048,-1.063995,0.7661229,-2.087872
RIPS,604.7147,-1.064132,0.7661146,-2.08794
RIPS,604.7217,-1.064206,0.7661862,-2.08787
RIPS,604.7302,-1.064307,0.7662051,-2.087897
RIPS,604.7385,-1.064392,0.7662635,-2.088074
RIPS,604.7468,-1.064399,0.7663314,-2.088087
RIPS,604.7549,-1.064464,0.7664141,-2.088127
RIPS,604.7636,-1.064561,0.7665076,-2.088083
RIPS,604.7719,-1.064604,0.7665489,-2.088068
RIPS,604.781,-1.064726,0.7665238,-2.087914
RIPS,604.7886,-1.064846,0.7665126,-2.087986
RIPS,604.7971,-1.065032,0.7665627,-2.088058
RIPS,604.8065,-1.065094,0.7665854,-2.08797
RIPS,604.8135,-1.065068,0.7665859,-2.087915
RIPS,604.8226,-1.065058,0.7666791,-2.087814
RIPS,604.8306,-1.065254,0.7667117,-2.087932
RIPS,604.8401,-1.065307,0.7667733,-2.088081
RIPS,604.8478,-1.065371,0.7668293,-2.087986
RIPS,604.8565,-1.065409,0.7669136,-2.088045
RIPS,604.8645,-1.065484,0.7669643,-2.088036
RIPS,604.8737,-1.06537,0.7669192,-2.087779
RIPS,604.8816,-1.06545,0.7668948,-2.087722
RIPS,604.8902,-1.065381,0.7669733,-2.087794
RIPS,604.8988,-1.065437,0.767006,-2.08782
RIPS,604.907,-1.065281,0.7669182,-2.087374
RIPS,604.9163,-1.065249,0.766939,-2.0873
RIPS,604.9247,-1.065244,0.7669936,-2.087101
RIPS,604.932,-1.065216,0.7669883,-2.087089
RIPS,604.9402,-1.065031,0.7670135,-2.086827
RIPS,604.9483,-1.064898,0.767027,-2.086897
RIPS,604.9572,-1.064809,0.767014,-2.086948
RIPS,604.9651,-1.064775,0.7670863,-2.086945
RIPS,604.974,-1.064725,0.7670736,-2.086941
RIPS,604.9818,-1.0647,0.7670105,-2.086976
RIPS,604.9901,-1.064824,0.7670404,-2.087098
RIPS,604.999,-1.064856,0.7670425,-2.087043
RIPS,605.0077,-1.064963,0.7669649,-2.087045
RIPS,605.015,-1.065012,0.7670008,-2.086996
RIPS,605.0235,-1.065166,0.7670439,-2.087036
RIPS,605.0316,-1.065198,0.7670622,-2.08694
RIPS,605.0406,-1.065219,0.7671493,-2.08675
RIPS,605.0493,-1.065216,0.7672294,-2.086659
RIPS,605.0571,-1.065253,0.767265,-2.086643
RIPS,605.0653,-1.065223,0.7673533,-2.0867
RIPS,605.0736,-1.065204,0.7674147,-2.086687
RIPS,605.0821,-1.065153,0.7674032,-2.086723
RIPS,605.0903,-1.06517,0.7674177,-2.086746
RIPS,605.0986,-1.065156,0.7674398,-2.086735
RIPS,605.1077,-1.06519,0.7673283,-2.086705
RIPS,605.1186,-1.065174,0.7673249,-2.08668
RIPS,605.129,-1.065202,0.767374,-2.086544
RIPS,605.1379,-1.065223,0.7673314,-2.086441
RIPS,605.1465,-1.065197,0.7674189,-2.086287
RIPS,605.1549,-1.0652,0.7674192,-2.086232
RIPS,605.1632,-1.065193,0.767384,-2.086179
RIPS,605.1712,-1.065192,0.767408,-2.086173
RIPS,605.1802,-1.065167,0.7674339,-2.086202
RIPS,605.1881,-1.065419,0.7674745,-2.087023
RIPS,605.1973,-1.065402,0.7675026,-2.087085
RIPS,605.206,-1.065413,0.7675832,-2.087268
RIPS,605.213,-1.065405,0.7675772,-2.087248
RIPS,605.2211,-1.065255,0.7676596,-2.087204
RIPS,605.2298,-1.06522,0.7676514,-2.08715
RIPS,605.2381,-1.065225,0.7677226,-2.087274
RIPS,605.247,-1.065199,0.7678398,-2.087107
RIPS,605.2548,-1.06515,0.7678501,-2.087094
RIPS,605.2632,-1.06515,0.7677834,-2.087282
RIPS,605.2714,-1.065121,0.7677947,-2.087301
RIPS,605.2797,-1.065082,0.7677816,-2.087398
RIPS,605.2885,-1.065112,0.7677845,-2.087422
RIPS,605.2963,-1.065082,0.7678587,-2.087451
RIPS,605.3049,-1.065059,0.7679189,-2.087434
RIPS,605.3132,-1.064986,0.7679546,-2.087405
RIPS,605.3216,-1.064919,0.7680522,-2.087174
RIPS,605.33,-1.064826,0.7680274,-2.08708
RIPS,605.338,-1.064696,0.7679842,-2.087012
RIPS,605.3461,-1.064641,0.7679491,-2.086777
RIPS,605.3546,-1.064517,0.7679453,-2.086774
RIPS,605.3633,-1.064253,0.7678605,-2.086692
RIPS,605.3713,-1.064156,0.7679085,-2.086705
RIPS,605.3801,-1.064043,0.7678114,-2.086843
RIPS,605.3878,-1.063727,0.7677718,-2.086584
RIPS,605.3966,-1.063663,0.7677838,-2.086536
RIPS,605.4055,-1.063439,0.7679083,-2.086315
RIPS,605.4134,-1.063315,0.767931,-2.086128
RIPS,605.4212,-1.062845,0.7680579,-2.08515
RIPS,605.4298,-1.062639,0.7680921,-2.0849
RIPS,605.438,-1.062439,0.7681149,-2.0847
RIPS,605.4469,-1.062283,0.7682012,-2.084491
RIPS,605.455,-1.06204,0.7682629,-2.084373
RIPS,605.4631,-1.0618,0.7682478,-2.084238
RIPS,605.4717,-1.061542,0.7682924,-2.084158
RIPS,605.4802,-1.061322,0.7681484,-2.084362
RIPS,605.4892,-1.061176,0.7681036,-2.084037
RIPS,605.4973,-1.06095,0.7680854,-2.083863
RIPS,605.5057,-1.060685,0.7680487,-2.083594
RIPS,605.5147,-1.060426,0.7680333,-2.083289
RIPS,605.5234,-1.060118,0.7680879,-2.082985
RIPS,605.5317,-1.05983,0.7679796,-2.082895
RIPS,605.5398,-1.059418,0.7679015,-2.08241
RIPS,605.548,-1.058992,0.7678508,-2.082402
RIPS,605.5571,-1.058641,0.7677714,-2.082361
RIPS,605.5654,-1.058274,0.7675257,-2.08255
RIPS,605.5737,-1.05791,0.7673689,-2.082576
RIPS,605.5822,-1.057514,0.7671428,-2.082861
RIPS,605.5905,-1.057119,0.7669967,-2.082862
RIPS,605.5988,-1.056671,0.7668675,-2.082834
RIPS,605.6077,-1.056195,0.7666602,-2.082856
RIPS,605.6153,-1.055714,0.7665082,-2.08284
RIPS,605.6241,-1.055253,0.7664674,-2.082678
RIPS,605.6319,-1.054864,0.7663976,-2.082746
RIPS,605.6404,-1.054329,0.7663137,-2.082641
RIPS,605.6494,-1.053845,0.7662642,-2.082589
RIPS,605.6567,-1.053284,0.7662501,-2.08247
RIPS,605.6653,-1.052728,0.7661147,-2.082401
RIPS,605.6738,-1.052117,0.765963,-2.082177
RIPS,605.6817,-1.051557,0.7657287,-2.081999
RIPS,605.6906,-1.050858,0.7655286,-2.081735
RIPS,605.6985,-1.050191,0.7654332,-2.081411
RIPS,605.7072,-1.049537,0.7653283,-2.081158
RIPS,605.7165,-1.048835,0.765204,-2.080812
RIPS,605.7246,-1.048132,0.7651432,-2.08054
RIPS,605.7321,-1.04738,0.7650827,-2.080245
RIPS,605.7402,-1.046551,0.7649759,-2.079951
RIPS,605.7487,-1.045695,0.7649006,-2.079462
RIPS,605.757,-1.044799,0.7645797,-2.079066
RIPS,605.7654,-1.043937,0.7643653,-2.078738
RIPS,605.7737,-1.043137,0.7642696,-2.078476
RIPS,605.7819,-1.04237,0.7641861,-2.078149
RIPS,605.7904,-1.041535,0.7640879,-2.07775
RIPS,605.7987,-1.040777,0.7639458,-2.077261
RIPS,605.8076,-1.039937,0.7637626,-2.076811
RIPS,605.815,-1.039079,0.7635968,-2.076324
RIPS,605.8234,-1.038212,0.763456,-2.075803
RIPS,605.8322,-1.037356,0.7632795,-2.075327
RIPS,605.8401,-1.03638,0.7631208,-2.074994
RIPS,605.8498,-1.035569,0.7629466,-2.07468
RIPS,605.8569,-1.034758,0.7626055,-2.074494
RIPS,605.8655,-1.033865,0.7622534,-2.074321
RIPS,605.8742,-1.03301,0.7619723,-2.074125
RIPS,605.8834,-1.032163,0.76178,-2.073905
RIPS,605.8909,-1.031253,0.7616128,-2.073691
RIPS,605.8989,-1.030419,0.7617096,-2.073317
RIPS,605.9079,-1.029601,0.7619081,-2.073017
RIPS,605.9156,-1.029081,0.7613719,-2.074014
RIPS,605.924,-1.028573,0.7610067,-2.074569
RIPS,605.9318,-1.027937,0.7606307,-2.074807
RIPS,605.9404,-1.02739,0.7602141,-2.075049
RIPS,605.9482,-1.026815,0.7596456,-2.075222
RIPS,605.9573,-1.026333,0.758852,-2.075598
RIPS,605.965,-1.025717,0.758096,-2.075938
RIPS,605.9739,-1.025219,0.7573405,-2.076423
RIPS,605.9827,-1.024704,0.7566053,-2.076954
RIPS,605.9905,-1.02408,0.7561105,-2.077353
RIPS,605.9985,-1.023534,0.7558479,-2.077677
RIPS,606.0076,-1.024032,0.7539091,-2.081867
RIPS,606.0152,-1.024077,0.7529812,-2.083862
RIPS,606.0237,-1.0239,0.7523078,-2.085064
RIPS,606.0322,-1.023664,0.7518077,-2.086025
RIPS,606.0402,-1.023362,0.7512559,-2.086781
RIPS,606.0487,-1.023007,0.7505897,-2.087469
RIPS,606.0569,-1.022669,0.7497543,-2.08817
RIPS,606.0649,-1.022309,0.7490537,-2.088967
RIPS,606.0737,-1.021771,0.7479165,-2.08971
RIPS,606.0818,-1.021456,0.7470381,-2.090546
RIPS,606.0904,-1.021086,0.7462655,-2.091321
RIPS,606.0984,-1.020849,0.7457625,-2.092024
RIPS,606.1071,-1.020779,0.745618,-2.092585
RIPS,606.1161,-1.020584,0.7453468,-2.093157
RIPS,606.1248,-1.020589,0.7453926,-2.093754
RIPS,606.1321,-1.020488,0.7452776,-2.094335
RIPS,606.14,-1.02039,0.7449905,-2.094819
RIPS,606.1484,-1.02018,0.7447081,-2.09531
RIPS,606.1567,-1.019999,0.7444861,-2.095777
RIPS,606.1652,-1.019648,0.7442361,-2.096259
RIPS,606.1736,-1.019289,0.7436343,-2.096737
RIPS,606.1826,-1.01894,0.7432097,-2.097207
RIPS,606.1899,-1.018601,0.7425286,-2.097599
RIPS,606.1987,-1.018369,0.7419196,-2.097949
RIPS,606.2074,-1.018341,0.7416271,-2.098299
RIPS,606.2152,-1.018323,0.7416731,-2.098601
RIPS,606.2238,-1.018229,0.7415035,-2.098914
RIPS,606.2315,-1.018222,0.7416168,-2.099175
RIPS,606.2415,-1.018132,0.7417011,-2.099406
RIPS,606.2488,-1.01806,0.7415506,-2.099602
RIPS,606.257,-1.018035,0.7413827,-2.099787
RIPS,606.2654,-1.018062,0.7411807,-2.100038
RIPS,606.2735,-1.017906,0.7409078,-2.100263
RIPS,606.2816,-1.01774,0.7408349,-2.100474
RIPS,606.2905,-1.017673,0.7405865,-2.100514
RIPS,606.2986,-1.017637,0.7404502,-2.100552
RIPS,606.3075,-1.01762,0.7405696,-2.100423
RIPS,606.3159,-1.017581,0.7406459,-2.100386
RIPS,606.324,-1.01762,0.7404802,-2.100436
RIPS,606.332,-1.017588,0.7404032,-2.100554
RIPS,606.3405,-1.017645,0.7402786,-2.100636
RIPS,606.3483,-1.017545,0.7399192,-2.100816
RIPS,606.3569,-1.017462,0.7396734,-2.100905
RIPS,606.3654,-1.017343,0.7394708,-2.101035
RIPS,606.3738,-1.017238,0.7393616,-2.101079
RIPS,606.3829,-1.017095,0.7395383,-2.101075
RIPS,606.3902,-1.016901,0.7398756,-2.10094
RIPS,606.3984,-1.016779,0.7400334,-2.100909
RIPS,606.4073,-1.016589,0.7402619,-2.100826
RIPS,606.415,-1.016389,0.7404845,-2.100839
RIPS,606.4242,-1.016222,0.7404131,-2.100934
RIPS,606.4317,-1.016134,0.7403777,-2.101025
RIPS,606.4402,-1.016053,0.7402246,-2.101194
RIPS,606.4489,-1.015972,0.7401491,-2.101214
RIPS,606.4568,-1.015999,0.7398183,-2.101346
RIPS,606.465,-1.015975,0.7397435,-2.101342
RIPS,606.4738,-1.015929,0.7397393,-2.101238
RIPS,606.4818,-1.015871,0.7397899,-2.101271
RIPS,606.4908,-1.015779,0.7398837,-2.101229
RIPS,606.4984,-1.015693,0.7400215,-2.101201
RIPS,606.5069,-1.015496,0.7402836,-2.101182
RIPS,606.515,-1.015284,0.7405564,-2.101048
RIPS,606.5245,-1.015246,0.7405333,-2.101038
RIPS,606.5321,-1.015172,0.7405576,-2.101037
RIPS,606.54,-1.015146,0.7404246,-2.101103
RIPS,606.5486,-1.015154,0.7402431,-2.101193
RIPS,606.5568,-1.015169,0.7400929,-2.101327
RIPS,606.5649,-1.01516,0.7399479,-2.101363
RIPS,606.5734,-1.015102,0.7398619,-2.101336
RIPS,606.5831,-1.01494,0.7398705,-2.101163
RIPS,606.5898,-1.014801,0.7400395,-2.101027
RIPS,606.5986,-1.014799,0.7401392,-2.100844
RIPS,606.6072,-1.01466,0.7403681,-2.100694
RIPS,606.6149,-1.014553,0.7406149,-2.100565
RIPS,606.6234,-1.014499,0.740658,-2.100523
RIPS,606.6317,-1.014453,0.740615,-2.100512
RIPS,606.64,-1.014413,0.74056,-2.100614
RIPS,606.6492,-1.01441,0.7404373,-2.100667
RIPS,606.6566,-1.01452,0.7403634,-2.100692
RIPS,606.665,-1.014574,0.7401791,-2.100729
RIPS,606.6735,-1.014619,0.740036,-2.100784
RIPS,606.6816,-1.014661,0.7400945,-2.1008
RIPS,606.6902,-1.014637,0.7402415,-2.10078
RIPS,606.6981,-1.014682,0.7402819,-2.100838
RIPS,606.7072,-1.014604,0.7404535,-2.100835
RIPS,606.7158,-1.014662,0.7405422,-2.100856
RIPS,606.7244,-1.014834,0.7406145,-2.100852
RIPS,606.7318,-1.014916,0.740581,-2.100906
RIPS,606.7402,-1.015095,0.7405649,-2.100913
RIPS,606.7482,-1.015178,0.7404708,-2.101015
RIPS,606.7571,-1.015223,0.7404457,-2.101035
RIPS,606.765,-1.01525,0.7403429,-2.101089
RIPS,606.7742,-1.015252,0.74033,-2.101101
RIPS,606.7823,-1.015172,0.7402484,-2.101123
RIPS,606.7899,-1.015157,0.740361,-2.101094
RIPS,606.7981,-1.015216,0.7404137,-2.101148
RIPS,606.8076,-1.015229,0.74046,-2.101115
RIPS,606.8151,-1.015282,0.740501,-2.10113
RIPS,606.8237,-1.015387,0.740531,-2.101117
RIPS,606.832,-1.015448,0.7405549,-2.101163
RIPS,606.8403,-1.015411,0.7405514,-2.101175
RIPS,606.8492,-1.015425,0.7405286,-2.101207
RIPS,606.8568,-1.015421,0.740441,-2.101178
RIPS,606.8656,-1.015326,0.7403975,-2.101204
RIPS,606.8737,-1.015336,0.7403169,-2.101173
RIPS,606.8865,-1.015348,0.7402741,-2.101128
RIPS,606.8937,-1.015398,0.7403442,-2.101078
RIPS,606.8997,-1.015432,0.7403477,-2.10108
RIPS,606.9047,-1.015524,0.7403998,-2.100996
RIPS,606.9136,-1.015518,0.7404035,-2.100889
RIPS,606.9218,-1.015409,0.7403921,-2.100853
RIPS,606.9302,-1.015383,0.7404511,-2.100759
RIPS,606.9382,-1.015339,0.7404091,-2.100638
RIPS,606.9464,-1.01518,0.7404748,-2.100653
RIPS,606.9547,-1.015159,0.7404976,-2.100594
RIPS,606.9634,-1.015116,0.7405214,-2.100613
RIPS,606.9713,-1.015117,0.74049,-2.100601
RIPS,606.9802,-1.01518,0.740348,-2.100553
RIPS,606.9884,-1.015218,0.7403241,-2.100571
RIPS,606.9964,-1.015365,0.7403015,-2.10058
RIPS,607.0056,-1.015364,0.7403736,-2.100557
RIPS,607.0133,-1.015385,0.7404156,-2.100536
RIPS,607.0214,-1.015361,0.7405157,-2.100542
RIPS,607.0297,-1.015414,0.7406207,-2.10054
RIPS,607.0383,-1.015468,0.7407696,-2.100515
RIPS,607.0469,-1.015495,0.7408382,-2.100523
RIPS,607.0547,-1.015575,0.7409146,-2.100493
RIPS,607.0631,-1.015602,0.7409078,-2.100521
RIPS,607.0715,-1.015659,0.7409292,-2.100545
RIPS,607.0795,-1.015639,0.7408706,-2.100578
RIPS,607.0888,-1.01568,0.7408708,-2.100602
RIPS,607.0965,-1.015695,0.7408813,-2.100619
RIPS,607.1047,-1.015707,0.7409387,-2.100586
RIPS,607.1135,-1.015787,0.7410147,-2.100514
RIPS,607.1215,-1.015768,0.7410827,-2.100446
RIPS,607.1302,-1.015799,0.7411303,-2.10045
RIPS,607.1384,-1.015775,0.7411577,-2.100438
RIPS,607.1463,-1.015808,0.7411704,-2.100471
RIPS,607.1548,-1.01589,0.7412218,-2.100546
RIPS,607.1632,-1.015924,0.7411515,-2.100579
RIPS,607.1719,-1.015948,0.7411404,-2.10058
RIPS,607.1807,-1.016042,0.7411475,-2.100573
RIPS,607.1888,-1.016084,0.741185,-2.10054
RIPS,607.1974,-1.016094,0.7411436,-2.10054
RIPS,607.2063,-1.016163,0.741154,-2.100606
RIPS,607.2142,-1.016164,0.7411357,-2.100596
RIPS,607.2228,-1.016272,0.7412333,-2.100545
RIPS,607.231,-1.016377,0.7412689,-2.100573
RIPS,607.2396,-1.016333,0.7413298,-2.100636
RIPS,607.2484,-1.0164,0.7413509,-2.100643
RIPS,607.2565,-1.016339,0.741338,-2.100674
RIPS,607.2651,-1.016357,0.7413646,-2.100607
RIPS,607.2747,-1.016381,0.7413673,-2.100598
RIPS,607.2851,-1.016436,0.7413599,-2.100591
RIPS,607.2911,-1.016479,0.7414213,-2.100597
RIPS,607.2968,-1.016447,0.7413715,-2.100666
RIPS,607.3055,-1.016456,0.7413583,-2.10069
RIPS,607.3136,-1.016397,0.7414042,-2.100724
RIPS,607.3222,-1.016414,0.7413892,-2.100726
RIPS,607.3303,-1.016436,0.7414358,-2.100714
RIPS,607.3388,-1.016409,0.7414925,-2.100765
RIPS,607.3466,-1.016419,0.7414545,-2.100682
RIPS,607.3552,-1.016454,0.7414605,-2.100715
RIPS,607.3636,-1.016488,0.7414541,-2.100722
RIPS,607.3714,-1.016537,0.7414564,-2.100751
RIPS,607.3806,-1.016648,0.741434,-2.100758
RIPS,607.3884,-1.016746,0.7415138,-2.100815
RIPS,607.397,-1.016806,0.741482,-2.10086
RIPS,607.4061,-1.01679,0.7414291,-2.100837
RIPS,607.4135,-1.016822,0.7413901,-2.100872
RIPS,607.422,-1.016856,0.7414213,-2.100857
RIPS,607.4303,-1.016915,0.7414781,-2.100883
RIPS,607.4384,-1.017078,0.7416214,-2.100957
RIPS,607.4475,-1.017113,0.7416345,-2.100955
RIPS,607.455,-1.017139,0.7416468,-2.100952
RIPS,607.4639,-1.017181,0.7416481,-2.101016
RIPS,607.472,-1.017225,0.741658,-2.101031
RIPS,607.48,-1.017347,0.7417367,-2.101056
RIPS,607.4888,-1.017457,0.7417887,-2.101064
RIPS,607.4966,-1.017566,0.7417612,-2.101056
RIPS,607.5051,-1.017651,0.7418219,-2.101105
RIPS,607.5139,-1.01771,0.7418637,-2.101101
RIPS,607.522,-1.017725,0.7420083,-2.101122
RIPS,607.5303,-1.017823,0.7421842,-2.101109
RIPS,607.5383,-1.017932,0.7424015,-2.101065
RIPS,607.5468,-1.018011,0.742485,-2.101029
RIPS,607.5554,-1.018082,0.7424985,-2.101045
RIPS,607.5638,-1.018144,0.7424834,-2.101017
RIPS,607.5723,-1.018187,0.7424895,-2.10098
RIPS,607.5834,-1.018147,0.7425644,-2.100865
RIPS,607.593,-1.018164,0.7427562,-2.100716
RIPS,607.598,-1.018228,0.7430419,-2.100563
RIPS,607.6049,-1.018305,0.7432752,-2.100446
RIPS,607.6125,-1.018407,0.7435614,-2.100326
RIPS,607.6206,-1.01843,0.7437389,-2.100279
RIPS,607.6292,-1.018617,0.7437342,-2.100246
RIPS,607.6378,-1.018574,0.7436675,-2.100253
RIPS,607.6461,-1.018716,0.7436644,-2.100245
RIPS,607.6545,-1.018805,0.743731,-2.100193
RIPS,607.6634,-1.018857,0.7438129,-2.10019
RIPS,607.6719,-1.018922,0.7439596,-2.100066
RIPS,607.6795,-1.018993,0.7441797,-2.099911
RIPS,607.6882,-1.019091,0.7444224,-2.099777
RIPS,607.6963,-1.019323,0.7447087,-2.09963
RIPS,607.7044,-1.019464,0.7448605,-2.099515
RIPS,607.7131,-1.019564,0.7450038,-2.099394
RIPS,607.721,-1.019759,0.7450892,-2.099265
RIPS,607.7298,-1.019971,0.7452296,-2.099182
RIPS,607.7374,-1.02021,0.7454495,-2.099032
RIPS,607.746,-1.020361,0.7457548,-2.09886
RIPS,607.7545,-1.020498,0.7460477,-2.098626
RIPS,607.7625,-1.020705,0.7464253,-2.098488
RIPS,607.7709,-1.020823,0.7467691,-2.098295
RIPS,607.7795,-1.021008,0.747032,-2.098071
RIPS,607.7877,-1.021189,0.7471022,-2.098105
RIPS,607.796,-1.021428,0.7472605,-2.098162
RIPS,607.8054,-1.02171,0.7472556,-2.09826
RIPS,607.8127,-1.022004,0.7472838,-2.098357
RIPS,607.8209,-1.022385,0.7472487,-2.098583
RIPS,607.8294,-1.022802,0.7472196,-2.098929
RIPS,607.8376,-1.023255,0.7472293,-2.099287
RIPS,607.846,-1.023624,0.7472635,-2.099495
RIPS,607.8544,-1.023989,0.7473063,-2.099694
RIPS,607.8622,-1.024454,0.7471495,-2.099759
RIPS,607.8715,-1.024853,0.7470995,-2.100031
RIPS,607.8793,-1.025119,0.7470889,-2.100383
RIPS,607.8887,-1.025464,0.7470709,-2.100602
RIPS,607.8962,-1.026,0.7471264,-2.100791
RIPS,607.9046,-1.026362,0.7471035,-2.10094
RIPS,607.9137,-1.026739,0.7471029,-2.101005
RIPS,607.9224,-1.027102,0.7470753,-2.101147
RIPS,607.9304,-1.027622,0.7471954,-2.101225
RIPS,607.939,-1.028056,0.7473224,-2.101237
RIPS,607.9472,-1.028575,0.7475072,-2.101236
RIPS,607.9556,-1.029243,0.7474368,-2.101161
RIPS,607.9643,-1.029715,0.7474713,-2.101136
RIPS,607.9727,-1.030257,0.7475393,-2.101346
RIPS,607.9817,-1.030614,0.7474641,-2.101486
RIPS,607.9898,-1.030998,0.7473906,-2.101419
RIPS,607.9979,-1.031245,0.7473853,-2.101505
RIPS,608.0075,-1.031712,0.7473014,-2.101489
RIPS,608.0144,-1.03215,0.7473363,-2.10151
RIPS,608.0233,-1.032622,0.747454,-2.101512
RIPS,608.0313,-1.033061,0.7474607,-2.101455
RIPS,608.0399,-1.033492,0.7474159,-2.101547
RIPS,608.0489,-1.034012,0.7474886,-2.101445
RIPS,608.0568,-1.03451,0.7475817,-2.101269
RIPS,608.0648,-1.035017,0.7477299,-2.101062
RIPS,608.0731,-1.035574,0.7478573,-2.100914
RIPS,608.0811,-1.03602,0.7478265,-2.100837
RIPS,608.0901,-1.036414,0.7478819,-2.100686
RIPS,608.0978,-1.036706,0.7480776,-2.1005
RIPS,608.1067,-1.036916,0.7482168,-2.100374
RIPS,608.1154,-1.037203,0.7483552,-2.100292
RIPS,608.1232,-1.037516,0.7485573,-2.100201
RIPS,608.1317,-1.037837,0.7487895,-2.100068
RIPS,608.1397,-1.038239,0.7489955,-2.100002
RIPS,608.1479,-1.038653,0.7493206,-2.099783
RIPS,608.1565,-1.039269,0.7496805,-2.099752
RIPS,608.1646,-1.039831,0.749993,-2.099484
RIPS,608.1733,-1.040429,0.7505027,-2.099175
RIPS,608.1824,-1.040861,0.7509,-2.098748
RIPS,608.1895,-1.041307,0.7512649,-2.098119
RIPS,608.1981,-1.041801,0.7516108,-2.097658
RIPS,608.2074,-1.042209,0.7520037,-2.097353
RIPS,608.2145,-1.04268,0.7522926,-2.09691
RIPS,608.2233,-1.043091,0.7527303,-2.096531
RIPS,608.2311,-1.043517,0.7531258,-2.096281
RIPS,608.2395,-1.043731,0.7536431,-2.095653
RIPS,608.2489,-1.04412,0.7542867,-2.095042
RIPS,608.2561,-1.044328,0.7551447,-2.094015
RIPS,608.2646,-1.044545,0.7563139,-2.092193
RIPS,608.2733,-1.044836,0.7572117,-2.090816
RIPS,608.2813,-1.045325,0.7574722,-2.09064
RIPS,608.2902,-1.045836,0.7576845,-2.090489
RIPS,608.2979,-1.046372,0.7580238,-2.09034
RIPS,608.3063,-1.046945,0.7583499,-2.090199
RIPS,608.3154,-1.047437,0.7586747,-2.09004
RIPS,608.3232,-1.04792,0.7591014,-2.08997
RIPS,608.3317,-1.048409,0.7595361,-2.089753
RIPS,608.3394,-1.048989,0.7601452,-2.089011
RIPS,608.3481,-1.049471,0.7608122,-2.088413
RIPS,608.3563,-1.05024,0.7610171,-2.088392
RIPS,608.3646,-1.05081,0.7612053,-2.08843
RIPS,608.373,-1.051352,0.761395,-2.088589
RIPS,608.382,-1.051868,0.7615379,-2.088634
RIPS,608.3893,-1.052286,0.7616475,-2.088685
RIPS,608.3979,-1.052642,0.7617561,-2.088841
RIPS,608.4073,-1.052989,0.7618709,-2.088919
RIPS,608.4142,-1.05342,0.7620697,-2.088979
RIPS,608.4235,-1.053866,0.7623348,-2.089147
RIPS,608.4311,-1.054319,0.7625986,-2.089243
RIPS,608.4394,-1.054913,0.7628291,-2.08929
RIPS,608.4483,-1.055449,0.762961,-2.089319
RIPS,608.4561,-1.056031,0.7630566,-2.089226
RIPS,608.4646,-1.056601,0.7631342,-2.089264
RIPS,608.4728,-1.05706,0.7632118,-2.089292
RIPS,608.4808,-1.057504,0.763324,-2.089368
RIPS,608.4902,-1.057916,0.7634227,-2.0894
RIPS,608.4977,-1.058195,0.7635861,-2.08956
RIPS,608.5064,-1.058606,0.7637609,-2.089707
RIPS,608.5153,-1.058828,0.7638624,-2.089864
RIPS,608.524,-1.059169,0.7638935,-2.089942
RIPS,608.5311,-1.059541,0.7640368,-2.089992
RIPS,608.5394,-1.059946,0.7641868,-2.090103
RIPS,608.5477,-1.06038,0.7642407,-2.090132
RIPS,608.5565,-1.060747,0.7643631,-2.090168
RIPS,608.5645,-1.061172,0.764401,-2.090155
RIPS,608.5729,-1.061523,0.7643573,-2.090165
RIPS,608.5816,-1.061862,0.7644478,-2.090146
RIPS,608.5894,-1.062176,0.7643816,-2.089939
RIPS,608.5978,-1.062454,0.7644412,-2.089934
RIPS,608.6068,-1.062726,0.7645487,-2.089922
RIPS,608.6144,-1.062898,0.7646367,-2.090003
RIPS,608.6682,-1.063204,0.7647785,-2.090153
RIPS,608.6749,-1.063703,0.7652037,-2.090783
RIPS,608.6813,-1.063953,0.7652877,-2.09082
RIPS,608.6875,-1.065483,0.7659609,-2.090591
RIPS,608.6957,-1.065924,0.7659888,-2.090576
RIPS,608.7036,-1.066142,0.7660831,-2.090609
RIPS,608.7125,-1.06637,0.7660933,-2.090529
RIPS,608.7204,-1.066234,0.7659922,-2.090171
RIPS,608.7295,-1.066373,0.7660021,-2.09016
RIPS,608.7372,-1.066388,0.7660587,-2.089868
RIPS,608.7456,-1.066438,0.7661029,-2.089766
RIPS,608.7538,-1.066417,0.7662008,-2.089717
RIPS,608.7621,-1.066443,0.7663283,-2.089598
RIPS,608.7707,-1.066542,0.7664374,-2.089528
RIPS,608.7795,-1.066575,0.7664478,-2.089345
RIPS,608.7873,-1.066762,0.766471,-2.089315
RIPS,608.7957,-1.066954,0.7664645,-2.089193
RIPS,608.8051,-1.06724,0.7664811,-2.08927
RIPS,608.812,-1.067404,0.7665215,-2.089239
RIPS,608.8205,-1.067605,0.7666199,-2.089273
RIPS,608.829,-1.06777,0.7666769,-2.089259
RIPS,608.8372,-1.067903,0.7667973,-2.0891
RIPS,608.8461,-1.068045,0.7669023,-2.089051
RIPS,608.8538,-1.068179,0.7671145,-2.089232
RIPS,608.862,-1.068269,0.7672185,-2.08924
RIPS,608.8703,-1.068297,0.7673295,-2.089218
RIPS,608.8792,-1.068058,0.767298,-2.089018
RIPS,608.8879,-1.068018,0.7673469,-2.088989
RIPS,608.8969,-1.068259,0.7673715,-2.088973
RIPS,608.9041,-1.068198,0.7673416,-2.088902
RIPS,608.9127,-1.06826,0.7672797,-2.088833
RIPS,608.9207,-1.068289,0.7672569,-2.088617
RIPS,608.9291,-1.068278,0.7672802,-2.088578
RIPS,608.9375,-1.06805,0.7673898,-2.088276
RIPS,608.9457,-1.068045,0.7674996,-2.088176
RIPS,608.9536,-1.067852,0.7676466,-2.088049
RIPS,608.9622,-1.06786,0.7677453,-2.08797
RIPS,608.9709,-1.067753,0.767781,-2.087886
RIPS,608.9795,-1.067767,0.7677643,-2.087767
RIPS,608.9871,-1.067758,0.7677366,-2.087711
RIPS,608.9954,-1.067716,0.7676403,-2.087539
RIPS,609.0047,-1.067745,0.7675845,-2.087418
RIPS,609.0121,-1.067818,0.7676229,-2.087352
RIPS,609.0206,-1.067857,0.7677003,-2.087324
RIPS,609.0288,-1.067841,0.7677871,-2.087261
RIPS,609.0372,-1.067865,0.7678584,-2.087223
RIPS,609.046,-1.067915,0.7679783,-2.087261
RIPS,609.0538,-1.067858,0.7679898,-2.087192
RIPS,609.0624,-1.067862,0.768006,-2.08715
RIPS,609.0704,-1.067736,0.7679376,-2.086977
RIPS,609.0787,-1.067743,0.7678738,-2.086979
RIPS,609.0879,-1.067743,0.7679104,-2.086889
RIPS,609.0956,-1.067786,0.7678776,-2.086783
RIPS,609.1037,-1.067847,0.7679362,-2.086835
RIPS,609.1133,-1.067927,0.7680315,-2.086679
RIPS,609.1204,-1.067948,0.7680631,-2.086643
RIPS,609.1292,-1.06796,0.7680898,-2.086579
RIPS,609.1371,-1.067987,0.7681829,-2.086439
RIPS,609.1456,-1.06799,0.7681654,-2.086413
RIPS,609.1536,-1.067947,0.7681654,-2.086439
RIPS,609.1624,-1.067928,0.7681878,-2.086445
RIPS,609.1708,-1.067986,0.7681968,-2.086457
RIPS,609.1789,-1.067955,0.7681193,-2.086555
RIPS,609.1879,-1.067934,0.7681292,-2.086488
RIPS,609.198,-1.068098,0.7681178,-2.086658
RIPS,609.2095,-1.068125,0.7681342,-2.086594
RIPS,609.2167,-1.068096,0.7681774,-2.086651
RIPS,609.2228,-1.068104,0.7682066,-2.086596
RIPS,609.2305,-1.068066,0.7682131,-2.086623
RIPS,609.2395,-1.068055,0.7682472,-2.086588
RIPS,609.2471,-1.068043,0.768253,-2.086508
RIPS,609.2556,-1.068073,0.7682225,-2.086459
RIPS,609.2637,-1.068073,0.7682027,-2.086411
RIPS,609.2725,-1.06813,0.7682261,-2.086462
RIPS,609.2808,-1.068092,0.7682618,-2.086502
RIPS,609.2917,-1.068091,0.7682836,-2.086605
RIPS,609.3007,-1.068054,0.7683244,-2.086646
RIPS,609.3062,-1.068048,0.7683486,-2.086654
RIPS,609.3123,-1.068031,0.7683707,-2.086508
RIPS,609.3219,-1.068018,0.7683691,-2.086482
RIPS,609.3297,-1.067984,0.7683469,-2.08644
RIPS,609.3371,-1.068043,0.7683441,-2.086326
RIPS,609.3454,-1.068053,0.7682899,-2.086297
RIPS,609.3543,-1.068008,0.7682792,-2.086158
RIPS,609.3621,-1.068003,0.7681993,-2.086248
RIPS,609.3706,-1.068047,0.7682194,-2.08627
RIPS,609.3793,-1.068056,0.7681763,-2.08637
RIPS,609.3874,-1.068048,0.7682521,-2.086293
RIPS,609.3959,-1.068079,0.7683049,-2.086267
RIPS,609.4048,-1.068131,0.7683532,-2.086201
RIPS,609.4121,-1.068206,0.7683911,-2.086202
RIPS,609.4207,-1.068233,0.7684714,-2.086129
RIPS,609.4288,-1.068301,0.7685295,-2.086112
RIPS,609.4375,-1.068341,0.7686101,-2.086062
RIPS,609.4458,-1.068367,0.7685816,-2.086154
RIPS,609.4537,-1.068449,0.7685035,-2.086025
RIPS,609.4622,-1.068484,0.7683617,-2.086247
RIPS,609.4708,-1.068485,0.7682364,-2.08619
RIPS,609.479,-1.068391,0.7681383,-2.086215
RIPS,609.4874,-1.068311,0.7681038,-2.086207
RIPS,609.4959,-1.068136,0.7681072,-2.086258
RIPS,609.5039,-1.068052,0.7681053,-2.086319
RIPS,609.5127,-1.067901,0.7682303,-2.086682
RIPS,609.5208,-1.067876,0.7682686,-2.086797
RIPS,609.5292,-1.06778,0.7682689,-2.086875
RIPS,609.537,-1.067749,0.7682011,-2.086961
RIPS,609.5456,-1.067703,0.7681621,-2.086936
RIPS,609.5538,-1.067664,0.768083,-2.086607
RIPS,609.5622,-1.067616,0.7681167,-2.086473
RIPS,609.5708,-1.06754,0.7681432,-2.086399
RIPS,609.5791,-1.067417,0.7682132,-2.086399
RIPS,609.5876,-1.06736,0.7682502,-2.086317
RIPS,609.5964,-1.067586,0.7682633,-2.08629
RIPS,609.6056,-1.067544,0.7683648,-2.086178
RIPS,609.6132,-1.06749,0.7683858,-2.086085
RIPS,609.6215,-1.067456,0.7684379,-2.085961
RIPS,609.6298,-1.06734,0.7684761,-2.08596
RIPS,609.6388,-1.067365,0.7684312,-2.086018
RIPS,609.6475,-1.06738,0.7684447,-2.085946
RIPS,609.6555,-1.067351,0.7684072,-2.085965
RIPS,609.6638,-1.067449,0.76842,-2.086014
RIPS,609.6729,-1.067528,0.7684721,-2.085885
RIPS,609.6808,-1.067541,0.7685306,-2.085831
RIPS,609.6896,-1.06761,0.7685376,-2.085763
RIPS,609.6974,-1.067646,0.7685844,-2.085684
RIPS,609.7063,-1.067676,0.7686222,-2.08561
RIPS,609.7148,-1.067794,0.7686424,-2.085632
RIPS,609.7234,-1.067903,0.7686606,-2.085627
RIPS,609.731,-1.067903,0.7686357,-2.085611
RIPS,609.7396,-1.067997,0.7686133,-2.08571
RIPS,609.7475,-1.068041,0.7686105,-2.085653
RIPS,609.756,-1.068003,0.7685907,-2.085701
RIPS,609.7645,-1.068078,0.7686092,-2.085747
RIPS,609.7728,-1.068164,0.7686835,-2.085724
RIPS,609.7814,-1.068206,0.7687314,-2.085739
RIPS,609.7896,-1.068233,0.7689127,-2.085795
RIPS,609.7977,-1.068278,0.7690452,-2.085784
RIPS,609.8065,-1.068189,0.7690707,-2.085461
RIPS,609.814,-1.068231,0.7691931,-2.08548
RIPS,609.8225,-1.068258,0.7692025,-2.085567
RIPS,609.8307,-1.068166,0.7691539,-2.085438
RIPS,609.8393,-1.068169,0.7691106,-2.085401
RIPS,609.8484,-1.06814,0.7690229,-2.085403
RIPS,609.8557,-1.068107,0.7689312,-2.085295
RIPS,609.8643,-1.06813,0.7688935,-2.085262
RIPS,609.8725,-1.068189,0.7689139,-2.085195
RIPS,609.8811,-1.068175,0.7689315,-2.085136
RIPS,609.8896,-1.068263,0.7690085,-2.085178
RIPS,609.8983,-1.068282,0.769047,-2.085144
RIPS,609.9081,-1.068324,0.7691359,-2.085147
RIPS,609.9164,-1.068427,0.7691321,-2.085111
RIPS,609.9227,-1.068517,0.7691338,-2.085151
RIPS,609.9308,-1.068551,0.7690721,-2.085079
RIPS,609.939,-1.068535,0.7689238,-2.085058
RIPS,609.9478,-1.068473,0.7688926,-2.085129
RIPS,609.9562,-1.068421,0.7689018,-2.085052
RIPS,609.9642,-1.068358,0.7689018,-2.085015
RIPS,609.9728,-1.068252,0.7689545,-2.085183
RIPS,609.9815,-1.068218,0.7689992,-2.085165
RIPS,609.9896,-1.068137,0.7690957,-2.085277
RIPS,609.9975,-1.068077,0.7691311,-2.085224
RIPS,610.0068,-1.068035,0.769129,-2.085217
RIPS,610.0144,-1.067991,0.7691022,-2.085223
RIPS,610.0232,-1.067956,0.7690895,-2.085235
RIPS,610.0311,-1.067953,0.7690665,-2.085177
RIPS,610.0394,-1.067988,0.7690599,-2.085297
RIPS,610.0485,-1.067975,0.7690604,-2.085233
RIPS,610.0591,-1.067934,0.7691204,-2.085135
RIPS,610.0687,-1.067849,0.7691475,-2.085075
RIPS,610.0743,-1.067913,0.7693098,-2.085371
RIPS,610.0787,-1.067825,0.7693499,-2.08527
RIPS,610.0877,-1.067722,0.7694334,-2.085091
RIPS,610.0956,-1.067562,0.7694438,-2.084933
RIPS,610.1036,-1.067427,0.7694437,-2.084817
RIPS,610.1124,-1.067376,0.7693986,-2.084691
RIPS,610.1207,-1.067248,0.7694019,-2.084554
RIPS,610.1289,-1.067136,0.7694303,-2.084572
RIPS,610.1371,-1.0669,0.7694617,-2.084437
RIPS,610.1454,-1.06675,0.7695266,-2.084389
RIPS,610.1536,-1.066471,0.7695526,-2.084084
RIPS,610.162,-1.066314,0.769554,-2.08394
RIPS,610.1704,-1.066139,0.7695326,-2.08372
RIPS,610.1786,-1.065967,0.7695405,-2.083522
RIPS,610.1874,-1.065767,0.7696015,-2.083217
RIPS,610.1954,-1.065614,0.7696146,-2.083145
RIPS,610.2063,-1.065384,0.7696065,-2.083031
RIPS,610.2146,-1.065162,0.7696267,-2.082983
RIPS,610.2202,-1.064875,0.7696834,-2.083006
RIPS,610.2288,-1.064709,0.7696533,-2.082962
RIPS,610.2372,-1.064447,0.769707,-2.082922
RIPS,610.2454,-1.064179,0.7696677,-2.082893
RIPS,610.2536,-1.063897,0.7697073,-2.0828
RIPS,610.2623,-1.06368,0.7696902,-2.082729
RIPS,610.2704,-1.063432,0.7697129,-2.082602
RIPS,610.2788,-1.063267,0.7696985,-2.082479
RIPS,610.2874,-1.063141,0.7696406,-2.082332
RIPS,610.2952,-1.062962,0.7695493,-2.082253
RIPS,610.3038,-1.062677,0.7695165,-2.082134
RIPS,610.3124,-1.062393,0.7694876,-2.081957
RIPS,610.3201,-1.06208,0.7695516,-2.081733
RIPS,610.329,-1.061723,0.7696608,-2.081721
RIPS,610.337,-1.061396,0.7698128,-2.081519
RIPS,610.3456,-1.060997,0.7699606,-2.081474
RIPS,610.3539,-1.060713,0.7700346,-2.08127
RIPS,610.3622,-1.060388,0.7700776,-2.081078
RIPS,610.3705,-1.060188,0.7700865,-2.081003
RIPS,610.3795,-1.059896,0.7700356,-2.080853
RIPS,610.3874,-1.059702,0.769863,-2.080581
RIPS,610.3963,-1.059314,0.7696809,-2.080387
RIPS,610.4055,-1.058952,0.7694954,-2.080317
RIPS,610.4127,-1.058492,0.7692029,-2.079957
RIPS,610.4219,-1.058053,0.7690547,-2.079918
RIPS,610.4302,-1.057577,0.7691048,-2.080298
RIPS,610.4391,-1.057034,0.7690171,-2.080228
RIPS,610.4474,-1.056547,0.7688675,-2.080225
RIPS,610.4557,-1.055948,0.7686909,-2.080209
RIPS,610.4642,-1.055451,0.7684259,-2.080296
RIPS,610.4727,-1.054938,0.7681618,-2.080344
RIPS,610.4809,-1.054428,0.7679455,-2.080374
RIPS,610.4897,-1.053978,0.7675985,-2.080132
RIPS,610.4976,-1.053504,0.7675148,-2.08018
RIPS,610.5059,-1.052988,0.7674177,-2.080112
RIPS,610.5148,-1.052433,0.7673341,-2.080035
RIPS,610.523,-1.051975,0.7672551,-2.079906
RIPS,610.5312,-1.051405,0.767163,-2.079683
RIPS,610.5394,-1.050853,0.7669016,-2.079416
RIPS,610.5476,-1.050389,0.7668837,-2.079134
RIPS,610.556,-1.049697,0.7666392,-2.07878
RIPS,610.5643,-1.049017,0.7664265,-2.078529
RIPS,610.5728,-1.048199,0.7662182,-2.07832
RIPS,610.5814,-1.047306,0.7661374,-2.078037
RIPS,610.5892,-1.046478,0.7661179,-2.077834
RIPS,610.5978,-1.045692,0.7666968,-2.077488
RIPS,610.6068,-1.044997,0.7667711,-2.077082
RIPS,610.6143,-1.044303,0.7670205,-2.076742
RIPS,610.6227,-1.04363,0.7670665,-2.076403
RIPS,610.631,-1.043022,0.7667083,-2.075992
RIPS,610.6395,-1.042266,0.7659612,-2.075555
RIPS,610.6488,-1.041446,0.7655544,-2.075276
RIPS,610.656,-1.04062,0.7649798,-2.074905
RIPS,610.6644,-1.039819,0.7644993,-2.074481
RIPS,610.673,-1.03904,0.764338,-2.074134
RIPS,610.6808,-1.03828,0.7643382,-2.073778
RIPS,610.6898,-1.037553,0.7645592,-2.073593
RIPS,610.6975,-1.036879,0.7648455,-2.073406
RIPS,610.7057,-1.036305,0.7650322,-2.073427
RIPS,610.7145,-1.035724,0.7649348,-2.073467
RIPS,610.7234,-1.035024,0.7647139,-2.073647
RIPS,610.7311,-1.034592,0.7633202,-2.075619
RIPS,610.7393,-1.034029,0.7624027,-2.076693
RIPS,610.7473,-1.033533,0.7617136,-2.07736
RIPS,610.756,-1.032894,0.7611726,-2.077605
RIPS,610.7642,-1.03227,0.7607242,-2.07781
RIPS,610.7725,-1.031478,0.7602365,-2.077859
RIPS,610.7814,-1.030822,0.7598428,-2.078157
RIPS,610.7893,-1.030147,0.7592455,-2.078458
RIPS,610.7976,-1.029505,0.7586574,-2.078696
RIPS,610.807,-1.028853,0.7581763,-2.079032
RIPS,610.8143,-1.028225,0.7576393,-2.079414
RIPS,610.823,-1.028002,0.7564554,-2.081387
RIPS,610.8309,-1.028083,0.7549297,-2.084194
RIPS,610.8392,-1.02802,0.7540998,-2.086228
RIPS,610.848,-1.02784,0.7534545,-2.087497
RIPS,610.8558,-1.027518,0.7529446,-2.088442
RIPS,610.864,-1.027127,0.7523241,-2.089245
RIPS,610.8726,-1.026671,0.751725,-2.089842
RIPS,610.8811,-1.026152,0.7511323,-2.090396
RIPS,610.8895,-1.025595,0.7503415,-2.090911
RIPS,610.9012,-1.025036,0.7495028,-2.091501
RIPS,610.9074,-1.024513,0.7486024,-2.09223
RIPS,610.9147,-1.023935,0.7477813,-2.092917
RIPS,610.9229,-1.023545,0.7470922,-2.093684
RIPS,610.9309,-1.023142,0.746649,-2.094595
RIPS,610.9395,-1.022824,0.7463939,-2.09523
RIPS,610.9473,-1.022633,0.7462815,-2.095672
RIPS,610.956,-1.022448,0.7463315,-2.096053
RIPS,610.9642,-1.022219,0.7463603,-2.096381
RIPS,610.9726,-1.022179,0.746312,-2.096781
RIPS,610.9822,-1.022049,0.7461132,-2.097265
RIPS,610.9896,-1.021928,0.7457291,-2.097909
RIPS,610.9974,-1.021885,0.7451793,-2.098448
RIPS,611.0068,-1.02167,0.7445918,-2.099001
RIPS,611.0142,-1.021535,0.7437764,-2.0994
RIPS,611.0229,-1.021467,0.7431355,-2.099951
RIPS,611.0305,-1.021536,0.7426388,-2.100336
RIPS,611.0389,-1.021458,0.7422098,-2.100738
RIPS,611.0482,-1.02137,0.7419657,-2.100995
RIPS,611.0557,-1.021226,0.741882,-2.101284
RIPS,611.0643,-1.02098,0.7416801,-2.1015
RIPS,611.0724,-1.020788,0.7415759,-2.101725
RIPS,611.0806,-1.020564,0.7414079,-2.101968
RIPS,611.0894,-1.020341,0.7412729,-2.102116
RIPS,611.0976,-1.020125,0.7409981,-2.102225
RIPS,611.1058,-1.01994,0.7404526,-2.102409
RIPS,611.1144,-1.019834,0.7401313,-2.10258
RIPS,611.1231,-1.01978,0.7397379,-2.102801
RIPS,611.131,-1.01985,0.7395144,-2.10308
RIPS,611.1393,-1.019828,0.7393736,-2.103342
RIPS,611.1476,-1.019801,0.7393176,-2.103464
RIPS,611.156,-1.019767,0.7392417,-2.103549
RIPS,611.164,-1.01971,0.739237,-2.103606
RIPS,611.1725,-1.019401,0.7393705,-2.103519
RIPS,611.1814,-1.01922,0.7396219,-2.103461
RIPS,611.1893,-1.019078,0.7398127,-2.103399
RIPS,611.1976,-1.018868,0.7397327,-2.103291
RIPS,611.2071,-1.018779,0.7398078,-2.103306
RIPS,611.2144,-1.018718,0.7397143,-2.103365
RIPS,611.2228,-1.01862,0.7397199,-2.103449
RIPS,611.2305,-1.01865,0.7396855,-2.103574
RIPS,611.2392,-1.018666,0.7395552,-2.103711
RIPS,611.248,-1.018652,0.7394229,-2.103713
RIPS,611.2557,-1.018567,0.7392863,-2.103712
RIPS,611.2643,-1.018583,0.739265,-2.103626
RIPS,611.2732,-1.018536,0.7393069,-2.103649
RIPS,611.2807,-1.018552,0.7394463,-2.103597
RIPS,611.29,-1.018495,0.739527,-2.103581
RIPS,611.2974,-1.018436,0.7396801,-2.103582
RIPS,611.3059,-1.018208,0.7397504,-2.103642
RIPS,611.3142,-1.018146,0.7398213,-2.103612
RIPS,611.3231,-1.018035,0.7398816,-2.103716
RIPS,611.3309,-1.018031,0.739922,-2.103775
RIPS,611.3392,-1.018051,0.7399243,-2.103795
RIPS,611.3475,-1.018029,0.7398747,-2.103847
RIPS,611.3569,-1.018003,0.7398838,-2.103887
RIPS,611.3646,-1.018122,0.7398039,-2.103816
RIPS,611.3729,-1.018131,0.739802,-2.103938
RIPS,611.3813,-1.018175,0.7398397,-2.103925
RIPS,611.3889,-1.018146,0.739932,-2.103942
RIPS,611.3976,-1.018107,0.739949,-2.103935
RIPS,611.4064,-1.018062,0.7400355,-2.103907
RIPS,611.4139,-1.018046,0.7401274,-2.103981
RIPS,611.4225,-1.017947,0.7402308,-2.104038
RIPS,611.431,-1.017972,0.7401758,-2.104018
RIPS,611.4392,-1.017971,0.7401814,-2.104027
RIPS,611.4479,-1.017726,0.7401746,-2.104109
RIPS,611.4559,-1.017663,0.7401726,-2.104105
RIPS,611.4642,-1.017537,0.740274,-2.104057
RIPS,611.4724,-1.017476,0.7403818,-2.103981
RIPS,611.4808,-1.017408,0.7404696,-2.103924
RIPS,611.4897,-1.017411,0.7404503,-2.103688
RIPS,611.4974,-1.017337,0.7406604,-2.103582
RIPS,611.5056,-1.01744,0.7406762,-2.103433
RIPS,611.5143,-1.017407,0.7407516,-2.103365
RIPS,611.523,-1.017408,0.7407653,-2.103309
RIPS,611.5309,-1.017374,0.7406337,-2.103352
RIPS,611.5389,-1.017408,0.7406399,-2.103333
RIPS,611.5471,-1.017355,0.7406815,-2.103394
RIPS,611.556,-1.017332,0.7406605,-2.103375
RIPS,611.564,-1.017228,0.7407739,-2.103432
RIPS,611.5723,-1.017261,0.7408676,-2.103427
RIPS,611.5809,-1.017234,0.7408675,-2.103478
RIPS,611.5893,-1.017342,0.7410073,-2.103431
RIPS,611.5972,-1.017389,0.7409785,-2.103444
RIPS,611.6069,-1.017424,0.7408733,-2.103418
RIPS,611.614,-1.017532,0.7408813,-2.103477
RIPS,611.6223,-1.017581,0.740907,-2.103518
RIPS,611.631,-1.017567,0.7408282,-2.103566
RIPS,611.6391,-1.017563,0.7408199,-2.103546
RIPS,611.6485,-1.017644,0.7408154,-2.103496
RIPS,611.6556,-1.017655,0.7408401,-2.103422
RIPS,611.6644,-1.017653,0.7408311,-2.103415
RIPS,611.6722,-1.017604,0.7408919,-2.103424
RIPS,611.6804,-1.017597,0.7409118,-2.103427
RIPS,611.6896,-1.017477,0.7409698,-2.103483
RIPS,611.6973,-1.017455,0.7409305,-2.103472
RIPS,611.7059,-1.017409,0.7409723,-2.103488
RIPS,611.7145,-1.017358,0.7408379,-2.103412
RIPS,611.7228,-1.017396,0.7407627,-2.103333
RIPS,611.731,-1.017552,0.7408251,-2.103371
RIPS,611.7393,-1.017536,0.7408596,-2.103354
RIPS,611.7473,-1.017735,0.74085,-2.10329
RIPS,611.7562,-1.017686,0.7408126,-2.103235
RIPS,611.7641,-1.017661,0.7407489,-2.103229
RIPS,611.7725,-1.017646,0.7407367,-2.103195
RIPS,611.7811,-1.017548,0.7408154,-2.103243
RIPS,611.7892,-1.017671,0.7409093,-2.103271
RIPS,611.7972,-1.017719,0.7408857,-2.103282
RIPS,611.8064,-1.017779,0.7409021,-2.103286
RIPS,611.814,-1.017821,0.740936,-2.103289
RIPS,611.8223,-1.017844,0.7409528,-2.103271
RIPS,611.8307,-1.01777,0.7409638,-2.103318
RIPS,611.8391,-1.017748,0.740961,-2.103262
RIPS,611.8483,-1.017704,0.7409387,-2.103279
RIPS,611.8558,-1.017664,0.7409514,-2.103225
RIPS,611.8641,-1.017599,0.7409529,-2.103201
RIPS,611.8721,-1.017597,0.7409826,-2.103178
RIPS,611.8806,-1.017594,0.7409982,-2.103155
RIPS,611.8892,-1.017695,0.7410991,-2.103039
RIPS,611.8976,-1.017723,0.7411616,-2.10303
RIPS,611.906,-1.017798,0.7410784,-2.102943
RIPS,611.9149,-1.017843,0.7410541,-2.102943
RIPS,611.9225,-1.017741,0.7410533,-2.102968
RIPS,611.9309,-1.017762,0.7410789,-2.102945
RIPS,611.9393,-1.017689,0.741006,-2.102954
RIPS,611.9474,-1.017677,0.7410058,-2.102961
RIPS,611.9556,-1.017665,0.7410264,-2.102956
RIPS,611.9641,-1.017626,0.7411457,-2.102925
RIPS,611.9726,-1.017628,0.7412069,-2.102942
RIPS,611.9807,-1.017603,0.7411327,-2.102852
RIPS,611.9892,-1.017665,0.7410722,-2.102893
RIPS,611.9972,-1.017696,0.7410191,-2.102937
RIPS,612.0065,-1.017803,0.7408785,-2.102921
RIPS,612.0136,-1.017844,0.7408456,-2.102952
RIPS,612.0226,-1.017875,0.7409109,-2.103031
RIPS,612.0307,-1.017898,0.7408957,-2.102963
RIPS,612.0388,-1.017945,0.740903,-2.103012
RIPS,612.0474,-1.018056,0.7408836,-2.102972
RIPS,612.056,-1.018084,0.7408957,-2.103038
RIPS,612.0638,-1.018124,0.7409728,-2.103108
RIPS,612.0726,-1.018172,0.7409497,-2.103141
RIPS,612.0804,-1.018144,0.7410148,-2.103272
RIPS,612.0895,-1.018265,0.741072,-2.103278
RIPS,612.0972,-1.018289,0.7410781,-2.10329
RIPS,612.1063,-1.01833,0.7410738,-2.103325
RIPS,612.1144,-1.018394,0.7410441,-2.103386
RIPS,612.1227,-1.018591,0.7409577,-2.103348
RIPS,612.1309,-1.018618,0.7409297,-2.103332
RIPS,612.1389,-1.018696,0.7408724,-2.103336
RIPS,612.1473,-1.018758,0.7408658,-2.103338
RIPS,612.1558,-1.018791,0.7409208,-2.103285
RIPS,612.1642,-1.018641,0.7410233,-2.1033
RIPS,612.1722,-1.018666,0.7410698,-2.103298
RIPS,612.1807,-1.018642,0.7410414,-2.103283
RIPS,612.1888,-1.018681,0.740958,-2.103307
RIPS,612.1974,-1.0187,0.740927,-2.103306
RIPS,612.2068,-1.018644,0.7408448,-2.103394
RIPS,612.214,-1.018681,0.7408361,-2.103423
RIPS,612.2223,-1.01874,0.740844,-2.103427
RIPS,612.2311,-1.01872,0.7408516,-2.103422
RIPS,612.2391,-1.018677,0.7407768,-2.103302
RIPS,612.2478,-1.018667,0.7408795,-2.103305
RIPS,612.2556,-1.018634,0.7408919,-2.103249
RIPS,612.2642,-1.018927,0.7409698,-2.103184
RIPS,612.2726,-1.018986,0.7409347,-2.10328
RIPS,612.2805,-1.01901,0.7409109,-2.103306
RIPS,612.2893,-1.019022,0.7407976,-2.103372
RIPS,612.2971,-1.019115,0.7407878,-2.103483
RIPS,612.3055,-1.019166,0.7408,-2.103539
RIPS,612.3146,-1.019179,0.7408152,-2.103518
RIPS,612.3229,-1.019199,0.7408599,-2.103524
RIPS,612.3306,-1.019196,0.7409522,-2.10348
RIPS,612.339,-1.019268,0.7409514,-2.103478
RIPS,612.347,-1.019374,0.7409973,-2.103401
RIPS,612.3556,-1.019441,0.7410542,-2.103464
RIPS,612.3642,-1.019509,0.740983,-2.103467
RIPS,612.3723,-1.019556,0.7409453,-2.103511
RIPS,612.3812,-1.019593,0.7408171,-2.103571
RIPS,612.3887,-1.019671,0.7407613,-2.103595
RIPS,612.3976,-1.019732,0.7406902,-2.103635
RIPS,612.4062,-1.019773,0.7406613,-2.103648
RIPS,612.4136,-1.019788,0.7407218,-2.103616
RIPS,612.4221,-1.019717,0.7408449,-2.103645
RIPS,612.4307,-1.019727,0.7408751,-2.103644
RIPS,612.4391,-1.019726,0.7409763,-2.103613
RIPS,612.4473,-1.019706,0.7411222,-2.103625
RIPS,612.4555,-1.019756,0.7412171,-2.103615
RIPS,612.4642,-1.019865,0.7412595,-2.103585
RIPS,612.4725,-1.019913,0.741227,-2.103585
RIPS,612.4805,-1.01997,0.7411993,-2.103615
RIPS,612.4893,-1.02002,0.7409766,-2.103536
RIPS,612.4976,-1.020053,0.7409664,-2.103508
RIPS,612.5059,-1.020092,0.7409586,-2.103467
RIPS,612.514,-1.020068,0.7410662,-2.103335
RIPS,612.5231,-1.02004,0.7411901,-2.103262
RIPS,612.5305,-1.01999,0.7412969,-2.103129
RIPS,612.5394,-1.020026,0.7413889,-2.103087
RIPS,612.5494,-1.020032,0.7414407,-2.103027
RIPS,612.5586,-1.020089,0.741465,-2.103005
RIPS,612.5645,-1.020042,0.7415656,-2.102945
RIPS,612.5706,-1.020139,0.7416142,-2.102895
RIPS,612.5793,-1.020069,0.7416993,-2.102838
RIPS,612.5873,-1.020081,0.7418365,-2.102737
RIPS,612.5956,-1.02011,0.7420062,-2.102625
RIPS,612.6052,-1.020324,0.7421465,-2.10241
RIPS,612.6122,-1.02042,0.7423249,-2.102349
RIPS,612.6207,-1.020479,0.7424114,-2.102249
RIPS,612.6289,-1.020615,0.7424718,-2.102039
RIPS,612.6374,-1.020729,0.7425395,-2.101938
RIPS,612.6464,-1.020829,0.7426812,-2.101877
RIPS,612.6541,-1.020921,0.7428299,-2.101739
RIPS,612.6625,-1.02092,0.742982,-2.101615
RIPS,612.6707,-1.02099,0.7432285,-2.101457
RIPS,612.6789,-1.020984,0.7433614,-2.101341
RIPS,612.6877,-1.021111,0.7435567,-2.101198
RIPS,612.6961,-1.021249,0.7437783,-2.101054
RIPS,612.7059,-1.021435,0.7440618,-2.100983
RIPS,612.7164,-1.021616,0.7442865,-2.100937
RIPS,612.722,-1.021878,0.7443171,-2.100822
RIPS,612.729,-1.022051,0.7444499,-2.1007
RIPS,612.7368,-1.022213,0.7445955,-2.100576
RIPS,612.7452,-1.022455,0.7447837,-2.100494
RIPS,612.7535,-1.022806,0.7450667,-2.100387
RIPS,612.7619,-1.023033,0.7452766,-2.100219
RIPS,612.7702,-1.023284,0.7455388,-2.100098
RIPS,612.7787,-1.023538,0.7458109,-2.100001
RIPS,612.7871,-1.023776,0.7460394,-2.099937
RIPS,612.7952,-1.024021,0.746284,-2.099766
RIPS,612.8038,-1.024201,0.7465791,-2.099758
RIPS,612.8118,-1.024424,0.7467608,-2.099475
RIPS,612.8198,-1.024691,0.7470389,-2.099282
RIPS,612.8286,-1.024975,0.7472838,-2.098937
RIPS,612.8367,-1.025294,0.7477769,-2.098647
RIPS,612.8453,-1.025751,0.7481413,-2.09839
RIPS,612.8538,-1.026147,0.7485785,-2.098155
RIPS,612.8619,-1.026613,0.7490599,-2.097922
RIPS,612.8697,-1.027,0.7494635,-2.097739
RIPS,612.8784,-1.02735,0.7498715,-2.097683
RIPS,612.8872,-1.027691,0.7501159,-2.097511
RIPS,612.8956,-1.027996,0.7503219,-2.097353
RIPS,612.9042,-1.028031,0.7506415,-2.097181
RIPS,612.9125,-1.028124,0.7507459,-2.096956
RIPS,612.9203,-1.028343,0.7509837,-2.096834
RIPS,612.9286,-1.028665,0.751174,-2.096656
RIPS,612.9373,-1.028908,0.7511982,-2.096332
RIPS,612.9454,-1.029163,0.7513704,-2.096136
RIPS,612.9532,-1.029467,0.7513967,-2.096084
RIPS,612.962,-1.029931,0.7514946,-2.096001
RIPS,612.9698,-1.030351,0.7515506,-2.096045
RIPS,612.9787,-1.030793,0.7516694,-2.096065
RIPS,612.9871,-1.031201,0.7518451,-2.096204
RIPS,612.9955,-1.031633,0.7521672,-2.096107
RIPS,613.0048,-1.032111,0.7524029,-2.096274
RIPS,613.0125,-1.032687,0.7523617,-2.096428
RIPS,613.0211,-1.033089,0.752405,-2.096647
RIPS,613.0294,-1.033658,0.7521122,-2.096874
RIPS,613.0378,-1.034158,0.7516803,-2.097237
RIPS,613.0469,-1.034634,0.7511988,-2.097835
RIPS,613.0544,-1.035149,0.7506263,-2.098547
RIPS,613.0633,-1.035515,0.750117,-2.098945
RIPS,613.0714,-1.035975,0.7498645,-2.099545
RIPS,613.08,-1.036527,0.7496423,-2.099943
RIPS,613.0889,-1.037071,0.749682,-2.100281
RIPS,613.0967,-1.037535,0.7498336,-2.100524
RIPS,613.1057,-1.038116,0.7498907,-2.100709
RIPS,613.1146,-1.038617,0.7499233,-2.100841
RIPS,613.1224,-1.03911,0.7499079,-2.101037
RIPS,613.1307,-1.039573,0.7498516,-2.101058
RIPS,613.1385,-1.040054,0.7496341,-2.101141
RIPS,613.1469,-1.040554,0.7495707,-2.101179
RIPS,613.1555,-1.040975,0.7494718,-2.101157
RIPS,613.1636,-1.041505,0.7495312,-2.101037
RIPS,613.1724,-1.041912,0.7498003,-2.1009
RIPS,613.1805,-1.042436,0.7500201,-2.100736
RIPS,613.1887,-1.042924,0.7504224,-2.100496
RIPS,613.1971,-1.043399,0.7508851,-2.100197
RIPS,613.2064,-1.043872,0.7513022,-2.099841
RIPS,613.2137,-1.044368,0.7518727,-2.099387
RIPS,613.2219,-1.044834,0.7523874,-2.099027
RIPS,613.2302,-1.045275,0.7527292,-2.098567
RIPS,613.2391,-1.045658,0.753067,-2.098163
RIPS,613.2474,-1.045889,0.7534539,-2.097371
RIPS,613.2554,-1.046154,0.753885,-2.096691
RIPS,613.2637,-1.046308,0.7544568,-2.095832
RIPS,613.2722,-1.046377,0.7551237,-2.095035
RIPS,613.2804,-1.046646,0.7559271,-2.093836
RIPS,613.2891,-1.046945,0.7567698,-2.093138
RIPS,613.2968,-1.047316,0.7576849,-2.092093
RIPS,613.3059,-1.047837,0.7583929,-2.091609
RIPS,613.3141,-1.048415,0.7590836,-2.091293
RIPS,613.3218,-1.049008,0.7596583,-2.090956
RIPS,613.3303,-1.049528,0.7602257,-2.090598
RIPS,613.3386,-1.049833,0.7609536,-2.089729
RIPS,613.3467,-1.050012,0.7624553,-2.087316
RIPS,613.3556,-1.050486,0.7627309,-2.087125
RIPS,613.3636,-1.050871,0.7629334,-2.086726
RIPS,613.3724,-1.051293,0.7632177,-2.086162
RIPS,613.3807,-1.051766,0.7634781,-2.085886
RIPS,613.3886,-1.052206,0.763952,-2.085226
RIPS,613.3972,-1.052651,0.7645769,-2.084496
RIPS,613.4063,-1.053143,0.7649685,-2.084145
RIPS,613.4136,-1.053704,0.7650541,-2.084625
RIPS,613.4221,-1.054216,0.7651985,-2.084911
RIPS,613.4303,-1.054672,0.7652806,-2.085343
RIPS,613.4386,-1.055055,0.7656738,-2.085093
RIPS,613.4478,-1.055327,0.7662607,-2.084413
RIPS,613.4556,-1.055652,0.7666017,-2.084142
RIPS,613.4638,-1.056084,0.7667858,-2.084041
RIPS,613.4722,-1.056624,0.7669117,-2.084019
RIPS,613.4801,-1.057221,0.7671127,-2.083945
RIPS,613.4893,-1.057865,0.7673021,-2.083887
RIPS,613.4967,-1.058434,0.7675073,-2.083622
RIPS,613.5053,-1.059015,0.7677523,-2.083385
RIPS,613.514,-1.059485,0.7680721,-2.08309
RIPS,613.5223,-1.059997,0.7684391,-2.082831
RIPS,613.5305,-1.060449,0.7688596,-2.082598
RIPS,613.5385,-1.061058,0.769401,-2.082676
RIPS,613.5469,-1.061607,0.7697911,-2.08253
RIPS,613.5552,-1.062242,0.7702274,-2.082453
RIPS,613.5636,-1.062876,0.7705554,-2.082326
RIPS,613.5717,-1.063334,0.7706633,-2.082013
RIPS,613.5804,-1.063614,0.7708157,-2.081738
RIPS,613.5886,-1.063838,0.7707705,-2.081447
RIPS,613.5967,-1.063865,0.7707921,-2.081159
RIPS,613.606,-1.064077,0.7708147,-2.081343
RIPS,613.6139,-1.064177,0.770769,-2.081359
RIPS,613.6218,-1.064306,0.7706915,-2.081547
RIPS,613.6304,-1.064579,0.770753,-2.0817
RIPS,613.6382,-1.065006,0.7706298,-2.081817
RIPS,613.6478,-1.065597,0.7706476,-2.082051
RIPS,613.6554,-1.065982,0.7707523,-2.082392
RIPS,613.6636,-1.066521,0.7708544,-2.082566
RIPS,613.6718,-1.066917,0.7709967,-2.082661
RIPS,613.6799,-1.067415,0.771199,-2.082911
RIPS,613.6891,-1.067861,0.7712573,-2.082893
RIPS,613.6966,-1.06832,0.7713676,-2.082848
RIPS,613.7053,-1.06869,0.7714043,-2.082756
RIPS,613.7141,-1.069196,0.7714403,-2.082762
RIPS,613.7216,-1.06952,0.7714968,-2.082659
RIPS,613.7303,-1.069616,0.7715572,-2.082081
RIPS,613.7384,-1.069734,0.7716441,-2.082281
RIPS,613.7467,-1.070018,0.7717233,-2.082216
RIPS,613.7551,-1.070224,0.7719175,-2.082889
RIPS,613.7636,-1.07044,0.7720179,-2.083413
RIPS,613.7721,-1.070482,0.7720664,-2.083155
RIPS,613.7803,-1.070662,0.7720904,-2.083248
RIPS,613.7906,-1.070654,0.7720367,-2.08307
RIPS,613.7974,-1.070829,0.7719205,-2.083002
RIPS,613.806,-1.070937,0.7718477,-2.082892
RIPS,613.8135,-1.070937,0.771594,-2.082737
RIPS,613.8217,-1.071021,0.7715594,-2.08262
RIPS,613.83,-1.071075,0.7714952,-2.082718
RIPS,613.8387,-1.071115,0.7715054,-2.08279
RIPS,613.8473,-1.07128,0.7715254,-2.083112
RIPS,613.8552,-1.071354,0.7716354,-2.083024
RIPS,613.8635,-1.071487,0.7716966,-2.083197
RIPS,613.8716,-1.071594,0.7718572,-2.083045
RIPS,613.8799,-1.071656,0.7718884,-2.083061
RIPS,613.889,-1.071705,0.7718874,-2.082965
RIPS,613.8983,-1.071756,0.771792,-2.082999
RIPS,613.9053,-1.071777,0.7717326,-2.082691
RIPS,613.9146,-1.0718,0.7715536,-2.08268
RIPS,613.9241,-1.071801,0.7715563,-2.082662
RIPS,613.9344,-1.071808,0.7715884,-2.082779
RIPS,613.9434,-1.07183,0.7715979,-2.082655
RIPS,613.9532,-1.071844,0.7716331,-2.082696
RIPS,613.9613,-1.071889,0.7718661,-2.082423
RIPS,613.9695,-1.071876,0.772077,-2.082015
RIPS,613.978,-1.071965,0.7721501,-2.081894
RIPS,613.9866,-1.071951,0.7722535,-2.081676
RIPS,613.9947,-1.071919,0.7722715,-2.081733
RIPS,614.0031,-1.071818,0.772487,-2.081222
RIPS,614.0112,-1.071932,0.7723361,-2.081966
RIPS,614.0197,-1.071975,0.772329,-2.082163
RIPS,614.028,-1.071841,0.7722971,-2.082041
RIPS,614.0361,-1.071784,0.7722154,-2.082304
RIPS,614.0449,-1.071698,0.7721124,-2.082457
RIPS,614.0533,-1.071596,0.7722184,-2.082129
RIPS,614.0613,-1.071621,0.7721583,-2.081826
RIPS,614.0698,-1.071754,0.7720951,-2.082042
RIPS,614.0782,-1.071619,0.7720342,-2.082164
RIPS,614.0869,-1.071587,0.7718875,-2.082509
RIPS,614.0945,-1.071595,0.7717301,-2.082858
RIPS,614.103,-1.071583,0.7716526,-2.0835
RIPS,614.1114,-1.071623,0.7714922,-2.084059
RIPS,614.1196,-1.071577,0.7714436,-2.084159
RIPS,614.128,-1.07148,0.7714435,-2.08413
RIPS,614.1365,-1.071382,0.7714927,-2.083993
RIPS,614.1446,-1.071233,0.7715473,-2.083471
RIPS,614.1531,-1.071069,0.7718163,-2.082702
RIPS,614.1612,-1.071086,0.7718093,-2.082351
RIPS,614.1694,-1.07098,0.7718872,-2.082104
RIPS,614.1781,-1.070844,0.7718354,-2.08215
RIPS,614.186,-1.070803,0.7717948,-2.082239
RIPS,614.1946,-1.07079,0.7716098,-2.08268
RIPS,614.2041,-1.070659,0.7715785,-2.082982
RIPS,614.2115,-1.070616,0.7715499,-2.082986
RIPS,614.2195,-1.070544,0.771578,-2.082898
RIPS,614.2278,-1.070445,0.7716902,-2.08245
RIPS,614.2364,-1.070366,0.7718372,-2.081915
RIPS,614.2467,-1.070419,0.7718346,-2.081938
RIPS,614.2561,-1.070341,0.7720301,-2.081465
RIPS,614.2615,-1.070356,0.7720157,-2.081453
RIPS,614.2695,-1.070334,0.7719957,-2.081566
RIPS,614.2785,-1.070387,0.7718945,-2.0825
RIPS,614.2873,-1.070357,0.7718961,-2.082684
RIPS,614.2952,-1.070161,0.7718614,-2.082196
RIPS,614.3034,-1.070144,0.771885,-2.082248
RIPS,614.3124,-1.070138,0.7719054,-2.082262
RIPS,614.3201,-1.07003,0.7720281,-2.081839
RIPS,614.3287,-1.070017,0.7720842,-2.0817
RIPS,614.3367,-1.070108,0.772038,-2.081798
RIPS,614.345,-1.070076,0.7721045,-2.081675
RIPS,614.3535,-1.070274,0.7722557,-2.08147
RIPS,614.3618,-1.07023,0.7723116,-2.081357
RIPS,614.3702,-1.070244,0.77227,-2.0814
RIPS,614.379,-1.070352,0.7722185,-2.081766
RIPS,614.3871,-1.070383,0.7722167,-2.081808
RIPS,614.3949,-1.070188,0.772172,-2.081791
RIPS,614.4046,-1.070221,0.7721547,-2.081858
RIPS,614.4116,-1.07015,0.7721722,-2.081881
RIPS,614.4202,-1.07025,0.7721291,-2.082043
RIPS,614.4285,-1.070336,0.7721037,-2.082114
RIPS,614.4366,-1.070341,0.7722062,-2.081992
RIPS,614.4453,-1.070422,0.7722045,-2.081959
RIPS,614.4537,-1.070515,0.7721603,-2.082036
RIPS,614.462,-1.070578,0.7721648,-2.081861
RIPS,614.4701,-1.070676,0.772051,-2.082112
RIPS,614.4785,-1.070797,0.7720193,-2.081872
RIPS,614.4872,-1.070898,0.7720382,-2.081836
RIPS,614.4951,-1.070985,0.7720068,-2.081894
RIPS,614.5036,-1.071065,0.7720094,-2.081947
RIPS,614.5118,-1.071168,0.771979,-2.081972
RIPS,614.5201,-1.071283,0.7719728,-2.082255
RIPS,614.5289,-1.071381,0.7719269,-2.08236
RIPS,614.5372,-1.071478,0.7721023,-2.082379
RIPS,614.5454,-1.071594,0.7720895,-2.082481
RIPS,614.5546,-1.071705,0.7720889,-2.082634
RIPS,614.5624,-1.071815,0.7721134,-2.082756
RIPS,614.5709,-1.072159,0.7719652,-2.082788
RIPS,614.5796,-1.072267,0.7719581,-2.082876
RIPS,614.5878,-1.072348,0.7719889,-2.082909
RIPS,614.5964,-1.072521,0.7718651,-2.082911
RIPS,614.6054,-1.072582,0.771842,-2.082901
RIPS,614.6132,-1.0726,0.7719268,-2.082861
RIPS,614.6217,-1.072649,0.7718881,-2.082914
RIPS,614.6302,-1.07253,0.7719524,-2.083219
RIPS,614.6381,-1.072553,0.7719925,-2.083275
RIPS,614.6475,-1.072554,0.7720399,-2.083329
RIPS,614.6548,-1.072476,0.7721363,-2.083368
RIPS,614.6631,-1.072507,0.7721226,-2.083404
RIPS,614.6718,-1.072574,0.7719257,-2.083158
RIPS,614.6797,-1.0726,0.7719265,-2.083136
RIPS,614.6888,-1.072777,0.7718338,-2.082837
RIPS,614.697,-1.072688,0.7717583,-2.082787
RIPS,614.705,-1.072694,0.7717621,-2.082725
RIPS,614.7136,-1.072619,0.7718572,-2.082536
RIPS,614.7217,-1.07258,0.7718331,-2.082495
RIPS,614.7302,-1.072542,0.7719647,-2.082315
RIPS,614.7386,-1.072447,0.7719401,-2.082306
RIPS,614.7466,-1.072413,0.7719285,-2.082315
RIPS,614.755,-1.072246,0.7719496,-2.082428
RIPS,614.7632,-1.07223,0.7719679,-2.082382
RIPS,614.7719,-1.072073,0.7718796,-2.08252
RIPS,614.7806,-1.072028,0.7718868,-2.082518
RIPS,614.7883,-1.071973,0.7718524,-2.08244
RIPS,614.7968,-1.072127,0.7717802,-2.08242
RIPS,614.8061,-1.072077,0.7717817,-2.082417
RIPS,614.8138,-1.072155,0.7717963,-2.082074
RIPS,614.8218,-1.072147,0.7717777,-2.082091
RIPS,614.8302,-1.072099,0.7719051,-2.081968
RIPS,614.8384,-1.072089,0.7719085,-2.081963
RIPS,614.8472,-1.072038,0.7719303,-2.082036
RIPS,614.8588,-1.071996,0.7719455,-2.082006
RIPS,614.8677,-1.071964,0.7719195,-2.082051
RIPS,614.8733,-1.07182,0.7719724,-2.081944
RIPS,614.8779,-1.071768,0.7719676,-2.081934
RIPS,614.8868,-1.0717,0.7720087,-2.081909
RIPS,614.8949,-1.071688,0.771979,-2.081928
RIPS,614.9031,-1.071626,0.7720116,-2.081887
RIPS,614.9126,-1.071584,0.7720732,-2.081761
RIPS,614.9205,-1.071472,0.7720859,-2.081482
RIPS,614.928,-1.071405,0.772115,-2.081359
RIPS,614.936,-1.07129,0.7720976,-2.081243
RIPS,614.9443,-1.071203,0.7720919,-2.081138
RIPS,614.9531,-1.071005,0.7720895,-2.080632
RIPS,614.9613,-1.070906,0.7720566,-2.080588
RIPS,614.9692,-1.070781,0.7719925,-2.080497
RIPS,614.9782,-1.070652,0.7719731,-2.080715
RIPS,614.9863,-1.070574,0.7719523,-2.080861
RIPS,614.9944,-1.070469,0.7720118,-2.081033
RIPS,615.0034,-1.070371,0.7720642,-2.081024
RIPS,615.0109,-1.070297,0.7721722,-2.080834
RIPS,615.0193,-1.070101,0.7722204,-2.080463
RIPS,615.0276,-1.070016,0.7722521,-2.080238
RIPS,615.0359,-1.069986,0.7723191,-2.079546
RIPS,615.0468,-1.069865,0.7723296,-2.079381
RIPS,615.0527,-1.069654,0.7723573,-2.078999
RIPS,615.0614,-1.069527,0.7723021,-2.07908
RIPS,615.0696,-1.069268,0.7722537,-2.079378
RIPS,615.0776,-1.06908,0.7721746,-2.079515
RIPS,615.0865,-1.06884,0.7721492,-2.079723
RIPS,615.0947,-1.068645,0.7721323,-2.079971
RIPS,615.1025,-1.068486,0.7720738,-2.080048
RIPS,615.1114,-1.068335,0.7719792,-2.080094
RIPS,615.1196,-1.068189,0.7720047,-2.079969
RIPS,615.1279,-1.06805,0.7719821,-2.07988
RIPS,615.1362,-1.067859,0.7720278,-2.079413
RIPS,615.1443,-1.06766,0.7720786,-2.07917
RIPS,615.1527,-1.067439,0.7721194,-2.078572
RIPS,615.1613,-1.06715,0.7721049,-2.078391
RIPS,615.1693,-1.066915,0.7722908,-2.07831
RIPS,615.1793,-1.066632,0.7721879,-2.078881
RIPS,615.1865,-1.066266,0.7721413,-2.078812
RIPS,615.1956,-1.066008,0.7721823,-2.078922
RIPS,615.205,-1.065711,0.772061,-2.078722
RIPS,615.2124,-1.065444,0.7718968,-2.078868
RIPS,615.2205,-1.06516,0.7717866,-2.078825
RIPS,615.2291,-1.0649,0.7715058,-2.079031
RIPS,615.2381,-1.064604,0.7713919,-2.07864
RIPS,615.2463,-1.064267,0.7712868,-2.078629
RIPS,615.2548,-1.063878,0.7711337,-2.078516
RIPS,615.2632,-1.06357,0.7710937,-2.078587
RIPS,615.2724,-1.063202,0.7711219,-2.078333
RIPS,615.2799,-1.062807,0.77113,-2.078488
RIPS,615.2886,-1.062455,0.7711542,-2.078177
RIPS,615.2969,-1.06202,0.7711254,-2.078148
RIPS,615.3047,-1.061908,0.7710469,-2.078203
RIPS,615.3139,-1.061601,0.7709622,-2.078172
RIPS,615.3217,-1.061198,0.7708969,-2.077998
RIPS,615.3302,-1.06081,0.7706949,-2.078164
RIPS,615.3381,-1.060356,0.7706694,-2.078091
RIPS,615.3464,-1.060039,0.7705653,-2.07827
RIPS,615.3552,-1.059544,0.7704278,-2.078307
RIPS,615.363,-1.058882,0.7702605,-2.078369
RIPS,615.3719,-1.058373,0.770171,-2.078283
RIPS,615.3802,-1.057905,0.7699793,-2.078344
RIPS,615.3881,-1.057479,0.7698666,-2.078237
RIPS,615.3971,-1.057015,0.769726,-2.078297
RIPS,615.406,-1.056507,0.7695878,-2.078109
RIPS,615.413,-1.056134,0.7694028,-2.07794
RIPS,615.4217,-1.055676,0.7692454,-2.077784
RIPS,615.4299,-1.055161,0.7691141,-2.07765
RIPS,615.4382,-1.054469,0.7689209,-2.077502
RIPS,615.4474,-1.053857,0.7688326,-2.077467
RIPS,615.4548,-1.053211,0.7687166,-2.077626
RIPS,615.4632,-1.052598,0.7686856,-2.077559
RIPS,615.4717,-1.052036,0.7687486,-2.077431
RIPS,615.4804,-1.051571,0.7686997,-2.077274
RIPS,615.4887,-1.051159,0.7685605,-2.077014
RIPS,615.4968,-1.050779,0.7683862,-2.076751
RIPS,615.5049,-1.050275,0.7680097,-2.076299
RIPS,615.5136,-1.049607,0.7677739,-2.075978
RIPS,615.522,-1.048948,0.76746,-2.07576
RIPS,615.5303,-1.048261,0.7672504,-2.075646
RIPS,615.5383,-1.047726,0.7670661,-2.075608
RIPS,615.5463,-1.047009,0.7671652,-2.075548
RIPS,615.5554,-1.046363,0.7670653,-2.075461
RIPS,615.5632,-1.045602,0.7668844,-2.075282
RIPS,615.5716,-1.044879,0.7666301,-2.075112
RIPS,615.5802,-1.044183,0.7661583,-2.074968
RIPS,615.5881,-1.043397,0.7654681,-2.074895
RIPS,615.5964,-1.042663,0.7649859,-2.074917
RIPS,615.6059,-1.041939,0.7645858,-2.074926
RIPS,615.6133,-1.041291,0.7645664,-2.074779
RIPS,615.6218,-1.040701,0.765282,-2.074527
RIPS,615.6299,-1.040278,0.765658,-2.074331
RIPS,615.638,-1.039974,0.7659933,-2.073959
RIPS,615.6474,-1.039561,0.7659184,-2.073693
RIPS,615.655,-1.039226,0.7657065,-2.073348
RIPS,615.6631,-1.038665,0.765088,-2.073243
RIPS,615.6716,-1.038103,0.7642713,-2.073249
RIPS,615.6799,-1.037449,0.7634441,-2.073452
RIPS,615.6888,-1.036778,0.7628179,-2.073613
RIPS,615.6964,-1.036058,0.7624325,-2.073804
RIPS,615.705,-1.035368,0.7624717,-2.073689
RIPS,615.7134,-1.034546,0.7632623,-2.073411
RIPS,615.722,-1.033944,0.7637213,-2.073156
RIPS,615.7302,-1.033465,0.7633352,-2.074208
RIPS,615.7383,-1.032984,0.7629511,-2.075042
RIPS,615.7465,-1.032413,0.7623547,-2.075273
RIPS,615.7549,-1.031713,0.7615256,-2.075496
RIPS,615.7631,-1.03104,0.7603029,-2.075557
RIPS,615.7715,-1.030556,0.7593218,-2.07629
RIPS,615.7805,-1.030093,0.7584528,-2.077013
RIPS,615.7881,-1.029685,0.7578951,-2.077796
RIPS,615.7968,-1.029495,0.7577484,-2.078329
RIPS,615.806,-1.029252,0.7580182,-2.078788
RIPS,615.8134,-1.028969,0.7579463,-2.079049
RIPS,615.8217,-1.029013,0.7568195,-2.081203
RIPS,615.8297,-1.028763,0.7556771,-2.082903
RIPS,615.8381,-1.028552,0.7545973,-2.084026
RIPS,615.847,-1.028193,0.753542,-2.084846
RIPS,615.8547,-1.027769,0.7523544,-2.085886
RIPS,615.8637,-1.027365,0.7511322,-2.087052
RIPS,615.8713,-1.027182,0.7500737,-2.088372
RIPS,615.8799,-1.026919,0.7493798,-2.089546
RIPS,615.8887,-1.026825,0.7493004,-2.090633
RIPS,615.8976,-1.026496,0.7491139,-2.091053
RIPS,615.9048,-1.026202,0.7490175,-2.091567
RIPS,615.9146,-1.025875,0.7484366,-2.092007
RIPS,615.9216,-1.025579,0.7479506,-2.092554
RIPS,615.9299,-1.025258,0.747344,-2.093079
RIPS,615.9385,-1.024994,0.7463037,-2.093429
RIPS,615.9467,-1.024632,0.7455193,-2.09367
RIPS,615.9548,-1.024313,0.7447724,-2.094101
RIPS,615.9636,-1.024068,0.7440406,-2.094575
RIPS,615.9716,-1.023997,0.7434916,-2.094995
RIPS,615.9803,-1.02386,0.7431771,-2.095448
RIPS,615.9883,-1.023765,0.7430427,-2.095991
RIPS,615.9965,-1.023597,0.7429529,-2.096336
RIPS,616.0062,-1.023462,0.7429885,-2.09689
RIPS,616.0134,-1.023231,0.7425599,-2.097282
RIPS,616.0219,-1.023088,0.742065,-2.097747
RIPS,616.0299,-1.022812,0.7414575,-2.098181
RIPS,616.0381,-1.022692,0.7408497,-2.098703
RIPS,616.0469,-1.02257,0.7401303,-2.099254
RIPS,616.0547,-1.022296,0.7395641,-2.099874
RIPS,616.0629,-1.022173,0.7390379,-2.100429
RIPS,616.0717,-1.022112,0.7388527,-2.100815
RIPS,616.0798,-1.022028,0.7388389,-2.101166
RIPS,616.0891,-1.022058,0.7388704,-2.101381
RIPS,616.0964,-1.021991,0.7387903,-2.101646
RIPS,616.1047,-1.021922,0.7387021,-2.101844
RIPS,616.1135,-1.021832,0.7384196,-2.10202
RIPS,616.1218,-1.021829,0.738229,-2.102355
RIPS,616.1298,-1.021802,0.7380614,-2.102639
RIPS,616.138,-1.02167,0.7378021,-2.102901
RIPS,616.1467,-1.021578,0.7376201,-2.103135
RIPS,616.1552,-1.021257,0.7374102,-2.103386
RIPS,616.1635,-1.021108,0.7370537,-2.10354
RIPS,616.1713,-1.02101,0.7367961,-2.103647
RIPS,616.18,-1.02092,0.7364424,-2.103779
RIPS,616.188,-1.02103,0.7362042,-2.103866
RIPS,616.197,-1.02101,0.7361621,-2.103941
RIPS,616.2063,-1.021127,0.7361646,-2.104012
RIPS,616.2134,-1.021117,0.7361545,-2.104051
RIPS,616.2214,-1.021121,0.7362821,-2.104096
RIPS,616.2301,-1.02107,0.7362947,-2.104062
RIPS,616.2381,-1.020995,0.7363597,-2.104171
RIPS,616.2471,-1.021003,0.7363476,-2.104296
RIPS,616.2547,-1.020967,0.7363551,-2.104439
RIPS,616.263,-1.020983,0.736248,-2.104527
RIPS,616.2717,-1.020807,0.7361624,-2.104559
RIPS,616.2799,-1.020788,0.7361022,-2.10462
RIPS,616.2889,-1.020625,0.735863,-2.104672
RIPS,616.2964,-1.020553,0.7357458,-2.104739
RIPS,616.3049,-1.020497,0.7355985,-2.104741
RIPS,616.3134,-1.020363,0.7356289,-2.10468
RIPS,616.3217,-1.020175,0.7357686,-2.104559
RIPS,616.3301,-1.020056,0.7359649,-2.104402
RIPS,616.3383,-1.019882,0.7362006,-2.10424
RIPS,616.3464,-1.01978,0.7364947,-2.104072
RIPS,616.3551,-1.019697,0.7366589,-2.10401
RIPS,616.3632,-1.019737,0.7369098,-2.10408
RIPS,616.3718,-1.01967,0.7370101,-2.104087
RIPS,616.3805,-1.019706,0.7370013,-2.104155
RIPS,616.3881,-1.019714,0.7369422,-2.104242
RIPS,616.3968,-1.019732,0.7369628,-2.104238
RIPS,616.4064,-1.019654,0.7369654,-2.104134
RIPS,616.4136,-1.019574,0.7369655,-2.104009
RIPS,616.4215,-1.019479,0.7370428,-2.103868
RIPS,616.4299,-1.019418,0.7372181,-2.103681
RIPS,616.438,-1.019299,0.7374676,-2.103466
RIPS,616.4474,-1.019221,0.7378012,-2.103275
RIPS,616.4548,-1.019102,0.7381389,-2.10307
RIPS,616.463,-1.019018,0.7383313,-2.102904
RIPS,616.4714,-1.018932,0.7385031,-2.102657
RIPS,616.4797,-1.018922,0.7385916,-2.102503
RIPS,616.4889,-1.018855,0.7387049,-2.102379
RIPS,616.4963,-1.018911,0.7387053,-2.10236
RIPS,616.5049,-1.018868,0.7386041,-2.102385
RIPS,616.5136,-1.018847,0.7385572,-2.102325
RIPS,616.5217,-1.018814,0.7385812,-2.102264
RIPS,616.5302,-1.01877,0.7386312,-2.102119
RIPS,616.5382,-1.01874,0.7387869,-2.102027
RIPS,616.5465,-1.018835,0.7389619,-2.101819
RIPS,616.5546,-1.018802,0.7390394,-2.101735
RIPS,616.5638,-1.018762,0.7391699,-2.101679
RIPS,616.5715,-1.018731,0.7393082,-2.101615
RIPS,616.5803,-1.018752,0.7394347,-2.101677
RIPS,616.588,-1.018756,0.7393901,-2.101716
RIPS,616.5964,-1.018749,0.7394069,-2.101742
RIPS,616.6057,-1.018756,0.7393906,-2.101777
RIPS,616.6133,-1.018699,0.7395098,-2.101811
RIPS,616.6213,-1.018639,0.7395319,-2.101735
RIPS,616.6297,-1.018688,0.7395639,-2.101746
RIPS,616.6378,-1.018721,0.7395735,-2.101745
RIPS,616.6476,-1.018709,0.7397005,-2.101752
RIPS,616.6549,-1.018753,0.7397639,-2.10187
RIPS,616.6633,-1.01871,0.7397346,-2.1019
RIPS,616.6717,-1.01868,0.739698,-2.101935
RIPS,616.6797,-1.018717,0.7396974,-2.101983
RIPS,616.6884,-1.01872,0.7396629,-2.101973
RIPS,616.6964,-1.018759,0.7396591,-2.101996
RIPS,616.7044,-1.018794,0.7396325,-2.102051
RIPS,616.7134,-1.018851,0.7396967,-2.101979
RIPS,616.7224,-1.018896,0.7397016,-2.101982
RIPS,616.7298,-1.0189,0.739696,-2.102008
RIPS,616.7379,-1.018926,0.7396988,-2.102
RIPS,616.7463,-1.019032,0.7395808,-2.101954
RIPS,616.7549,-1.019036,0.7395182,-2.101975
RIPS,616.7631,-1.019041,0.7394679,-2.10197
RIPS,616.7714,-1.019042,0.7393838,-2.101933
RIPS,616.7799,-1.018989,0.7393458,-2.101884
RIPS,616.7881,-1.01886,0.7393995,-2.101889
RIPS,616.7965,-1.018792,0.7394463,-2.101902
RIPS,616.8058,-1.018651,0.7396503,-2.101991
RIPS,616.8131,-1.018609,0.7396848,-2.101967
RIPS,616.8214,-1.018649,0.7396615,-2.101957
RIPS,616.8295,-1.018734,0.739555,-2.101984
RIPS,616.8381,-1.018742,0.7394894,-2.102016
RIPS,616.8472,-1.018871,0.7393245,-2.102125
RIPS,616.8546,-1.018921,0.7393067,-2.10216
RIPS,616.8631,-1.018937,0.739252,-2.102211
RIPS,616.8715,-1.019015,0.7392402,-2.102153
RIPS,616.8798,-1.019027,0.7393292,-2.102117
RIPS,616.8884,-1.019013,0.7393972,-2.102178
RIPS,616.897,-1.019018,0.7394324,-2.102158
RIPS,616.9048,-1.018934,0.7395255,-2.102192
RIPS,616.9138,-1.018968,0.7395622,-2.102194
RIPS,616.923,-1.019006,0.7394792,-2.102258
RIPS,616.9301,-1.019013,0.7393955,-2.10231
RIPS,616.9377,-1.019019,0.7392592,-2.102382
RIPS,616.9462,-1.019106,0.7391667,-2.102431
RIPS,616.9545,-1.019121,0.7391023,-2.102475
RIPS,616.9633,-1.019133,0.7390966,-2.102469
RIPS,616.9712,-1.019201,0.7391002,-2.102511
RIPS,616.98,-1.019204,0.7392302,-2.102434
RIPS,616.9879,-1.019221,0.7393222,-2.102408
RIPS,616.9963,-1.019319,0.7394791,-2.10233
RIPS,617.0055,-1.019342,0.739595,-2.102314
RIPS,617.0128,-1.019339,0.7395664,-2.102315
RIPS,617.0217,-1.019346,0.7395291,-2.102333
RIPS,617.0302,-1.01937,0.7394666,-2.102414
RIPS,617.0382,-1.019383,0.7393544,-2.102437
RIPS,617.0466,-1.019626,0.7393715,-2.102437
RIPS,617.0547,-1.019632,0.7393906,-2.102392
RIPS,617.063,-1.019652,0.739419,-2.102374
RIPS,617.0712,-1.019681,0.7394447,-2.102345
RIPS,617.0799,-1.019634,0.7395459,-2.102231
RIPS,617.0883,-1.019625,0.7395988,-2.102212
RIPS,617.0963,-1.019607,0.7396882,-2.102143
RIPS,617.1048,-1.019685,0.7396851,-2.10208
RIPS,617.1137,-1.01967,0.7396968,-2.10205
RIPS,617.1216,-1.019707,0.7396243,-2.102109
RIPS,617.1296,-1.019625,0.7396154,-2.102249
RIPS,617.1377,-1.019663,0.7395594,-2.102311
RIPS,617.1465,-1.019755,0.7394918,-2.102332
RIPS,617.1547,-1.019782,0.7394567,-2.102349
RIPS,617.1631,-1.019809,0.7395061,-2.102334
RIPS,617.1711,-1.019815,0.7395498,-2.102264
RIPS,617.1798,-1.019822,0.7396732,-2.102217
RIPS,617.1879,-1.01967,0.7397755,-2.102255
RIPS,617.1966,-1.019673,0.7398221,-2.102248
RIPS,617.2057,-1.019763,0.7398062,-2.102273
RIPS,617.2133,-1.019772,0.7398003,-2.102313
RIPS,617.2213,-1.019802,0.7396988,-2.102344
RIPS,617.2296,-1.019903,0.7396545,-2.102417
RIPS,617.2378,-1.019964,0.7396026,-2.102456
RIPS,617.2465,-1.020095,0.7395188,-2.10243
RIPS,617.2546,-1.020103,0.7394924,-2.102412
RIPS,617.2629,-1.020127,0.7394909,-2.102426
RIPS,617.2714,-1.020058,0.7394729,-2.102381
RIPS,617.2795,-1.020091,0.7395409,-2.102371
RIPS,617.2883,-1.019995,0.739639,-2.102381
RIPS,617.2965,-1.020014,0.7396625,-2.102357
RIPS,617.3045,-1.020001,0.7397005,-2.102363
RIPS,617.3137,-1.019966,0.7396629,-2.102371
RIPS,617.3214,-1.01999,0.7396747,-2.102414
RIPS,617.3297,-1.019982,0.7395937,-2.102482
RIPS,617.3381,-1.019988,0.739571,-2.102499
RIPS,617.3463,-1.020001,0.739531,-2.102512
RIPS,617.355,-1.019983,0.7394854,-2.102561
RIPS,617.363,-1.020028,0.7394311,-2.102633
RIPS,617.3712,-1.019979,0.7394429,-2.102594
RIPS,617.38,-1.019934,0.7394593,-2.102514
RIPS,617.3882,-1.020061,0.7395524,-2.102401
RIPS,617.3964,-1.020063,0.7396301,-2.102355
RIPS,617.4061,-1.020201,0.7396386,-2.102272
RIPS,617.4128,-1.020199,0.7396889,-2.102245
RIPS,617.4214,-1.020203,0.7397816,-2.102278
RIPS,617.4296,-1.020274,0.7397634,-2.10224
RIPS,617.4379,-1.020297,0.7397541,-2.102285
RIPS,617.4466,-1.020316,0.7398147,-2.102343
RIPS,617.4545,-1.02035,0.7397554,-2.102345
RIPS,617.4629,-1.020212,0.739778,-2.102376
RIPS,617.4714,-1.020202,0.739874,-2.102282
RIPS,617.4793,-1.020179,0.7400312,-2.102206
RIPS,617.4886,-1.020184,0.7401674,-2.102216
RIPS,617.4966,-1.020161,0.7402683,-2.102174
RIPS,617.5044,-1.020267,0.7401826,-2.102104
RIPS,617.5132,-1.020289,0.7401258,-2.102142
RIPS,617.5211,-1.02033,0.7400767,-2.102183
RIPS,617.5297,-1.020365,0.7399868,-2.102235
RIPS,617.5379,-1.020404,0.7399433,-2.102273
RIPS,617.5461,-1.020444,0.7399991,-2.102214
RIPS,617.5548,-1.020466,0.7400715,-2.102189
RIPS,617.563,-1.020458,0.7402377,-2.102139
RIPS,617.571,-1.020463,0.7404035,-2.1021
RIPS,617.5801,-1.020483,0.740492,-2.102076
RIPS,617.5881,-1.020568,0.7404807,-2.102003
RIPS,617.596,-1.020599,0.7404673,-2.101982
RIPS,617.6053,-1.020657,0.7404872,-2.102041
RIPS,617.6127,-1.020638,0.7402744,-2.102122
RIPS,617.6215,-1.02074,0.7403823,-2.102129
RIPS,617.6296,-1.020792,0.7403749,-2.102104
RIPS,617.6377,-1.020826,0.740369,-2.102067
RIPS,617.6474,-1.020839,0.7403373,-2.102076
RIPS,617.6579,-1.020892,0.7403962,-2.102097
RIPS,617.667,-1.020893,0.7405173,-2.102047
RIPS,617.6725,-1.020907,0.7405037,-2.102037
RIPS,617.6774,-1.020956,0.740514,-2.102066
RIPS,617.6862,-1.021006,0.7404861,-2.102151
RIPS,617.6942,-1.021028,0.7404493,-2.102195
RIPS,617.7022,-1.021081,0.7403865,-2.102258
RIPS,617.7111,-1.02104,0.7402927,-2.102329
RIPS,617.7191,-1.021065,0.7403295,-2.10239
RIPS,617.7278,-1.021121,0.7403231,-2.102368
RIPS,617.7357,-1.021124,0.7403386,-2.102328
RIPS,617.7441,-1.02115,0.7404104,-2.102314
RIPS,617.752,-1.021231,0.7405457,-2.102233
RIPS,617.7608,-1.021214,0.7407805,-2.102189
RIPS,617.7689,-1.02123,0.7409476,-2.102118
RIPS,617.7774,-1.021227,0.7409203,-2.102012
RIPS,617.7862,-1.02127,0.7410068,-2.102014
RIPS,617.7942,-1.021288,0.7409503,-2.102036
RIPS,617.8026,-1.021397,0.740987,-2.102078
RIPS,617.814,-1.021401,0.740823,-2.102076
RIPS,617.8232,-1.021415,0.7407811,-2.102051
RIPS,617.8282,-1.021616,0.7408871,-2.10197
RIPS,617.8358,-1.02165,0.7409299,-2.101908
RIPS,617.8443,-1.021859,0.7410613,-2.101762
RIPS,617.8527,-1.021921,0.7411773,-2.101658
RIPS,617.8607,-1.022055,0.7413128,-2.101547
RIPS,617.8691,-1.022172,0.7414076,-2.101437
RIPS,617.8772,-1.022342,0.7415673,-2.101359
RIPS,617.8863,-1.022429,0.7416134,-2.101344
RIPS,617.8941,-1.022617,0.7415484,-2.10143
RIPS,617.9022,-1.022749,0.7415004,-2.101467
RIPS,617.9122,-1.022636,0.7413642,-2.10161
RIPS,617.9198,-1.022748,0.7412153,-2.101622
RIPS,617.9296,-1.022823,0.7412801,-2.101712
RIPS,617.9359,-1.023002,0.7413158,-2.101719
RIPS,617.9443,-1.023157,0.7414171,-2.101687
RIPS,617.9521,-1.02328,0.7415738,-2.101611
RIPS,617.9608,-1.023542,0.7417626,-2.101614
RIPS,617.969,-1.023857,0.7418952,-2.101569
RIPS,617.9778,-1.024044,0.7419931,-2.101549
RIPS,617.9857,-1.024311,0.7420157,-2.101519
RIPS,617.9941,-1.024518,0.7420511,-2.101524
RIPS,618.0021,-1.024752,0.7420022,-2.101599
RIPS,618.0107,-1.024909,0.7419977,-2.101674
RIPS,618.0188,-1.025162,0.7420265,-2.101815
RIPS,618.0276,-1.025341,0.742098,-2.101976
RIPS,618.0353,-1.025544,0.7420188,-2.102067
RIPS,618.0443,-1.025807,0.7419929,-2.102162
RIPS,618.0524,-1.025992,0.7420322,-2.102153
RIPS,618.0607,-1.02624,0.7420911,-2.102214
RIPS,618.0691,-1.026387,0.742209,-2.102277
RIPS,618.0774,-1.02665,0.7423639,-2.102333
RIPS,618.0862,-1.026915,0.74251,-2.102327
RIPS,618.0942,-1.027142,0.7425623,-2.102404
RIPS,618.1022,-1.027403,0.7426493,-2.102492
RIPS,618.1113,-1.027764,0.742758,-2.102605
RIPS,618.1224,-1.028054,0.7427306,-2.102656
RIPS,618.1326,-1.028374,0.7427025,-2.10265
RIPS,618.1379,-1.028701,0.7426504,-2.102697
RIPS,618.144,-1.028982,0.7426867,-2.102766
RIPS,618.152,-1.029238,0.7427254,-2.102743
RIPS,618.1606,-1.029499,0.7427688,-2.102706
RIPS,618.1693,-1.029702,0.7428556,-2.102755
RIPS,618.1776,-1.029987,0.7429996,-2.102743
RIPS,618.1859,-1.030352,0.7429947,-2.102695
RIPS,618.1939,-1.030596,0.7430843,-2.102638
RIPS,618.2028,-1.03096,0.7431534,-2.102608
RIPS,618.2106,-1.031331,0.7432126,-2.102661
RIPS,618.2188,-1.031647,0.7433111,-2.102619
RIPS,618.2272,-1.03201,0.7435012,-2.102621
RIPS,618.2355,-1.032338,0.7435593,-2.102607
RIPS,618.2442,-1.032825,0.7437276,-2.102509
RIPS,618.2524,-1.033169,0.7438336,-2.102425
RIPS,618.2607,-1.033547,0.7439525,-2.102329
RIPS,618.2688,-1.033994,0.7440895,-2.102244
RIPS,618.2773,-1.03437,0.7442525,-2.102104
RIPS,618.2862,-1.03465,0.74446,-2.102101
RIPS,618.2939,-1.035003,0.74468,-2.102022
RIPS,618.3022,-1.035286,0.744893,-2.10197
RIPS,618.3107,-1.035614,0.7450552,-2.101951
RIPS,618.3192,-1.035973,0.7452658,-2.101888
RIPS,618.3278,-1.036325,0.7453809,-2.101775
RIPS,618.3356,-1.036706,0.7455117,-2.101781
RIPS,618.3439,-1.037116,0.7455899,-2.101681
RIPS,618.3519,-1.037529,0.7457212,-2.10168
RIPS,618.3607,-1.037949,0.7458554,-2.10173
RIPS,618.3689,-1.038375,0.7460313,-2.101717
RIPS,618.3779,-1.038779,0.7462534,-2.101665
RIPS,618.3855,-1.039068,0.7464173,-2.101707
RIPS,618.394,-1.039474,0.7465981,-2.101741
RIPS,618.4023,-1.039904,0.7468103,-2.101699
RIPS,618.4108,-1.040394,0.7470871,-2.101762
RIPS,618.4186,-1.040797,0.7472873,-2.101758
RIPS,618.4276,-1.041128,0.7475224,-2.101835
RIPS,618.4376,-1.041489,0.7476888,-2.101826
RIPS,618.4476,-1.041873,0.7478744,-2.101794
RIPS,618.4533,-1.042325,0.7480715,-2.101672
RIPS,618.4604,-1.042846,0.7482396,-2.10147
RIPS,618.4691,-1.043355,0.7484425,-2.101519
RIPS,618.4771,-1.043782,0.748744,-2.101395
RIPS,618.4864,-1.044261,0.7489434,-2.101391
RIPS,618.4942,-1.044658,0.749266,-2.10147
RIPS,618.502,-1.045085,0.7495758,-2.101398
RIPS,618.5109,-1.045531,0.7498778,-2.101384
RIPS,618.519,-1.045923,0.7502081,-2.101361
RIPS,618.5275,-1.046372,0.7505301,-2.101248
RIPS,618.5358,-1.04682,0.7508446,-2.100954
RIPS,618.5439,-1.047313,0.7511696,-2.100618
RIPS,618.5521,-1.04769,0.751481,-2.100276
RIPS,618.5606,-1.048081,0.7517787,-2.100077
RIPS,618.5689,-1.048471,0.7521179,-2.099797
RIPS,618.5778,-1.048833,0.752425,-2.099665
RIPS,618.5858,-1.049219,0.7527153,-2.099644
RIPS,618.5938,-1.049628,0.7529883,-2.099623
RIPS,618.6021,-1.050188,0.7531899,-2.099448
RIPS,618.6109,-1.050607,0.7534862,-2.09926
RIPS,618.619,-1.051098,0.7537504,-2.099259
RIPS,618.6275,-1.051571,0.7539071,-2.099199
RIPS,618.6356,-1.05194,0.7541124,-2.098973
RIPS,618.645,-1.052229,0.7543479,-2.09883
RIPS,618.6522,-1.052565,0.7545278,-2.098664
RIPS,618.6606,-1.052809,0.7546889,-2.098636
RIPS,618.6689,-1.053122,0.7548091,-2.098656
RIPS,618.6774,-1.053453,0.7549925,-2.098646
RIPS,618.6862,-1.053777,0.7552774,-2.098539
RIPS,618.694,-1.054115,0.7554497,-2.098601
RIPS,618.7042,-1.054439,0.7556022,-2.09865
RIPS,618.7118,-1.054783,0.7556826,-2.098759
RIPS,618.7191,-1.055175,0.75586,-2.098692
RIPS,618.7281,-1.055506,0.7558872,-2.098742
RIPS,618.7379,-1.055774,0.7560571,-2.0986
RIPS,618.747,-1.056109,0.7560945,-2.098581
RIPS,618.7524,-1.056342,0.7562986,-2.098446
RIPS,618.7614,-1.056628,0.7563818,-2.098452
RIPS,618.7695,-1.056845,0.7565859,-2.098346
RIPS,618.7783,-1.057121,0.7566782,-2.098429
RIPS,618.7864,-1.057316,0.756972,-2.09818
RIPS,618.7948,-1.057628,0.7569669,-2.098466
RIPS,618.8036,-1.057828,0.7569667,-2.098713
RIPS,618.8121,-1.058064,0.7569635,-2.098911
RIPS,618.8198,-1.058286,0.7571477,-2.098631
RIPS,618.8278,-1.058513,0.7571048,-2.098836
RIPS,618.8363,-1.058769,0.7572598,-2.099059
RIPS,618.8456,-1.059058,0.7571563,-2.099288
RIPS,618.853,-1.05936,0.7572909,-2.099314
RIPS,618.8615,-1.059576,0.7574973,-2.099099
RIPS,618.8699,-1.059865,0.7576644,-2.099019
RIPS,618.8782,-1.060185,0.75789,-2.098717
RIPS,618.8871,-1.060442,0.7582103,-2.098417
RIPS,618.8951,-1.060645,0.7585086,-2.097959
RIPS,618.903,-1.061079,0.7588515,-2.097813
RIPS,618.9122,-1.061291,0.7594261,-2.097169
RIPS,618.9199,-1.061466,0.7601719,-2.095802
RIPS,618.9285,-1.061588,0.7614344,-2.094106
RIPS,618.9363,-1.06181,0.7618785,-2.093629
RIPS,618.9447,-1.062054,0.7618907,-2.093477
RIPS,618.9534,-1.062374,0.7619401,-2.093468
RIPS,618.9613,-1.06255,0.7620381,-2.093597
RIPS,618.9697,-1.062884,0.7620459,-2.093577
RIPS,618.9788,-1.063122,0.7621427,-2.093654
RIPS,618.9862,-1.063362,0.7621616,-2.093759
RIPS,618.9947,-1.06362,0.7622092,-2.09386
RIPS,619.0043,-1.063869,0.7622617,-2.094062
RIPS,619.0115,-1.064044,0.7622946,-2.094006
RIPS,619.0198,-1.064355,0.7622805,-2.094191
RIPS,619.0286,-1.064573,0.7623183,-2.094266
RIPS,619.0386,-1.064748,0.7623619,-2.094266
RIPS,619.0488,-1.064917,0.7624291,-2.094255
RIPS,619.054,-1.064951,0.7624678,-2.093918
RIPS,619.0604,-1.065142,0.7625983,-2.093789
RIPS,619.0688,-1.065194,0.762718,-2.09339
RIPS,619.0776,-1.065332,0.7628817,-2.0932
RIPS,619.0869,-1.065576,0.7628949,-2.093571
RIPS,619.0943,-1.065776,0.7629266,-2.093799
RIPS,619.1023,-1.066042,0.7629572,-2.093727
RIPS,619.1108,-1.066202,0.7629699,-2.093833
RIPS,619.119,-1.066253,0.7630377,-2.093746
RIPS,619.1281,-1.066455,0.7630872,-2.09365
RIPS,619.1357,-1.066635,0.7631995,-2.093534
RIPS,619.1444,-1.066661,0.7638775,-2.092362
RIPS,619.1522,-1.066855,0.7638736,-2.092442
RIPS,619.1609,-1.066997,0.7638925,-2.092486
RIPS,619.1695,-1.067061,0.7638695,-2.092308
RIPS,619.1779,-1.067274,0.7641033,-2.092237
RIPS,619.1861,-1.067431,0.7641546,-2.092278
RIPS,619.1962,-1.067502,0.7643243,-2.092235
RIPS,619.2066,-1.067626,0.7638815,-2.092999
RIPS,619.2126,-1.067706,0.7638164,-2.093224
RIPS,619.2185,-1.067737,0.7639115,-2.093026
RIPS,619.2269,-1.067824,0.7640379,-2.09282
RIPS,619.235,-1.067911,0.7642873,-2.092403
RIPS,619.2441,-1.068034,0.7642696,-2.09244
RIPS,619.2521,-1.068194,0.7643349,-2.092385
RIPS,619.2603,-1.068271,0.7644174,-2.092397
RIPS,619.2683,-1.068402,0.7645138,-2.092323
RIPS,619.2769,-1.068537,0.7645919,-2.092188
RIPS,619.2861,-1.068618,0.7646834,-2.092161
RIPS,619.2935,-1.068694,0.7647707,-2.09212
RIPS,619.302,-1.068702,0.7648535,-2.092087
RIPS,619.3105,-1.068755,0.7648206,-2.092173
RIPS,619.3187,-1.0688,0.7648664,-2.092157
RIPS,619.3274,-1.068831,0.764833,-2.09211
RIPS,619.3354,-1.068911,0.76489,-2.092066
RIPS,619.3436,-1.068958,0.7648817,-2.091853
RIPS,619.352,-1.069033,0.7650002,-2.091756
RIPS,619.3601,-1.069101,0.7650236,-2.091525
RIPS,619.3688,-1.069183,0.7651505,-2.091269
RIPS,619.3771,-1.069253,0.7652065,-2.091129
RIPS,619.3851,-1.069365,0.765214,-2.091059
RIPS,619.3937,-1.06948,0.7653016,-2.090932
RIPS,619.402,-1.069546,0.7654006,-2.090923
RIPS,619.4103,-1.069701,0.765467,-2.090906
RIPS,619.4186,-1.069791,0.7655041,-2.090862
RIPS,619.4269,-1.070132,0.7654355,-2.091001
RIPS,619.4351,-1.070271,0.7654049,-2.090969
RIPS,619.4443,-1.070422,0.765521,-2.090998
RIPS,619.4521,-1.070595,0.7654647,-2.090995
RIPS,619.4603,-1.070641,0.7655277,-2.091147
RIPS,619.4686,-1.070836,0.7656246,-2.09111
RIPS,619.4771,-1.070981,0.7656956,-2.091153
RIPS,619.4863,-1.07122,0.7658537,-2.091354
RIPS,619.4951,-1.071346,0.7659551,-2.091407
RIPS,619.505,-1.071468,0.7655311,-2.092134
RIPS,619.5144,-1.07154,0.765374,-2.092382
RIPS,619.52,-1.071572,0.7654858,-2.092325
RIPS,619.5275,-1.071634,0.7654796,-2.09228
RIPS,619.5356,-1.071663,0.7656745,-2.091983
RIPS,619.544,-1.071774,0.7659168,-2.091758
RIPS,619.5522,-1.071829,0.7657565,-2.092088
RIPS,619.5606,-1.072085,0.7655314,-2.092647
RIPS,619.5689,-1.072145,0.7655564,-2.092719
RIPS,619.5775,-1.072389,0.7655371,-2.092792
RIPS,619.5856,-1.072462,0.765615,-2.092742
RIPS,619.5938,-1.072537,0.7656798,-2.092689
RIPS,619.6022,-1.072664,0.765767,-2.092672
RIPS,619.6108,-1.072748,0.7657357,-2.092704
RIPS,619.6188,-1.072621,0.7658981,-2.092511
RIPS,619.6273,-1.072654,0.7660433,-2.092216
RIPS,619.6354,-1.072659,0.7661247,-2.092154
RIPS,619.6443,-1.072673,0.7663538,-2.091815
RIPS,619.6529,-1.072927,0.7661213,-2.092336
RIPS,619.6608,-1.072937,0.7661078,-2.092291
RIPS,619.669,-1.072952,0.7661216,-2.092285
RIPS,619.6771,-1.073011,0.7662047,-2.092147
RIPS,619.6862,-1.073033,0.7660257,-2.092437
RIPS,619.6938,-1.073045,0.7660206,-2.09241
RIPS,619.702,-1.072885,0.7664027,-2.09165
RIPS,619.7108,-1.072875,0.7663815,-2.091643
RIPS,619.7193,-1.072712,0.766317,-2.091397
RIPS,619.7277,-1.072701,0.7663107,-2.091331
RIPS,619.7355,-1.072652,0.7663277,-2.091313
RIPS,619.744,-1.072533,0.7663648,-2.091271
RIPS,619.7524,-1.072512,0.7664117,-2.091315
RIPS,619.7605,-1.072458,0.7664754,-2.091355
RIPS,619.769,-1.072432,0.7664893,-2.091377
RIPS,619.7777,-1.072669,0.7665514,-2.091692
RIPS,619.7858,-1.072645,0.7665097,-2.09176
RIPS,619.7943,-1.072598,0.7664492,-2.09177
RIPS,619.8032,-1.072557,0.7663267,-2.091822
RIPS,619.8113,-1.072458,0.7662866,-2.091817
RIPS,619.8196,-1.072256,0.7663072,-2.09168
RIPS,619.8279,-1.072127,0.7663612,-2.091613
RIPS,619.8365,-1.072127,0.7664764,-2.091652
RIPS,619.8457,-1.07204,0.7664905,-2.09163
RIPS,619.8534,-1.071941,0.7664822,-2.091628
RIPS,619.8616,-1.071796,0.7663796,-2.09154
RIPS,619.8704,-1.071721,0.7662871,-2.091575
RIPS,619.8786,-1.071615,0.7661592,-2.091473
RIPS,619.8877,-1.071529,0.7661074,-2.091493
RIPS,619.8958,-1.07145,0.7661501,-2.091399
RIPS,619.9039,-1.07147,0.7662595,-2.09146
RIPS,619.9128,-1.071389,0.766304,-2.091446
RIPS,619.9208,-1.071327,0.7662523,-2.091352
RIPS,619.9301,-1.071229,0.7662867,-2.091255
RIPS,619.9373,-1.071244,0.7664132,-2.091627
RIPS,619.9457,-1.071138,0.7663839,-2.091594
RIPS,619.9555,-1.071067,0.7663579,-2.091579
RIPS,619.9659,-1.070978,0.7663244,-2.091563
RIPS,619.9755,-1.070902,0.7663346,-2.091591
RIPS,619.9854,-1.070543,0.7662306,-2.091334
RIPS,619.9935,-1.070235,0.7662032,-2.091394
RIPS,620.0018,-1.070336,0.7663431,-2.091609
RIPS,620.0103,-1.070156,0.7662565,-2.091586
RIPS,620.0185,-1.070034,0.7662249,-2.091524
RIPS,620.0269,-1.069877,0.7661757,-2.09147
RIPS,620.035,-1.069747,0.766135,-2.091449
RIPS,620.0438,-1.069829,0.7662572,-2.091561
RIPS,620.0519,-1.069804,0.766297,-2.091558
RIPS,620.0602,-1.069932,0.7663984,-2.091567
RIPS,620.0684,-1.069874,0.7663941,-2.091613
RIPS,620.0768,-1.070019,0.7662221,-2.092135
RIPS,620.0862,-1.069872,0.7661886,-2.092121
RIPS,620.0935,-1.069673,0.7664686,-2.091517
RIPS,620.1015,-1.069679,0.7665484,-2.091746
RIPS,620.1108,-1.069492,0.7664786,-2.091676
RIPS,620.1183,-1.068948,0.7663186,-2.09132
RIPS,620.1272,-1.068793,0.7663642,-2.091198
RIPS,620.1351,-1.06862,0.7663945,-2.091168
RIPS,620.1433,-1.068237,0.7663814,-2.09093
RIPS,620.1519,-1.068053,0.7664347,-2.090843
RIPS,620.1603,-1.06798,0.7665702,-2.091031
RIPS,620.1685,-1.067786,0.7665991,-2.090988
RIPS,620.1771,-1.067459,0.7664798,-2.090709
RIPS,620.185,-1.067235,0.7664236,-2.090704
RIPS,620.1935,-1.067165,0.766488,-2.090862
RIPS,620.2025,-1.066911,0.7664417,-2.090835
RIPS,620.2103,-1.066608,0.7663338,-2.090774
RIPS,620.2184,-1.066147,0.7661219,-2.090445
RIPS,620.2267,-1.06587,0.7661208,-2.090365
RIPS,620.2349,-1.065799,0.7661947,-2.090389
RIPS,620.2439,-1.065518,0.7662081,-2.09032
RIPS,620.2517,-1.065246,0.7662729,-2.090244
RIPS,620.2602,-1.065535,0.7663059,-2.091099
RIPS,620.2687,-1.065255,0.7662308,-2.091179
RIPS,620.2767,-1.064525,0.7663613,-2.089968
RIPS,620.2858,-1.064211,0.7663121,-2.08984
RIPS,620.2938,-1.063564,0.7660993,-2.089475
RIPS,620.3021,-1.063207,0.7660481,-2.089363
RIPS,620.3105,-1.062653,0.7659439,-2.089186
RIPS,620.3194,-1.062172,0.7657999,-2.089
RIPS,620.328,-1.061721,0.7656977,-2.088872
RIPS,620.3363,-1.061209,0.7656306,-2.088731
RIPS,620.3445,-1.060754,0.7656235,-2.088622
RIPS,620.3533,-1.060166,0.7654511,-2.088415
RIPS,620.3615,-1.059709,0.7654193,-2.088281
RIPS,620.3699,-1.059272,0.7654701,-2.088121
RIPS,620.3788,-1.058902,0.7655753,-2.087989
RIPS,620.3873,-1.05842,0.7656736,-2.08774
RIPS,620.3958,-1.057862,0.7656707,-2.08734
RIPS,620.4052,-1.056491,0.765061,-2.08627
RIPS,620.4122,-1.055908,0.765027,-2.085984
RIPS,620.4211,-1.055379,0.7648488,-2.085617
RIPS,620.429,-1.054763,0.764748,-2.085279
RIPS,620.4371,-1.054158,0.7646795,-2.084923
RIPS,620.4463,-1.053588,0.7645694,-2.084706
RIPS,620.4541,-1.053004,0.7644059,-2.084359
RIPS,620.4625,-1.052393,0.7643667,-2.084166
RIPS,620.4706,-1.051689,0.7642938,-2.083886
RIPS,620.4791,-1.050968,0.7642734,-2.083591
RIPS,620.4879,-1.050238,0.7643658,-2.083296
RIPS,620.4957,-1.049681,0.7646049,-2.083024
RIPS,620.5045,-1.049144,0.7649076,-2.082987
RIPS,620.5125,-1.048688,0.7648464,-2.082777
RIPS,620.5206,-1.048041,0.7647564,-2.082544
RIPS,620.5293,-1.047241,0.7642221,-2.082148
RIPS,620.5375,-1.046522,0.7638842,-2.081941
RIPS,620.5454,-1.045714,0.7635079,-2.081683
RIPS,620.5538,-1.044776,0.7631356,-2.081445
RIPS,620.5621,-1.044001,0.7629229,-2.081182
RIPS,620.5704,-1.043045,0.762857,-2.08093
RIPS,620.5797,-1.042238,0.7628189,-2.080652
RIPS,620.5873,-1.041363,0.762763,-2.080275
RIPS,620.5955,-1.040583,0.7626679,-2.080006
RIPS,620.6052,-1.039695,0.7624565,-2.079647
RIPS,620.6124,-1.038732,0.7622163,-2.079324
RIPS,620.6208,-1.037848,0.7619303,-2.079087
RIPS,620.6288,-1.037113,0.7613738,-2.079609
RIPS,620.6371,-1.036449,0.7604951,-2.080739
RIPS,620.6467,-1.035804,0.7598671,-2.0815
RIPS,620.6544,-1.035174,0.7593969,-2.082011
RIPS,620.6623,-1.034457,0.7589903,-2.082225
RIPS,620.6707,-1.033871,0.7586389,-2.08245
RIPS,620.6788,-1.03327,0.7581953,-2.082628
RIPS,620.6877,-1.032709,0.7576424,-2.082691
RIPS,620.6957,-1.032157,0.7570439,-2.083022
RIPS,620.704,-1.03155,0.7564346,-2.08324
RIPS,620.7132,-1.031249,0.7551392,-2.084692
RIPS,620.7205,-1.031287,0.7532369,-2.08762
RIPS,620.7291,-1.031075,0.7520456,-2.089339
RIPS,620.7372,-1.030837,0.7511891,-2.090583
RIPS,620.7455,-1.030625,0.750558,-2.09165
RIPS,620.7543,-1.030413,0.7501283,-2.092623
RIPS,620.7623,-1.030137,0.7497504,-2.093322
RIPS,620.7706,-1.029906,0.7494327,-2.093904
RIPS,620.7792,-1.029599,0.7490754,-2.094303
RIPS,620.7875,-1.029321,0.7484887,-2.094605
RIPS,620.7955,-1.028988,0.7479343,-2.094841
RIPS,620.8054,-1.028718,0.7473966,-2.095153
RIPS,620.8123,-1.028387,0.7465769,-2.09568
RIPS,620.8203,-1.028098,0.7458653,-2.096329
RIPS,620.8289,-1.027684,0.7452556,-2.097048
RIPS,620.8373,-1.027375,0.7448069,-2.097554
RIPS,620.8458,-1.026993,0.7446143,-2.09784
RIPS,620.8542,-1.026797,0.7447351,-2.097989
RIPS,620.8622,-1.026663,0.7449512,-2.098274
RIPS,620.8706,-1.026475,0.7450866,-2.09852
RIPS,620.8786,-1.026291,0.7450915,-2.098794
RIPS,620.8879,-1.026111,0.7446929,-2.099139
RIPS,620.8959,-1.025928,0.744373,-2.099512
RIPS,620.9038,-1.025724,0.7438378,-2.099926
RIPS,620.9127,-1.025484,0.7432267,-2.100274
RIPS,620.9206,-1.025239,0.7427287,-2.10063
RIPS,620.9291,-1.025044,0.7424501,-2.100987
RIPS,620.9371,-1.024776,0.7424312,-2.101276
RIPS,620.946,-1.024478,0.7425004,-2.101425
RIPS,620.9544,-1.02416,0.7426581,-2.101561
RIPS,620.968,-1.023791,0.7428113,-2.10172
RIPS,620.9802,-1.023406,0.7430122,-2.102033
RIPS,620.987,-1.022932,0.7428046,-2.102238
RIPS,620.9958,-1.022768,0.7424012,-2.102485
RIPS,621.0051,-1.022552,0.7418918,-2.102702
RIPS,621.0124,-1.022395,0.7413461,-2.102904
RIPS,621.0206,-1.022197,0.741089,-2.103067
RIPS,621.0292,-1.021883,0.7409532,-2.103129
RIPS,621.0373,-1.021634,0.7410998,-2.103156
RIPS,621.0466,-1.021363,0.7413372,-2.10307
RIPS,621.0544,-1.021126,0.7416083,-2.102963
RIPS,621.0626,-1.020961,0.7418244,-2.102926
RIPS,621.0703,-1.020815,0.741865,-2.102929
RIPS,621.0789,-1.020766,0.7418314,-2.103031
RIPS,621.0878,-1.020695,0.7415133,-2.103202
RIPS,621.0957,-1.020579,0.7411404,-2.103196
RIPS,621.1037,-1.020396,0.7408271,-2.103245
RIPS,621.1132,-1.020239,0.7404838,-2.103253
RIPS,621.1204,-1.020112,0.7403021,-2.103276
RIPS,621.1294,-1.019972,0.7402017,-2.10326
RIPS,621.1369,-1.019889,0.7403592,-2.103144
RIPS,621.1456,-1.019772,0.7404924,-2.103042
RIPS,621.1538,-1.019732,0.7406903,-2.102954
RIPS,621.1626,-1.01965,0.7408598,-2.10286
RIPS,621.1703,-1.019579,0.7409607,-2.102812
RIPS,621.1793,-1.019366,0.740983,-2.102817
RIPS,621.1871,-1.019261,0.7408535,-2.102833
RIPS,621.1957,-1.019119,0.7404872,-2.102905
RIPS,621.2054,-1.019083,0.740226,-2.103011
RIPS,621.2126,-1.019049,0.7401594,-2.103081
RIPS,621.2203,-1.01897,0.7401375,-2.102986
RIPS,621.2286,-1.018914,0.7402201,-2.10292
RIPS,621.2372,-1.018949,0.740528,-2.102872
RIPS,621.2459,-1.018893,0.74072,-2.102817
RIPS,621.2551,-1.018839,0.7408211,-2.102814
RIPS,621.2622,-1.018818,0.7410403,-2.102808
RIPS,621.2707,-1.018822,0.7411172,-2.102929
RIPS,621.2789,-1.018747,0.7408819,-2.103003
RIPS,621.2879,-1.018824,0.7405949,-2.103251
RIPS,621.2955,-1.019007,0.740418,-2.103414
RIPS,621.3041,-1.019096,0.7400499,-2.103617
RIPS,621.3127,-1.019165,0.7399921,-2.103819
RIPS,621.3207,-1.019321,0.7399735,-2.103876
RIPS,621.3293,-1.019316,0.7400066,-2.103843
RIPS,621.3373,-1.019205,0.7401314,-2.103821
RIPS,621.3455,-1.019157,0.7402588,-2.103736
RIPS,621.3541,-1.01914,0.7404959,-2.103734
RIPS,621.3624,-1.019098,0.7406732,-2.103689
RIPS,621.3707,-1.019084,0.7407536,-2.103709
RIPS,621.3794,-1.01905,0.7407789,-2.103722
RIPS,621.3874,-1.019023,0.740675,-2.103749
RIPS,621.3958,-1.018925,0.7404226,-2.103719
RIPS,621.4045,-1.018956,0.7401497,-2.103823
RIPS,621.4122,-1.018977,0.7400286,-2.103689
RIPS,621.4207,-1.018937,0.7399957,-2.103606
RIPS,621.4288,-1.018921,0.7399979,-2.103415
RIPS,621.4372,-1.018833,0.7400874,-2.103245
RIPS,621.4467,-1.018728,0.7402142,-2.10306
RIPS,621.4537,-1.018592,0.7403668,-2.102973
RIPS,621.4623,-1.018495,0.7404741,-2.102836
RIPS,621.4704,-1.018417,0.7405044,-2.102787
RIPS,621.4785,-1.018352,0.7405328,-2.102809
RIPS,621.4884,-1.018359,0.7405016,-2.102848
RIPS,621.4958,-1.018334,0.7403663,-2.102918
RIPS,621.5036,-1.01835,0.740268,-2.103002
RIPS,621.5131,-1.018359,0.7402033,-2.103021
RIPS,621.5207,-1.018349,0.740158,-2.103028
RIPS,621.5289,-1.018449,0.7402171,-2.102989
RIPS,621.5372,-1.018441,0.7402344,-2.102967
RIPS,621.5455,-1.018454,0.7402975,-2.102958
RIPS,621.554,-1.018487,0.7404269,-2.102994
RIPS,621.5622,-1.018528,0.7405277,-2.10302
RIPS,621.5704,-1.018502,0.7406473,-2.102998
RIPS,621.5793,-1.018549,0.7407563,-2.103016
RIPS,621.5871,-1.018553,0.7407209,-2.103022
RIPS,621.5958,-1.018431,0.7405779,-2.103163
RIPS,621.6048,-1.018473,0.7404606,-2.103199
RIPS,621.6121,-1.01854,0.740383,-2.10323
RIPS,621.6202,-1.018589,0.7403451,-2.103236
RIPS,621.6287,-1.018636,0.7404512,-2.103239
RIPS,621.6369,-1.018676,0.7404979,-2.103232
RIPS,621.6462,-1.018713,0.7405393,-2.103221
RIPS,621.6536,-1.018728,0.7406173,-2.103239
RIPS,621.662,-1.018737,0.7406378,-2.103225
RIPS,621.671,-1.018747,0.7406273,-2.103218
RIPS,621.6788,-1.018891,0.7405456,-2.103171
RIPS,621.6874,-1.018955,0.7404619,-2.103276
RIPS,621.6957,-1.019008,0.7403216,-2.103303
RIPS,621.7039,-1.019044,0.7402728,-2.103406
RIPS,621.7126,-1.019061,0.7402028,-2.103509
RIPS,621.7202,-1.019131,0.7401246,-2.103558
RIPS,621.7291,-1.019178,0.7400561,-2.103671
RIPS,621.7369,-1.019338,0.7400272,-2.103683
RIPS,621.7455,-1.019436,0.7400551,-2.103765
RIPS,621.7537,-1.01939,0.7399492,-2.103854
RIPS,621.762,-1.019427,0.7399586,-2.103887
RIPS,621.7704,-1.019426,0.7399588,-2.10387
RIPS,621.779,-1.019439,0.7400262,-2.1038
RIPS,621.7873,-1.019393,0.7400396,-2.103714
RIPS,621.7955,-1.019354,0.7401142,-2.103613
RIPS,621.805,-1.019296,0.7402094,-2.103502
RIPS,621.8118,-1.019235,0.7402773,-2.103449
RIPS,621.8204,-1.019173,0.7404037,-2.103268
RIPS,621.8291,-1.019115,0.7403855,-2.103232
RIPS,621.837,-1.019067,0.7402776,-2.103172
RIPS,621.846,-1.019073,0.7401529,-2.103133
RIPS,621.8535,-1.019131,0.7401446,-2.103048
RIPS,621.8619,-1.019114,0.7401928,-2.102965
RIPS,621.8705,-1.019106,0.7402344,-2.102911
RIPS,621.8787,-1.019177,0.740329,-2.102795
RIPS,621.8875,-1.019111,0.7404993,-2.102693
RIPS,621.8957,-1.019084,0.740714,-2.102602
RIPS,621.9036,-1.019026,0.7407941,-2.102525
RIPS,621.913,-1.019,0.7408483,-2.10249
RIPS,621.92,-1.018912,0.7407945,-2.102587
RIPS,621.929,-1.019024,0.7408436,-2.102626
RIPS,621.9371,-1.019104,0.740841,-2.102683
RIPS,621.9454,-1.019181,0.7407454,-2.102776
RIPS,621.9536,-1.019345,0.7407538,-2.102705
RIPS,621.9628,-1.019411,0.7408605,-2.10271
RIPS,621.9704,-1.019457,0.7410033,-2.102693
RIPS,621.9816,-1.019397,0.7410087,-2.102692
RIPS,621.9874,-1.019463,0.7410364,-2.102736
RIPS,621.9957,-1.019513,0.7410916,-2.102753
RIPS,622.0045,-1.019588,0.7411446,-2.10282
RIPS,622.0118,-1.019626,0.7411326,-2.102906
RIPS,622.0206,-1.01969,0.7411205,-2.102949
RIPS,622.0288,-1.019753,0.7410353,-2.103011
RIPS,622.0374,-1.01966,0.7410637,-2.103076
RIPS,622.0459,-1.01965,0.7409988,-2.103002
RIPS,622.0538,-1.01966,0.741075,-2.102945
RIPS,622.062,-1.019639,0.7410953,-2.102886
RIPS,622.0703,-1.01955,0.7410293,-2.102799
RIPS,622.0786,-1.019533,0.7410948,-2.102741
RIPS,622.0881,-1.019528,0.7411543,-2.102693
RIPS,622.0953,-1.019511,0.7411441,-2.102674
RIPS,622.1035,-1.01949,0.7410514,-2.102632
RIPS,622.1126,-1.019569,0.7409662,-2.102548
RIPS,622.1201,-1.019798,0.7412744,-2.102521
RIPS,622.129,-1.019778,0.7413447,-2.10249
RIPS,622.1375,-1.019747,0.7413754,-2.102463
RIPS,622.1453,-1.019743,0.7414346,-2.102415
RIPS,622.1535,-1.019743,0.7415172,-2.102334
RIPS,622.1622,-1.019745,0.7415588,-2.102362
RIPS,622.1702,-1.019755,0.7416024,-2.102351
RIPS,622.179,-1.019724,0.7416101,-2.10234
RIPS,622.1873,-1.019743,0.7416533,-2.102316
RIPS,622.1953,-1.019689,0.7416794,-2.102274
RIPS,622.2049,-1.01972,0.7416977,-2.102283
RIPS,622.2125,-1.019705,0.7417122,-2.102296
RIPS,622.2205,-1.019796,0.7417742,-2.102238
RIPS,622.2285,-1.019832,0.7417513,-2.10221
RIPS,622.237,-1.019869,0.7417202,-2.102257
RIPS,622.2457,-1.019874,0.7417328,-2.102212
RIPS,622.2537,-1.019967,0.7418633,-2.102283
RIPS,622.2621,-1.02002,0.7419077,-2.102273
RIPS,622.2703,-1.020009,0.7419614,-2.102289
RIPS,622.2784,-1.019938,0.7418401,-2.102277
RIPS,622.288,-1.019942,0.7418779,-2.10228
RIPS,622.2984,-1.019835,0.7417739,-2.102244
RIPS,622.3077,-1.019865,0.7418701,-2.10222
RIPS,622.3138,-1.019953,0.7419507,-2.10217
RIPS,622.3199,-1.019991,0.74197,-2.102181
RIPS,622.3268,-1.020048,0.7420118,-2.102155
RIPS,622.3345,-1.020046,0.7418632,-2.102245
RIPS,622.3434,-1.020083,0.7418208,-2.102269
RIPS,622.3513,-1.020048,0.7418063,-2.102303
RIPS,622.3597,-1.020055,0.7417551,-2.102309
RIPS,622.368,-1.020063,0.7417417,-2.102284
RIPS,622.3768,-1.020186,0.7418833,-2.102286
RIPS,622.3853,-1.020206,0.7419469,-2.102262
RIPS,622.393,-1.020212,0.7420328,-2.102244
RIPS,622.4012,-1.020254,0.7421762,-2.10219
RIPS,622.4097,-1.020256,0.7422913,-2.102196
RIPS,622.4177,-1.020298,0.7423601,-2.102152
RIPS,622.4265,-1.020311,0.7424505,-2.102088
RIPS,622.4346,-1.02038,0.7424752,-2.101998
RIPS,622.4437,-1.020417,0.7425374,-2.101964
RIPS,622.4516,-1.020558,0.7425482,-2.10184
RIPS,622.4598,-1.020619,0.7425753,-2.101791
RIPS,622.4681,-1.020697,0.7426112,-2.101699
RIPS,622.4765,-1.02075,0.7426451,-2.101575
RIPS,622.4855,-1.02085,0.7428004,-2.101346
RIPS,622.4933,-1.020943,0.7429819,-2.101273
RIPS,622.5016,-1.021074,0.7431906,-2.101149
RIPS,622.5096,-1.021134,0.7434058,-2.101069
RIPS,622.5184,-1.021192,0.7434802,-2.100938
RIPS,622.5269,-1.021267,0.7435898,-2.10095
RIPS,622.5347,-1.021383,0.7435942,-2.100922
RIPS,622.5433,-1.02157,0.7435292,-2.100952
RIPS,622.5518,-1.021685,0.7434887,-2.100981
RIPS,622.5597,-1.021846,0.7434361,-2.100941
RIPS,622.5679,-1.021991,0.7434638,-2.100857
RIPS,622.5768,-1.022179,0.7435912,-2.100796
RIPS,622.5853,-1.022355,0.7436481,-2.100745
RIPS,622.5929,-1.022503,0.7439128,-2.100622
RIPS,622.6016,-1.022672,0.744293,-2.100568
RIPS,622.6133,-1.022821,0.7445591,-2.100502
RIPS,622.6227,-1.023003,0.7447135,-2.100497
RIPS,622.6281,-1.023208,0.7446482,-2.100601
RIPS,622.6346,-1.023381,0.7445955,-2.100734
RIPS,622.6433,-1.023564,0.7442465,-2.100945
RIPS,622.6515,-1.023676,0.74406,-2.101078
RIPS,622.66,-1.023933,0.7438819,-2.101187
RIPS,622.6681,-1.02423,0.7437482,-2.101228
RIPS,622.6763,-1.024473,0.7437808,-2.101268
RIPS,622.6855,-1.024723,0.743928,-2.101265
RIPS,622.6929,-1.024988,0.7442517,-2.101189
RIPS,622.7015,-1.025272,0.744626,-2.101205
RIPS,622.7107,-1.025455,0.7450694,-2.101312
RIPS,622.718,-1.025704,0.7453184,-2.101347
RIPS,622.7267,-1.026049,0.7454193,-2.101552
RIPS,622.7347,-1.026354,0.7454812,-2.101644
RIPS,622.7432,-1.02668,0.7454103,-2.101764
RIPS,622.7512,-1.027053,0.7449821,-2.101888
RIPS,622.76,-1.027404,0.7447159,-2.102021
RIPS,622.7678,-1.027805,0.744515,-2.102101
RIPS,622.7766,-1.028164,0.7444851,-2.102107
RIPS,622.7844,-1.028632,0.7445729,-2.102227
RIPS,622.793,-1.029005,0.744839,-2.102211
RIPS,622.8013,-1.029392,0.7451282,-2.10222
RIPS,622.8098,-1.029803,0.745366,-2.102276
RIPS,622.818,-1.030208,0.745552,-2.10236
RIPS,622.8269,-1.030603,0.7456862,-2.102376
RIPS,622.8349,-1.031132,0.7455994,-2.102433
RIPS,622.8431,-1.031607,0.7456231,-2.102684
RIPS,622.8517,-1.031992,0.7455699,-2.10284
RIPS,622.8595,-1.032438,0.7455611,-2.102951
RIPS,622.8677,-1.032871,0.7453354,-2.102951
RIPS,622.8765,-1.033357,0.7452263,-2.103106
RIPS,622.8856,-1.033831,0.7449703,-2.103276
RIPS,622.8932,-1.034311,0.7447321,-2.103599
RIPS,622.9014,-1.034724,0.7445108,-2.103978
RIPS,622.9103,-1.035144,0.7441955,-2.104304
RIPS,622.9183,-1.035578,0.7439924,-2.104698
RIPS,622.9269,-1.036101,0.7438515,-2.105211
RIPS,622.9352,-1.036554,0.7437432,-2.10553
RIPS,622.9434,-1.037069,0.7437288,-2.105972
RIPS,622.9518,-1.03755,0.743673,-2.106233
RIPS,622.9604,-1.038005,0.743654,-2.106417
RIPS,622.969,-1.038573,0.743629,-2.106468
RIPS,622.9787,-1.039043,0.743586,-2.106606
RIPS,622.9863,-1.039479,0.7435985,-2.106617
RIPS,622.9954,-1.040075,0.7436981,-2.106595
RIPS,623.0038,-1.040563,0.7438334,-2.106622
RIPS,623.0116,-1.040945,0.7440735,-2.106524
RIPS,623.0199,-1.04137,0.7443296,-2.106421
RIPS,623.0287,-1.041775,0.744528,-2.10639
RIPS,623.0369,-1.04211,0.7447472,-2.106229
RIPS,623.0457,-1.042347,0.744922,-2.106125
RIPS,623.0535,-1.042742,0.7451535,-2.105937
RIPS,623.0621,-1.043129,0.7454913,-2.105721
RIPS,623.0698,-1.043452,0.745803,-2.105643
RIPS,623.0782,-1.043901,0.7461613,-2.105255
RIPS,623.0873,-1.044369,0.7464987,-2.105064
RIPS,623.0954,-1.044824,0.7468825,-2.104843
RIPS,623.1031,-1.045289,0.7472702,-2.104647
RIPS,623.1122,-1.045725,0.747701,-2.104238
RIPS,623.1202,-1.046127,0.7481892,-2.103766
RIPS,623.1287,-1.046667,0.7486264,-2.103409
RIPS,623.1366,-1.047073,0.7491108,-2.103043
RIPS,623.145,-1.047604,0.7496958,-2.102609
RIPS,623.1531,-1.048039,0.7502071,-2.102185
RIPS,623.1617,-1.0484,0.7507578,-2.1016
RIPS,623.1701,-1.048761,0.75139,-2.101145
RIPS,623.1791,-1.049217,0.7521089,-2.100434
RIPS,623.1866,-1.049654,0.7527907,-2.099792
RIPS,623.195,-1.049984,0.753558,-2.09897
RIPS,623.2045,-1.050282,0.754362,-2.097837
RIPS,623.2126,-1.050514,0.7552528,-2.09684
RIPS,623.2197,-1.050813,0.7562391,-2.096063
RIPS,623.2281,-1.050744,0.7579308,-2.094
RIPS,623.2364,-1.051061,0.7582632,-2.093801
RIPS,623.2455,-1.051387,0.7585875,-2.093555
RIPS,623.2531,-1.051757,0.7588922,-2.093028
RIPS,623.262,-1.052151,0.7592168,-2.092327
RIPS,623.2697,-1.052541,0.7597808,-2.09147
RIPS,623.2783,-1.05293,0.7606402,-2.090165
RIPS,623.2872,-1.053344,0.7608421,-2.090027
RIPS,623.2948,-1.053727,0.7611794,-2.089875
RIPS,623.3032,-1.054106,0.7615963,-2.089719
RIPS,623.3121,-1.054432,0.7620351,-2.089616
RIPS,623.32,-1.05482,0.7625036,-2.089571
RIPS,623.3289,-1.055096,0.7628024,-2.08953
RIPS,623.3369,-1.05552,0.7630419,-2.089482
RIPS,623.3451,-1.055873,0.7630701,-2.08941
RIPS,623.3533,-1.0565,0.763251,-2.089528
RIPS,623.3618,-1.0569,0.7633096,-2.089525
RIPS,623.3701,-1.057377,0.7632441,-2.08943
RIPS,623.3804,-1.057536,0.7631945,-2.089129
RIPS,623.3898,-1.057838,0.7632518,-2.089118
RIPS,623.3951,-1.05809,0.7634504,-2.089016
RIPS,623.4018,-1.058459,0.7637007,-2.089031
RIPS,623.4103,-1.058842,0.7640032,-2.089033
RIPS,623.4185,-1.059193,0.7643058,-2.088956
RIPS,623.4267,-1.059553,0.7645788,-2.089102
RIPS,623.4349,-1.060004,0.7646934,-2.089183
RIPS,623.4437,-1.060446,0.764798,-2.089137
RIPS,623.4517,-1.060806,0.7648008,-2.089174
RIPS,623.4604,-1.061354,0.7647353,-2.089322
RIPS,623.4683,-1.061662,0.7647008,-2.089206
RIPS,623.4769,-1.062005,0.7647375,-2.089236
RIPS,623.4861,-1.062401,0.7648093,-2.089448
RIPS,623.4937,-1.062695,0.7648886,-2.089497
RIPS,623.5017,-1.063027,0.7650346,-2.089679
RIPS,623.5106,-1.063235,0.7650668,-2.089715
RIPS,623.5181,-1.063512,0.765128,-2.089694
RIPS,623.5274,-1.063723,0.7652298,-2.089821
RIPS,623.5369,-1.064054,0.7652195,-2.089818
RIPS,623.5455,-1.064352,0.7652249,-2.089838
RIPS,623.5517,-1.064697,0.7652855,-2.089793
RIPS,623.56,-1.064997,0.7652705,-2.089907
RIPS,623.5682,-1.065343,0.7652681,-2.089941
RIPS,623.5777,-1.065638,0.7653309,-2.09009
RIPS,623.5851,-1.065921,0.7652983,-2.090202
RIPS,623.5934,-1.066152,0.7653885,-2.090376
RIPS,623.6016,-1.066267,0.765516,-2.090611
RIPS,623.6102,-1.066381,0.7655215,-2.090639
RIPS,623.6182,-1.066445,0.7655491,-2.090579
RIPS,623.6266,-1.066522,0.7656107,-2.090592
RIPS,623.635,-1.066593,0.7655299,-2.090494
RIPS,623.6439,-1.066645,0.7654931,-2.090343
RIPS,623.6516,-1.066862,0.765519,-2.090475
RIPS,623.6603,-1.066942,0.7654734,-2.090523
RIPS,623.6688,-1.067299,0.765494,-2.090678
RIPS,623.6771,-1.067338,0.7656196,-2.090856
RIPS,623.687,-1.067216,0.7655907,-2.090708
RIPS,623.6941,-1.067253,0.7656708,-2.090771
RIPS,623.7022,-1.067297,0.765738,-2.09075
RIPS,623.7115,-1.067174,0.7656952,-2.090394
RIPS,623.7194,-1.067223,0.765646,-2.090255
RIPS,623.7281,-1.0672,0.765673,-2.090025
RIPS,623.736,-1.067262,0.7656487,-2.089828
RIPS,623.7441,-1.067348,0.765683,-2.089791
RIPS,623.7532,-1.067486,0.7657215,-2.089957
RIPS,623.761,-1.067672,0.765736,-2.089973
RIPS,623.7693,-1.067767,0.7657672,-2.090271
RIPS,623.7782,-1.067802,0.7658019,-2.090372
RIPS,623.7863,-1.067701,0.7657591,-2.0904
RIPS,623.7943,-1.067655,0.7657316,-2.090434
RIPS,623.8036,-1.067592,0.7657415,-2.090339
RIPS,623.8109,-1.06746,0.7657269,-2.090447
RIPS,623.8192,-1.067402,0.7656447,-2.090347
RIPS,623.8278,-1.067472,0.7657006,-2.090332
RIPS,623.8362,-1.067442,0.7657,-2.090331
RIPS,623.8454,-1.067559,0.7657424,-2.090358
RIPS,623.8529,-1.067599,0.7658113,-2.090453
RIPS,623.8616,-1.067669,0.7658684,-2.090527
RIPS,623.8698,-1.067737,0.765918,-2.090503
RIPS,623.8785,-1.06778,0.7659355,-2.09051
RIPS,623.887,-1.06776,0.7658942,-2.090564
RIPS,623.8949,-1.067756,0.7658341,-2.090475
RIPS,623.9028,-1.067761,0.7658715,-2.090305
RIPS,623.912,-1.067653,0.7658782,-2.090388
RIPS,623.9199,-1.067614,0.7658275,-2.09034
RIPS,623.9286,-1.067583,0.7658795,-2.090313
RIPS,623.9363,-1.067546,0.7658799,-2.09041
RIPS,623.9448,-1.067496,0.7658754,-2.090567
RIPS,623.9532,-1.067477,0.7658957,-2.090736
RIPS,623.9619,-1.067443,0.7657847,-2.090883
RIPS,623.9697,-1.067415,0.765748,-2.090954
RIPS,623.9786,-1.067376,0.7656981,-2.090919
RIPS,623.9865,-1.067189,0.765577,-2.090639
RIPS,623.9981,-1.067135,0.7655304,-2.090627
RIPS,624.0082,-1.066946,0.7655697,-2.090462
RIPS,624.0145,-1.066887,0.7655487,-2.090402
RIPS,624.0197,-1.066863,0.7656019,-2.090221
RIPS,624.0259,-1.066763,0.7655481,-2.089913
RIPS,624.0341,-1.066717,0.7655373,-2.089866
RIPS,624.043,-1.066741,0.7654245,-2.089892
RIPS,624.0511,-1.06665,0.7654211,-2.089894
RIPS,624.0594,-1.066614,0.765384,-2.089939
RIPS,624.0677,-1.06652,0.7654186,-2.090118
RIPS,624.076,-1.0665,0.765453,-2.090153
RIPS,624.0858,-1.066276,0.7654946,-2.089899
RIPS,624.0936,-1.066242,0.7655203,-2.089807
RIPS,624.101,-1.066112,0.7656124,-2.089612
RIPS,624.1097,-1.066028,0.7656016,-2.089447
RIPS,624.1179,-1.065907,0.7656162,-2.089173
RIPS,624.1266,-1.065874,0.7655935,-2.089046
RIPS,624.135,-1.065831,0.7656318,-2.088891
RIPS,624.1448,-1.065868,0.7656267,-2.089099
RIPS,624.1544,-1.065868,0.7656863,-2.089172
RIPS,624.1597,-1.065846,0.7656913,-2.089411
RIPS,624.1675,-1.065831,0.7657253,-2.089608
RIPS,624.1766,-1.06582,0.7657179,-2.089829
RIPS,624.1843,-1.065883,0.7656562,-2.08962
RIPS,624.1926,-1.065843,0.7655046,-2.08978
RIPS,624.2015,-1.065773,0.7655769,-2.089198
RIPS,624.2101,-1.065732,0.7655703,-2.088821
RIPS,624.2176,-1.065706,0.7656313,-2.088464
RIPS,624.2259,-1.065763,0.7655725,-2.088622
RIPS,624.2344,-1.065885,0.765439,-2.089127
RIPS,624.2429,-1.066101,0.7651754,-2.090106
RIPS,624.251,-1.066179,0.7651637,-2.090367
RIPS,624.2591,-1.066348,0.7651553,-2.090667
RIPS,624.2678,-1.066441,0.7651592,-2.090783
RIPS,624.276,-1.066511,0.7651778,-2.090669
RIPS,624.2853,-1.066487,0.7656175,-2.08955
RIPS,624.293,-1.066396,0.7666793,-2.087709
RIPS,624.3011,-1.066467,0.7667712,-2.088062
RIPS,624.3103,-1.066471,0.7667096,-2.088226
RIPS,624.3181,-1.066456,0.7666057,-2.088288
RIPS,624.327,-1.066494,0.7665336,-2.088234
RIPS,624.3348,-1.066613,0.7657081,-2.089552
RIPS,624.3433,-1.066744,0.7651066,-2.091075
RIPS,624.3513,-1.066813,0.76499,-2.091459
RIPS,624.36,-1.066874,0.7649768,-2.091628
RIPS,624.368,-1.066885,0.7649699,-2.091698
RIPS,624.3771,-1.066842,0.7651356,-2.091155
RIPS,624.3846,-1.066757,0.7654752,-2.090546
RIPS,624.393,-1.066603,0.7659423,-2.089517
RIPS,624.4012,-1.066535,0.7663988,-2.088895
RIPS,624.41,-1.066593,0.7656689,-2.090079
RIPS,624.4182,-1.066555,0.7653157,-2.090804
RIPS,624.4267,-1.066568,0.7651893,-2.091146
RIPS,624.4351,-1.066529,0.7650973,-2.091418
RIPS,624.444,-1.066562,0.7650781,-2.091551
RIPS,624.4521,-1.066505,0.7653208,-2.091129
RIPS,624.4606,-1.066443,0.7655153,-2.090828
RIPS,624.4691,-1.066311,0.7657216,-2.090719
RIPS,624.4773,-1.066134,0.7661785,-2.089936
RIPS,624.4865,-1.065791,0.7670103,-2.088555
RIPS,624.4945,-1.065735,0.7671244,-2.088598
RIPS,624.5026,-1.065697,0.7672861,-2.088622
RIPS,624.5121,-1.065607,0.7673598,-2.088555
RIPS,624.52,-1.065564,0.7673413,-2.088499
RIPS,624.5284,-1.06557,0.7673603,-2.088331
RIPS,624.5361,-1.06545,0.7674262,-2.08804
RIPS,624.5448,-1.06532,0.7674423,-2.08776
RIPS,624.5534,-1.06523,0.7675449,-2.087503
RIPS,624.5615,-1.065052,0.7676203,-2.087237
RIPS,624.5695,-1.064966,0.767668,-2.08706
RIPS,624.5782,-1.064929,0.7678223,-2.0869
RIPS,624.5864,-1.065009,0.7679041,-2.08676
RIPS,624.5949,-1.064966,0.7679868,-2.086575
RIPS,624.6059,-1.064925,0.7680922,-2.086348
RIPS,624.6155,-1.064902,0.7678034,-2.086683
RIPS,624.6204,-1.065263,0.7669776,-2.088634
RIPS,624.6255,-1.065255,0.7670015,-2.088723
RIPS,624.6343,-1.065286,0.7669875,-2.088869
RIPS,624.6428,-1.065232,0.767058,-2.088897
RIPS,624.6511,-1.065237,0.7671654,-2.088785
RIPS,624.6592,-1.065214,0.7672845,-2.088643
RIPS,624.6675,-1.06525,0.7672531,-2.08855
RIPS,624.6758,-1.065275,0.7671987,-2.088567
RIPS,624.685,-1.065435,0.7671638,-2.088793
RIPS,624.6926,-1.065602,0.767157,-2.08896
RIPS,624.7006,-1.065687,0.7671742,-2.088813
RIPS,624.7101,-1.065851,0.7672156,-2.08881
RIPS,624.7175,-1.065995,0.7672583,-2.08882
RIPS,624.7263,-1.066242,0.7673101,-2.088458
RIPS,624.7339,-1.066464,0.7673709,-2.088394
RIPS,624.7429,-1.066502,0.767427,-2.0882
RIPS,624.7508,-1.066735,0.7674472,-2.088218
RIPS,624.761,-1.066736,0.7675855,-2.088217
RIPS,624.7703,-1.0669,0.7675845,-2.088303
RIPS,624.7781,-1.067075,0.7676291,-2.08834
RIPS,624.7841,-1.067005,0.7676148,-2.088117
RIPS,624.7928,-1.06722,0.7676415,-2.088198
RIPS,624.8007,-1.067288,0.7676551,-2.088032
RIPS,624.8094,-1.067511,0.7676976,-2.088268
RIPS,624.8172,-1.06769,0.7677588,-2.088502
RIPS,624.826,-1.067865,0.7677699,-2.088455
RIPS,624.8343,-1.067957,0.7677662,-2.088449
RIPS,624.8431,-1.068028,0.7678384,-2.08833
RIPS,624.851,-1.068103,0.7678146,-2.088069
RIPS,624.8592,-1.068122,0.7678457,-2.087867
RIPS,624.8675,-1.068202,0.7677886,-2.087888
RIPS,624.876,-1.068229,0.7677305,-2.08796
RIPS,624.8854,-1.068123,0.7676817,-2.087749
RIPS,624.893,-1.068193,0.7676145,-2.088073
RIPS,624.9012,-1.06835,0.7675248,-2.0884
RIPS,624.9106,-1.068434,0.7675331,-2.088653
RIPS,624.9182,-1.068488,0.7675223,-2.088853
RIPS,624.9274,-1.068429,0.7675073,-2.088715
RIPS,624.9353,-1.068419,0.7675154,-2.088681
RIPS,624.9438,-1.068287,0.7676118,-2.088292
RIPS,624.9523,-1.068262,0.7676134,-2.088013
RIPS,624.9604,-1.068229,0.7676972,-2.087507
RIPS,624.9691,-1.068255,0.7677426,-2.087352
RIPS,624.9774,-1.068219,0.7677919,-2.087216
RIPS,624.9858,-1.068211,0.7676604,-2.087713
RIPS,624.9938,-1.068147,0.7676177,-2.088106
RIPS,625.0021,-1.06806,0.7674747,-2.088374
RIPS,625.0108,-1.067964,0.7674695,-2.088567
RIPS,625.0197,-1.067867,0.7674945,-2.088552
RIPS,625.0282,-1.067992,0.7674772,-2.088716
RIPS,625.0355,-1.067876,0.7674884,-2.088443
RIPS,625.0447,-1.067739,0.7675277,-2.088181
RIPS,625.0526,-1.067658,0.7674949,-2.088074
RIPS,625.0606,-1.067578,0.7675418,-2.087931
RIPS,625.0692,-1.067566,0.7675174,-2.088146
RIPS,625.0778,-1.067501,0.7675688,-2.08831
RIPS,625.0867,-1.067356,0.7675959,-2.088457
RIPS,625.0945,-1.067208,0.7676374,-2.088577
RIPS,625.103,-1.067299,0.7676843,-2.088917
RIPS,625.1117,-1.067113,0.767642,-2.088724
RIPS,625.1196,-1.06693,0.7676077,-2.088651
RIPS,625.1282,-1.066922,0.7676281,-2.08895
RIPS,625.1361,-1.066744,0.7677112,-2.0892
RIPS,625.1447,-1.066644,0.7677153,-2.089247
RIPS,625.1529,-1.066454,0.767695,-2.089205
RIPS,625.1613,-1.066032,0.7675285,-2.088628
RIPS,625.1697,-1.065882,0.7675427,-2.08866
RIPS,625.1784,-1.065752,0.7675658,-2.088711
RIPS,625.1862,-1.065842,0.7676628,-2.089014
RIPS,625.1946,-1.065669,0.7677353,-2.089057
RIPS,625.2036,-1.065581,0.7678555,-2.089339
RIPS,625.2123,-1.065341,0.7678264,-2.089192
RIPS,625.2195,-1.065087,0.7677509,-2.089008
RIPS,625.2281,-1.064741,0.7675984,-2.088606
RIPS,625.2365,-1.064525,0.7675414,-2.088442
RIPS,625.2449,-1.063966,0.7673724,-2.087888
RIPS,625.2527,-1.06373,0.7673704,-2.087816
RIPS,625.2611,-1.063461,0.7674314,-2.087704
RIPS,625.2698,-1.063207,0.7674744,-2.08773
RIPS,625.278,-1.062893,0.7675037,-2.087612
RIPS,625.2872,-1.062467,0.7674508,-2.087381
RIPS,625.2947,-1.062252,0.767507,-2.08734
RIPS,625.3028,-1.06212,0.767637,-2.087575
RIPS,625.3117,-1.06191,0.7675832,-2.087353
RIPS,625.3193,-1.061389,0.7675715,-2.086926
RIPS,625.3284,-1.061138,0.7675076,-2.08672
RIPS,625.3361,-1.060844,0.767411,-2.086557
RIPS,625.3447,-1.060421,0.7673116,-2.086234
RIPS,625.3528,-1.060064,0.767276,-2.086172
RIPS,625.361,-1.059701,0.7673096,-2.086212
RIPS,625.3697,-1.059405,0.7674904,-2.086199
RIPS,625.3782,-1.059166,0.76771,-2.086167
RIPS,625.3862,-1.058944,0.7679121,-2.086015
RIPS,625.395,-1.058808,0.768045,-2.085815
RIPS,625.4036,-1.058596,0.7680672,-2.085501
RIPS,625.4114,-1.058345,0.7679598,-2.085141
RIPS,625.4193,-1.058038,0.7678623,-2.084845
RIPS,625.4282,-1.05744,0.7674639,-2.083932
RIPS,625.4368,-1.056999,0.7672099,-2.083474
RIPS,625.4453,-1.056631,0.7671037,-2.083597
RIPS,625.4528,-1.056353,0.766983,-2.08372
RIPS,625.4615,-1.055848,0.766864,-2.083699
RIPS,625.4699,-1.055721,0.7669567,-2.084111
RIPS,625.478,-1.055556,0.7669298,-2.084266
RIPS,625.4868,-1.055558,0.7670432,-2.084431
RIPS,625.495,-1.055589,0.766989,-2.084479
RIPS,625.5028,-1.054504,0.7662959,-2.083122
RIPS,625.5119,-1.054501,0.7660412,-2.082886
RIPS,625.5235,-1.054427,0.7660665,-2.082768
RIPS,625.5339,-1.054181,0.7659185,-2.082572
RIPS,625.5426,-1.05423,0.7659353,-2.082909
RIPS,625.5507,-1.053692,0.7659271,-2.082959
RIPS,625.5593,-1.053584,0.7658944,-2.083006
RIPS,625.5673,-1.053445,0.7660185,-2.083094
RIPS,625.576,-1.053419,0.7660595,-2.083151
RIPS,625.5842,-1.053344,0.7661237,-2.08316
RIPS,625.5925,-1.053297,0.7660964,-2.083128
RIPS,625.6008,-1.053183,0.7660719,-2.08289
RIPS,625.6093,-1.053134,0.7659866,-2.082799
RIPS,625.6174,-1.053141,0.7659907,-2.082819
RIPS,625.6255,-1.052992,0.7659186,-2.083055
RIPS,625.6342,-1.052894,0.7657695,-2.083085
RIPS,625.6426,-1.05278,0.7656353,-2.083161
RIPS,625.6509,-1.052654,0.76549,-2.083184
RIPS,625.6591,-1.052645,0.7653672,-2.083336
RIPS,625.6675,-1.052506,0.7652776,-2.083549
RIPS,625.6776,-1.052499,0.7651792,-2.083633
RIPS,625.6875,-1.05257,0.7650903,-2.083763
RIPS,625.6927,-1.052536,0.7650439,-2.083842
RIPS,625.7004,-1.052549,0.7650407,-2.083874
RIPS,625.7095,-1.052565,0.7649314,-2.083786
RIPS,625.7177,-1.052565,0.7648432,-2.083618
RIPS,625.7265,-1.052593,0.7648149,-2.083555
RIPS,625.7339,-1.052658,0.764816,-2.083656
RIPS,625.7424,-1.052853,0.7648216,-2.083749
RIPS,625.7505,-1.053012,0.7649491,-2.083916
RIPS,625.759,-1.053226,0.7649557,-2.084027
RIPS,625.7673,-1.053352,0.7650025,-2.084018
RIPS,625.776,-1.053512,0.7650024,-2.083979
RIPS,625.7843,-1.05362,0.7649997,-2.083956
RIPS,625.7924,-1.053752,0.7649543,-2.083902
RIPS,625.8006,-1.053847,0.7650035,-2.083884
RIPS,625.8092,-1.054128,0.7650148,-2.084112
RIPS,625.8169,-1.054243,0.7650375,-2.084298
RIPS,625.8256,-1.054448,0.7650584,-2.084481
RIPS,625.8338,-1.054647,0.7649953,-2.08476
RIPS,625.8441,-1.054792,0.7650389,-2.085028
RIPS,625.8509,-1.054962,0.7650869,-2.08516
RIPS,625.8591,-1.054947,0.7649741,-2.085236
RIPS,625.8672,-1.055053,0.7649663,-2.085271
RIPS,625.8756,-1.055095,0.7649655,-2.085216
RIPS,625.8852,-1.055163,0.7649181,-2.085215
RIPS,625.8926,-1.055232,0.7648912,-2.085206
RIPS,625.9012,-1.055306,0.7649314,-2.085148
RIPS,625.9101,-1.055382,0.7649343,-2.085106
RIPS,625.918,-1.055511,0.7649531,-2.085112
RIPS,625.9272,-1.05554,0.7649108,-2.08497
RIPS,625.9346,-1.055739,0.7649148,-2.08504
RIPS,625.9432,-1.055839,0.7648371,-2.085209
RIPS,625.9512,-1.056004,0.7648107,-2.085329
RIPS,625.9598,-1.056059,0.7647742,-2.085424
RIPS,625.9683,-1.056155,0.7647971,-2.0855
RIPS,625.9775,-1.05619,0.7648752,-2.085542
RIPS,625.9883,-1.056264,0.7649263,-2.08553
RIPS,625.9973,-1.056277,0.7649795,-2.085546
RIPS,626.0023,-1.056285,0.7650349,-2.085497
RIPS,626.0099,-1.056235,0.7650042,-2.085258
RIPS,626.0175,-1.056239,0.7650189,-2.08499
RIPS,626.0259,-1.056197,0.7650661,-2.084644
RIPS,626.034,-1.056299,0.7650855,-2.084578
RIPS,626.0431,-1.056245,0.7650892,-2.084406
RIPS,626.0509,-1.056229,0.7651647,-2.084414
RIPS,626.0592,-1.0562,0.7653546,-2.084408
RIPS,626.0673,-1.056109,0.7655382,-2.08417
RIPS,626.0759,-1.055982,0.7657841,-2.083854
RIPS,626.0853,-1.055854,0.7661052,-2.083313
RIPS,626.0922,-1.055724,0.7663741,-2.082672
RIPS,626.1006,-1.055575,0.7667384,-2.081962
RIPS,626.1095,-1.055388,0.7671576,-2.080966
RIPS,626.1176,-1.055119,0.7680219,-2.07919
RIPS,626.1263,-1.054892,0.7687598,-2.078142
RIPS,626.1343,-1.054732,0.7692167,-2.077961
RIPS,626.1423,-1.054551,0.7696723,-2.077739
RIPS,626.1512,-1.054566,0.7702546,-2.07773
RIPS,626.159,-1.054463,0.7707446,-2.077486
RIPS,626.1673,-1.054271,0.7710907,-2.077184
RIPS,626.1765,-1.054068,0.7714677,-2.07698
RIPS,626.1841,-1.053838,0.7717416,-2.076741
RIPS,626.1924,-1.053465,0.772136,-2.076512
RIPS,626.2008,-1.053241,0.7725961,-2.076426
RIPS,626.2107,-1.053025,0.7730036,-2.076296
RIPS,626.2175,-1.052792,0.7734416,-2.076293
RIPS,626.2258,-1.052623,0.7737225,-2.076225
RIPS,626.2339,-1.052514,0.7740083,-2.07611
RIPS,626.2427,-1.05231,0.7741953,-2.075955
RIPS,626.2509,-1.051986,0.7742543,-2.075633
RIPS,626.259,-1.051696,0.7743372,-2.075265
RIPS,626.2676,-1.051396,0.7743027,-2.074879
RIPS,626.2761,-1.051154,0.7740747,-2.074474
RIPS,626.2852,-1.050891,0.7738596,-2.073911
RIPS,626.2932,-1.050684,0.7736014,-2.07345
RIPS,626.3019,-1.050559,0.7737246,-2.073313
RIPS,626.3103,-1.050463,0.7739292,-2.073374
RIPS,626.3185,-1.050473,0.7741081,-2.073727
RIPS,626.3277,-1.050362,0.7739031,-2.073776
RIPS,626.3354,-1.05024,0.7735506,-2.073878
RIPS,626.3438,-1.050062,0.7731271,-2.07383
RIPS,626.3522,-1.049916,0.7728407,-2.073557
RIPS,626.3607,-1.049735,0.772816,-2.073121
RIPS,626.369,-1.04959,0.7728314,-2.072615
RIPS,626.3785,-1.049455,0.7729791,-2.072232
RIPS,626.3862,-1.049448,0.7730587,-2.072076
RIPS,626.3947,-1.049381,0.7731623,-2.072182
RIPS,626.4037,-1.049627,0.7732083,-2.072579
RIPS,626.4114,-1.049629,0.773347,-2.072871
RIPS,626.4197,-1.049616,0.7733169,-2.072932
RIPS,626.4281,-1.049622,0.7733396,-2.072937
RIPS,626.4363,-1.049653,0.7732466,-2.072927
RIPS,626.4449,-1.049368,0.7729017,-2.072304
RIPS,626.4536,-1.049334,0.7727532,-2.072142
RIPS,626.4611,-1.049088,0.7726977,-2.071747
RIPS,626.4699,-1.048993,0.7727077,-2.071696
RIPS,626.4777,-1.048937,0.7727685,-2.071809
RIPS,626.4868,-1.048874,0.7726625,-2.071936
RIPS,626.4948,-1.048946,0.7725049,-2.07208
RIPS,626.5026,-1.048988,0.7723141,-2.072146
RIPS,626.5117,-1.048973,0.7719792,-2.072223
RIPS,626.5195,-1.048922,0.7715254,-2.072294
RIPS,626.528,-1.048883,0.7710668,-2.072224
RIPS,626.5361,-1.048732,0.7705427,-2.072319
RIPS,626.5446,-1.048738,0.7701854,-2.072358
RIPS,626.553,-1.049015,0.7691174,-2.074535
RIPS,626.5611,-1.049299,0.7686256,-2.075915
RIPS,626.5693,-1.049545,0.7683058,-2.076725
RIPS,626.5785,-1.04987,0.7679837,-2.077416
RIPS,626.5863,-1.050129,0.767767,-2.078007
RIPS,626.5945,-1.050345,0.7675319,-2.078583
RIPS,626.606,-1.050655,0.7674186,-2.078873
RIPS,626.6152,-1.050867,0.7673452,-2.078896
RIPS,626.6205,-1.050943,0.7672805,-2.079157
RIPS,626.6257,-1.051146,0.7672058,-2.079366
RIPS,626.6339,-1.051342,0.7671391,-2.079651
RIPS,626.6423,-1.051534,0.767031,-2.079914
RIPS,626.6507,-1.051792,0.7669111,-2.080233
RIPS,626.6588,-1.052168,0.7669123,-2.081015
RIPS,626.6672,-1.052376,0.7667977,-2.08131
RIPS,626.6754,-1.052749,0.7667443,-2.081716
RIPS,626.6848,-1.05293,0.7666381,-2.08193
RIPS,626.6923,-1.053135,0.7665899,-2.082093
RIPS,626.7006,-1.053263,0.7664621,-2.082206
RIPS,626.7098,-1.053501,0.7664834,-2.082082
RIPS,626.7172,-1.05376,0.7664292,-2.082235
RIPS,626.7265,-1.054055,0.7664149,-2.082211
RIPS,626.7337,-1.054371,0.7663891,-2.082475
RIPS,626.7421,-1.054623,0.766439,-2.082544
RIPS,626.7503,-1.054963,0.7664947,-2.082837
RIPS,626.7593,-1.055166,0.7666017,-2.082776
RIPS,626.7669,-1.055412,0.7666285,-2.082856
RIPS,626.7761,-1.055529,0.7666351,-2.082898
RIPS,626.7856,-1.055696,0.7666458,-2.08288
RIPS,626.7932,-1.0559,0.7666976,-2.082727
RIPS,626.8005,-1.056243,0.7666252,-2.083082
RIPS,626.8098,-1.056432,0.7666384,-2.083419
RIPS,626.8173,-1.056668,0.766548,-2.083797
RIPS,626.8256,-1.056878,0.766515,-2.084107
RIPS,626.8341,-1.057017,0.7664897,-2.084018
RIPS,626.8425,-1.057302,0.7665727,-2.083891
RIPS,626.8508,-1.05754,0.7665519,-2.083971
RIPS,626.8589,-1.057717,0.7666377,-2.083618
RIPS,626.8683,-1.057959,0.7667581,-2.083403
RIPS,626.8753,-1.058212,0.7667608,-2.083397
RIPS,626.8842,-1.058253,0.7670069,-2.08302
RIPS,626.8923,-1.058412,0.7672116,-2.082712
RIPS,626.9005,-1.058549,0.7669464,-2.083544
RIPS,626.9114,-1.058715,0.7668738,-2.083734
RIPS,626.921,-1.0589,0.7667688,-2.084087
RIPS,626.9281,-1.059032,0.7666969,-2.084327
RIPS,626.934,-1.05933,0.7666205,-2.084688
RIPS,626.9422,-1.059435,0.7667792,-2.084551
RIPS,626.9501,-1.059509,0.76696,-2.084234
RIPS,626.959,-1.059656,0.7675113,-2.083438
RIPS,626.9674,-1.059745,0.7680435,-2.082645
RIPS,626.9759,-1.059881,0.7679847,-2.083004
RIPS,626.9837,-1.060047,0.7680401,-2.083172
RIPS,626.9923,-1.060205,0.7681035,-2.083339
RIPS,627.0005,-1.060277,0.7680215,-2.083502
RIPS,627.0092,-1.060404,0.7680511,-2.083495
RIPS,627.0172,-1.060481,0.7680689,-2.083525
RIPS,627.0259,-1.060607,0.7681004,-2.083624
RIPS,627.0336,-1.060745,0.7681463,-2.083709
RIPS,627.0442,-1.060986,0.768256,-2.083804
RIPS,627.0527,-1.061093,0.7682245,-2.08391
RIPS,627.0588,-1.061311,0.7681774,-2.083992
RIPS,627.0674,-1.061454,0.7681523,-2.084136
RIPS,627.0759,-1.061715,0.768106,-2.084233
RIPS,627.0847,-1.061917,0.7681217,-2.084372
RIPS,627.0922,-1.062122,0.7681721,-2.084524
RIPS,627.1005,-1.062378,0.768186,-2.084635
RIPS,627.1091,-1.062574,0.7682199,-2.084743
RIPS,627.1171,-1.062938,0.7683361,-2.08501
RIPS,627.126,-1.063111,0.7683578,-2.0851
RIPS,627.1335,-1.063239,0.7682953,-2.085169
RIPS,627.1423,-1.063306,0.7682792,-2.085249
RIPS,627.1502,-1.063309,0.7682903,-2.08539
RIPS,627.1591,-1.063535,0.7676167,-2.086671
RIPS,627.1674,-1.063654,0.7675289,-2.087005
RIPS,627.1758,-1.063719,0.7678089,-2.0866
RIPS,627.184,-1.063832,0.7682747,-2.086039
RIPS,627.1926,-1.064001,0.7683509,-2.086161
RIPS,627.2008,-1.064258,0.7684178,-2.086209
RIPS,627.2109,-1.06445,0.7684501,-2.086216
RIPS,627.2212,-1.064629,0.7685243,-2.086133
RIPS,627.2304,-1.064774,0.7685685,-2.086073
RIPS,627.2352,-1.064926,0.7681101,-2.086939
RIPS,627.2424,-1.065034,0.7680885,-2.087165
RIPS,627.2504,-1.065151,0.7681737,-2.087069
RIPS,627.2587,-1.065257,0.768267,-2.086908
RIPS,627.2671,-1.065324,0.7688202,-2.085925
RIPS,627.2755,-1.065436,0.7688509,-2.085903
RIPS,627.2846,-1.065652,0.7682425,-2.086999
RIPS,627.2922,-1.065801,0.7681558,-2.087206
RIPS,627.3002,-1.065892,0.7683004,-2.08699
RIPS,627.3091,-1.066041,0.7682962,-2.087083
RIPS,627.317,-1.066111,0.7685719,-2.086639
RIPS,627.326,-1.066186,0.7692636,-2.085487
RIPS,627.3335,-1.066346,0.7693974,-2.085455
RIPS,627.3422,-1.06654,0.7694674,-2.085384
RIPS,627.3503,-1.066711,0.7695617,-2.085321
RIPS,627.3588,-1.066828,0.7695385,-2.085188
RIPS,627.3669,-1.066925,0.7695873,-2.085087
RIPS,627.377,-1.067014,0.7696744,-2.0851
RIPS,627.3871,-1.067158,0.7692433,-2.085878
RIPS,627.3923,-1.067242,0.7692649,-2.085943
RIPS,627.4002,-1.067288,0.7692094,-2.086539
RIPS,627.409,-1.067308,0.769367,-2.086305
RIPS,627.4167,-1.067213,0.7701192,-2.085099
RIPS,627.4255,-1.067289,0.7703006,-2.085119
RIPS,627.4338,-1.067254,0.7704419,-2.084943
RIPS,627.4423,-1.067364,0.7705459,-2.084937
RIPS,627.4504,-1.067511,0.7705631,-2.084875
RIPS,627.4588,-1.067836,0.770511,-2.08474
RIPS,627.4669,-1.067961,0.7705855,-2.084679
RIPS,627.4752,-1.068063,0.7701638,-2.085457
RIPS,627.4848,-1.068241,0.7698329,-2.086219
RIPS,627.492,-1.068386,0.7698526,-2.086284
RIPS,627.5001,-1.068559,0.7699168,-2.08631
RIPS,627.509,-1.068703,0.7699632,-2.08623
RIPS,627.5172,-1.06864,0.7707403,-2.084681
RIPS,627.5261,-1.068776,0.770545,-2.084985
RIPS,627.5343,-1.068717,0.7706914,-2.084575
RIPS,627.5425,-1.068916,0.7698524,-2.086089
RIPS,627.5507,-1.069057,0.7695613,-2.086813
RIPS,627.5594,-1.069115,0.769338,-2.087277
RIPS,627.5673,-1.069213,0.7693043,-2.087488
RIPS,627.5762,-1.069219,0.7694246,-2.087139
RIPS,627.5844,-1.069302,0.7695714,-2.086845
RIPS,627.5927,-1.069477,0.7695028,-2.087233
RIPS,627.6008,-1.069586,0.7695565,-2.087109
RIPS,627.6093,-1.069657,0.7696256,-2.086978
RIPS,627.6176,-1.069756,0.7697722,-2.087039
RIPS,627.6259,-1.069912,0.7695267,-2.087692
RIPS,627.6342,-1.070019,0.7693825,-2.088305
RIPS,627.643,-1.070169,0.7691907,-2.088838
RIPS,627.6512,-1.070257,0.7691246,-2.08908
RIPS,627.6592,-1.070232,0.7689914,-2.088923
RIPS,627.6679,-1.070291,0.7690094,-2.088826
RIPS,627.6774,-1.070294,0.7690337,-2.088629
RIPS,627.6883,-1.070345,0.7690998,-2.088479
RIPS,627.6935,-1.070386,0.7691696,-2.08812
RIPS,627.7009,-1.070459,0.769287,-2.088004
RIPS,627.7097,-1.070246,0.7693391,-2.087712
RIPS,627.7173,-1.070317,0.7693025,-2.087908
RIPS,627.7265,-1.070339,0.7691972,-2.088374
RIPS,627.7342,-1.070344,0.7691301,-2.088398
RIPS,627.7426,-1.07035,0.7691191,-2.088447
RIPS,627.7509,-1.070459,0.7691414,-2.088169
RIPS,627.7592,-1.070497,0.7690898,-2.088172
RIPS,627.7675,-1.070529,0.7691135,-2.087975
RIPS,627.7764,-1.070439,0.7695588,-2.08681
RIPS,627.7841,-1.070488,0.7695166,-2.08691
RIPS,627.7926,-1.070501,0.7694332,-2.087258
RIPS,627.8007,-1.070546,0.769355,-2.08749
RIPS,627.8096,-1.070578,0.7693505,-2.087564
RIPS,627.8174,-1.071046,0.7691996,-2.088637
RIPS,627.8258,-1.071074,0.7691699,-2.08866
RIPS,627.8342,-1.07136,0.7691369,-2.089339
RIPS,627.8432,-1.071397,0.7691239,-2.089365
RIPS,627.851,-1.071235,0.7690753,-2.089376
RIPS,627.8591,-1.071243,0.7689445,-2.089635
RIPS,627.8674,-1.07127,0.7689569,-2.089667
RIPS,627.8759,-1.071396,0.7690281,-2.090024
RIPS,627.8851,-1.071406,0.7690444,-2.090128
RIPS,627.8926,-1.071303,0.7691035,-2.089711
RIPS,627.9009,-1.071302,0.7691133,-2.08969
RIPS,627.9094,-1.071149,0.7690678,-2.089518
RIPS,627.9177,-1.071136,0.7689844,-2.089646
RIPS,627.927,-1.071087,0.7690203,-2.089543
RIPS,627.9341,-1.070835,0.769021,-2.088948
RIPS,627.9426,-1.07086,0.7688976,-2.089262
RIPS,627.9507,-1.07103,0.7688997,-2.089722
RIPS,627.9593,-1.071043,0.7689301,-2.089796
RIPS,627.9675,-1.071092,0.7689084,-2.089931
RIPS,627.9776,-1.071064,0.7689169,-2.089813
RIPS,627.9847,-1.071089,0.7689978,-2.089694
RIPS,627.9936,-1.071118,0.7689571,-2.089787
RIPS,628.0018,-1.071134,0.7689805,-2.089739
RIPS,628.0101,-1.071143,0.7689403,-2.089827
RIPS,628.0186,-1.070925,0.7689532,-2.089499
RIPS,628.027,-1.070933,0.768907,-2.089626
RIPS,628.0358,-1.070731,0.7688423,-2.089355
RIPS,628.0449,-1.070765,0.7688013,-2.089471
RIPS,628.0522,-1.070893,0.7687634,-2.089659
RIPS,628.0609,-1.070914,0.7687841,-2.089669
RIPS,628.0691,-1.071086,0.7687628,-2.089955
RIPS,628.0775,-1.071109,0.7688416,-2.089808
RIPS,628.0869,-1.071108,0.7688338,-2.089848
RIPS,628.0941,-1.071049,0.7689112,-2.089679
RIPS,628.1026,-1.071072,0.7688964,-2.089736
RIPS,628.1118,-1.071127,0.7689035,-2.089792
RIPS,628.1196,-1.071176,0.7688446,-2.089922
RIPS,628.128,-1.071243,0.7688285,-2.09003
RIPS,628.1359,-1.071362,0.7687876,-2.09013
RIPS,628.1444,-1.071402,0.76879,-2.090183
RIPS,628.1521,-1.071118,0.7687925,-2.089379
RIPS,628.1609,-1.071139,0.7688103,-2.089349
RIPS,628.1689,-1.070912,0.7688565,-2.088739
RIPS,628.178,-1.070926,0.7688978,-2.088653
RIPS,628.1859,-1.070912,0.7688789,-2.088683
RIPS,628.1948,-1.070745,0.7687901,-2.088674
RIPS,628.2029,-1.070757,0.7687813,-2.088786
RIPS,628.2114,-1.070603,0.7689193,-2.088379
RIPS,628.2189,-1.070643,0.768833,-2.088544
RIPS,628.2275,-1.070437,0.7689707,-2.087934
RIPS,628.2358,-1.070446,0.7690789,-2.087678
RIPS,628.2452,-1.070452,0.7691827,-2.087441
RIPS,628.2524,-1.070614,0.7690671,-2.087879
RIPS,628.2609,-1.070635,0.7692046,-2.087703
RIPS,628.2688,-1.070998,0.7689211,-2.088808
RIPS,628.2777,-1.071041,0.7690123,-2.088758
RIPS,628.2867,-1.071138,0.7689359,-2.088987
RIPS,628.2971,-1.071056,0.7689255,-2.088689
RIPS,628.3059,-1.071078,0.7689478,-2.088722
RIPS,628.3121,-1.071181,0.7689232,-2.089025
RIPS,628.3184,-1.071186,0.7689403,-2.088974
RIPS,628.3258,-1.071211,0.7689834,-2.088873
RIPS,628.334,-1.070979,0.7693337,-2.087646
RIPS,628.3422,-1.070979,0.7697424,-2.086748
RIPS,628.3504,-1.070745,0.7702398,-2.08585
RIPS,628.3587,-1.07078,0.7702695,-2.085895
RIPS,628.3671,-1.070785,0.7702367,-2.085854
RIPS,628.3757,-1.070562,0.7702069,-2.085673
RIPS,628.3839,-1.07064,0.7692457,-2.087533
RIPS,628.3922,-1.070491,0.7693499,-2.087239
RIPS,628.4005,-1.070487,0.7693298,-2.087339
RIPS,628.4088,-1.070793,0.769293,-2.08777
RIPS,628.4169,-1.070681,0.7703204,-2.085941
RIPS,628.4252,-1.07071,0.7702664,-2.086214
RIPS,628.4336,-1.07072,0.7703186,-2.086412
RIPS,628.4426,-1.070743,0.7703906,-2.086524
RIPS,628.4504,-1.070674,0.7704607,-2.086384
RIPS,628.4587,-1.070651,0.770591,-2.086311
RIPS,628.4667,-1.070631,0.7706329,-2.086079
RIPS,628.4754,-1.070558,0.7706332,-2.086026
RIPS,628.484,-1.070517,0.7706316,-2.086003
RIPS,628.4926,-1.070398,0.7706283,-2.086094
RIPS,628.5002,-1.070363,0.7704919,-2.086242
RIPS,628.5091,-1.070353,0.7704664,-2.086474
RIPS,628.5174,-1.070285,0.7703792,-2.086636
RIPS,628.526,-1.070195,0.7702972,-2.086749
RIPS,628.5334,-1.070077,0.7702363,-2.086836
RIPS,628.5419,-1.069903,0.770179,-2.086826
RIPS,628.5504,-1.069546,0.7700905,-2.086675
RIPS,628.5587,-1.069377,0.7700741,-2.086651
RIPS,628.5668,-1.069209,0.770069,-2.086639
RIPS,628.576,-1.068989,0.770039,-2.086539
RIPS,628.584,-1.068841,0.7700641,-2.086659
RIPS,628.5925,-1.068681,0.7701186,-2.086836
RIPS,628.6013,-1.068475,0.7700154,-2.086915
RIPS,628.6097,-1.068371,0.7700304,-2.087117
RIPS,628.6177,-1.06809,0.7700108,-2.087145
RIPS,628.6263,-1.067835,0.7700334,-2.087132
RIPS,628.635,-1.067783,0.769944,-2.087013
RIPS,628.6437,-1.067484,0.7698821,-2.086882
RIPS,628.6518,-1.067165,0.7698621,-2.086768
RIPS,628.6604,-1.066854,0.770061,-2.08666
RIPS,628.6685,-1.066611,0.7701043,-2.086551
RIPS,628.6774,-1.066322,0.7700584,-2.08651
RIPS,628.6865,-1.066024,0.7700366,-2.086476
RIPS,628.6939,-1.065733,0.7698674,-2.086476
RIPS,628.7023,-1.065383,0.7696792,-2.086435
RIPS,628.7116,-1.064985,0.7694966,-2.086351
RIPS,628.7192,-1.064507,0.7692415,-2.086177
RIPS,628.728,-1.06402,0.7690217,-2.085975
RIPS,628.7356,-1.063518,0.7687668,-2.085715
RIPS,628.744,-1.063174,0.7674812,-2.087702
RIPS,628.7526,-1.062956,0.76689,-2.088492
RIPS,628.7604,-1.062484,0.7664614,-2.088955
RIPS,628.7689,-1.061735,0.7660533,-2.088876
RIPS,628.778,-1.061206,0.7657396,-2.089091
RIPS,628.7859,-1.060652,0.7654766,-2.089287
RIPS,628.7939,-1.059998,0.76521,-2.089837
RIPS,628.8022,-1.059423,0.7650555,-2.089956
RIPS,628.8105,-1.058696,0.7648162,-2.089767
RIPS,628.819,-1.058104,0.7646934,-2.089723
RIPS,628.8271,-1.057081,0.764393,-2.088849
RIPS,628.8356,-1.056465,0.764247,-2.08866
RIPS,628.8446,-1.055844,0.7640695,-2.08852
RIPS,628.8526,-1.055065,0.7636507,-2.088063
RIPS,628.8607,-1.054415,0.7633685,-2.088036
RIPS,628.8691,-1.053617,0.76306,-2.088042
RIPS,628.8773,-1.052949,0.7627943,-2.08814
RIPS,628.8868,-1.05221,0.7625397,-2.08804
RIPS,628.894,-1.051635,0.7624023,-2.087934
RIPS,628.902,-1.050874,0.7623232,-2.087783
RIPS,628.9118,-1.050124,0.7623049,-2.087725
RIPS,628.919,-1.049318,0.7622058,-2.087425
RIPS,628.9278,-1.048487,0.7620686,-2.087061
RIPS,628.9359,-1.047731,0.7621107,-2.086931
RIPS,628.9438,-1.046799,0.761848,-2.08649
RIPS,628.9525,-1.045556,0.761559,-2.085782
RIPS,628.9607,-1.044622,0.7613387,-2.085396
RIPS,628.9689,-1.043801,0.7611545,-2.085138
RIPS,628.9779,-1.042891,0.7609724,-2.084731
RIPS,628.9856,-1.041981,0.7609088,-2.084215
RIPS,628.994,-1.040998,0.7608042,-2.083643
RIPS,629.0028,-1.040194,0.7607974,-2.083188
RIPS,629.0109,-1.039114,0.7604673,-2.082388
RIPS,629.0192,-1.038324,0.760322,-2.081918
RIPS,629.0276,-1.037498,0.760209,-2.081398
RIPS,629.0359,-1.036988,0.7601823,-2.080919
RIPS,629.0453,-1.03621,0.7598115,-2.080562
RIPS,629.0527,-1.035254,0.7592732,-2.080108
RIPS,629.0607,-1.034533,0.7589346,-2.079812
RIPS,629.069,-1.033774,0.7587038,-2.079475
RIPS,629.0771,-1.03292,0.7584355,-2.079197
RIPS,629.0868,-1.032125,0.7583122,-2.078864
RIPS,629.0945,-1.031475,0.7582625,-2.078712
RIPS,629.1023,-1.030764,0.758139,-2.078496
RIPS,629.1111,-1.030137,0.7580981,-2.078459
RIPS,629.1188,-1.029473,0.7579444,-2.078171
RIPS,629.1278,-1.029169,0.7568027,-2.079965
RIPS,629.1357,-1.02876,0.7563018,-2.080626
RIPS,629.1442,-1.0283,0.7556427,-2.081246
RIPS,629.1524,-1.027812,0.7550304,-2.081696
RIPS,629.1609,-1.027288,0.7541515,-2.082374
RIPS,629.1689,-1.026853,0.7533162,-2.083028
RIPS,629.1777,-1.026227,0.7523728,-2.083675
RIPS,629.1857,-1.025627,0.7515126,-2.084388
RIPS,629.194,-1.02595,0.7491527,-2.088324
RIPS,629.2025,-1.025996,0.747363,-2.091096
RIPS,629.211,-1.025897,0.7459832,-2.093121
RIPS,629.2187,-1.025659,0.7447886,-2.09468
RIPS,629.2275,-1.025465,0.7440231,-2.095926
RIPS,629.2354,-1.025103,0.7436608,-2.097005
RIPS,629.2443,-1.024966,0.7436987,-2.097835
RIPS,629.2523,-1.024767,0.743454,-2.098349
RIPS,629.2607,-1.024576,0.7433063,-2.099084
RIPS,629.2693,-1.024357,0.7429601,-2.099426
RIPS,629.2775,-1.023985,0.7423716,-2.099758
RIPS,629.2864,-1.023614,0.7415713,-2.100048
RIPS,629.2938,-1.023215,0.7409301,-2.100469
RIPS,629.3026,-1.022946,0.7401478,-2.100779
RIPS,629.3108,-1.02266,0.7395181,-2.101186
RIPS,629.319,-1.022333,0.7389823,-2.101466
RIPS,629.3278,-1.022099,0.7384076,-2.101819
RIPS,629.3356,-1.021785,0.7381374,-2.102073
RIPS,629.3439,-1.021493,0.737963,-2.102318
RIPS,629.3524,-1.02115,0.7376624,-2.102537
RIPS,629.3607,-1.020835,0.7379534,-2.102465
RIPS,629.369,-1.020641,0.7379487,-2.102602
RIPS,629.3779,-1.020388,0.7379665,-2.102653
RIPS,629.3858,-1.020316,0.7379675,-2.102813
RIPS,629.394,-1.020277,0.7378293,-2.102957
RIPS,629.4022,-1.020223,0.7376258,-2.103118
RIPS,629.411,-1.020174,0.7374793,-2.103315
RIPS,629.4186,-1.020221,0.7372614,-2.103588
RIPS,629.4274,-1.020266,0.7370543,-2.103863
RIPS,629.4355,-1.020278,0.7369234,-2.104187
RIPS,629.4443,-1.02028,0.7367515,-2.104365
RIPS,629.4523,-1.020426,0.7367298,-2.104446
RIPS,629.4607,-1.020393,0.7368011,-2.104508
RIPS,629.4691,-1.020426,0.7368587,-2.104395
RIPS,629.4774,-1.020368,0.7370308,-2.104307
RIPS,629.4861,-1.020217,0.7370912,-2.104216
RIPS,629.4944,-1.020033,0.7374278,-2.103986
RIPS,629.5026,-1.019939,0.7376621,-2.103979
RIPS,629.511,-1.019615,0.7378663,-2.103866
RIPS,629.519,-1.019526,0.7380869,-2.10379
RIPS,629.5275,-1.019281,0.7383969,-2.103868
RIPS,629.5361,-1.01923,0.7383204,-2.103841
RIPS,629.5438,-1.019156,0.7383283,-2.103727
RIPS,629.5521,-1.01916,0.7382307,-2.103687
RIPS,629.5609,-1.019197,0.7382112,-2.103722
RIPS,629.5688,-1.019228,0.7381316,-2.103628
RIPS,629.5774,-1.019176,0.7381513,-2.103523
RIPS,629.5856,-1.019059,0.738162,-2.1033
RIPS,629.5939,-1.018916,0.7382733,-2.103132
RIPS,629.6025,-1.018766,0.7385046,-2.102895
RIPS,629.611,-1.018789,0.7386859,-2.102663
RIPS,629.6188,-1.01874,0.7389151,-2.102553
RIPS,629.6273,-1.018734,0.7390258,-2.102447
RIPS,629.6357,-1.018705,0.7391487,-2.102358
RIPS,629.6445,-1.018758,0.7391585,-2.102465
RIPS,629.652,-1.018772,0.7392791,-2.102378
RIPS,629.6608,-1.018815,0.7392254,-2.102435
RIPS,629.6689,-1.018663,0.7393591,-2.102357
RIPS,629.6772,-1.018548,0.7394516,-2.102201
RIPS,629.6868,-1.018464,0.7396153,-2.102095
RIPS,629.6939,-1.018248,0.7399482,-2.102086
RIPS,629.7023,-1.018149,0.7401152,-2.101988
RIPS,629.7111,-1.018188,0.7402439,-2.101799
RIPS,629.7186,-1.018084,0.7402483,-2.101701
RIPS,629.7278,-1.018077,0.7401428,-2.101559
RIPS,629.7357,-1.018007,0.7401626,-2.101467
RIPS,629.744,-1.017956,0.7401655,-2.101491
RIPS,629.7521,-1.017933,0.740149,-2.101469
RIPS,629.7604,-1.017882,0.7400773,-2.10148
RIPS,629.769,-1.017743,0.7400945,-2.101454
RIPS,629.7776,-1.017606,0.740151,-2.101352
RIPS,629.7854,-1.017558,0.7403895,-2.101182
RIPS,629.7938,-1.017446,0.7405781,-2.101031
RIPS,629.8027,-1.017316,0.7407508,-2.100865
RIPS,629.8106,-1.017186,0.7407907,-2.100772
RIPS,629.8188,-1.01726,0.7406763,-2.100675
RIPS,629.8273,-1.017206,0.7406874,-2.100638
RIPS,629.8354,-1.017222,0.7407136,-2.100725
RIPS,629.8448,-1.017167,0.7407407,-2.100709
RIPS,629.8524,-1.017053,0.7406635,-2.100732
RIPS,629.8605,-1.017025,0.7406927,-2.100687
RIPS,629.8689,-1.016914,0.7408735,-2.100687
RIPS,629.8771,-1.016861,0.7410052,-2.100615
RIPS,629.8867,-1.016834,0.741263,-2.100555
RIPS,629.8941,-1.016797,0.7412886,-2.100459
RIPS,629.9022,-1.016727,0.7413489,-2.100414
RIPS,629.9108,-1.016698,0.7414532,-2.100381
RIPS,629.9187,-1.016708,0.7415242,-2.100383
RIPS,629.9275,-1.01667,0.7413777,-2.100328
RIPS,629.9354,-1.016739,0.7413865,-2.100466
RIPS,629.944,-1.016716,0.7412543,-2.100371
RIPS,629.952,-1.016668,0.7412747,-2.100309
RIPS,629.9606,-1.016652,0.7414015,-2.100293
RIPS,629.9684,-1.016603,0.7415192,-2.100234
RIPS,629.978,-1.016539,0.7416613,-2.100146
RIPS,629.9855,-1.016547,0.7419634,-2.100114
RIPS,629.9941,-1.016523,0.7419955,-2.100054
RIPS,630.002,-1.016478,0.7420389,-2.100023
RIPS,630.0103,-1.01649,0.7420617,-2.100056
RIPS,630.019,-1.016502,0.7420397,-2.099996
RIPS,630.0273,-1.016473,0.7420495,-2.099961
RIPS,630.0354,-1.016479,0.742035,-2.099879
RIPS,630.0455,-1.01647,0.7419907,-2.099791
RIPS,630.0532,-1.016424,0.7419824,-2.099686
RIPS,630.0605,-1.016415,0.7420345,-2.099635
RIPS,630.0687,-1.016357,0.7420825,-2.0996
RIPS,630.0771,-1.016313,0.742141,-2.099556
RIPS,630.0863,-1.016188,0.7422202,-2.099546
RIPS,630.0941,-1.016179,0.7422642,-2.099536
RIPS,630.1022,-1.016133,0.7422727,-2.099478
RIPS,630.1109,-1.016179,0.7423548,-2.099495
RIPS,630.119,-1.016188,0.7423372,-2.099526
RIPS,630.1277,-1.016296,0.7423567,-2.099445
RIPS,630.1356,-1.016372,0.7424501,-2.099527
RIPS,630.1437,-1.016448,0.7423981,-2.099496
RIPS,630.1525,-1.016483,0.7424299,-2.099504
RIPS,630.1605,-1.016524,0.7424291,-2.099544
RIPS,630.169,-1.016577,0.7423984,-2.099543
RIPS,630.1777,-1.016658,0.7424616,-2.099608
RIPS,630.1853,-1.016642,0.7424362,-2.099622
RIPS,630.1937,-1.016567,0.7423748,-2.099674
RIPS,630.2026,-1.016584,0.7423827,-2.099717
RIPS,630.2113,-1.016579,0.7425476,-2.099806
RIPS,630.2187,-1.016564,0.7425991,-2.099821
RIPS,630.227,-1.016521,0.7425798,-2.099857
RIPS,630.2352,-1.016574,0.7426069,-2.099938
RIPS,630.2446,-1.016632,0.7426265,-2.099979
RIPS,630.2521,-1.016693,0.742617,-2.10003
RIPS,630.2607,-1.01671,0.7425579,-2.100062
RIPS,630.2687,-1.016889,0.7423576,-2.099915
RIPS,630.2773,-1.016915,0.7423444,-2.099882
RIPS,630.2861,-1.016977,0.7423249,-2.099858
RIPS,630.2939,-1.016945,0.7423853,-2.099904
RIPS,630.3017,-1.016972,0.7423834,-2.099924
RIPS,630.3116,-1.016893,0.7425525,-2.100017
RIPS,630.319,-1.0169,0.7425435,-2.099998
RIPS,630.3276,-1.016823,0.742591,-2.099989
RIPS,630.3357,-1.016845,0.742613,-2.099995
RIPS,630.3438,-1.016874,0.7426574,-2.100063
RIPS,630.3519,-1.016901,0.7424709,-2.100045
RIPS,630.3607,-1.016931,0.7423872,-2.100094
RIPS,630.3683,-1.01705,0.7422727,-2.100082
RIPS,630.3774,-1.017073,0.7422835,-2.100093
RIPS,630.3853,-1.01719,0.7422882,-2.100076
RIPS,630.3939,-1.017261,0.7422895,-2.100132
RIPS,630.4019,-1.017321,0.7422532,-2.100095
RIPS,630.4108,-1.017301,0.742281,-2.100124
RIPS,630.4188,-1.01734,0.742344,-2.10013
RIPS,630.4271,-1.017422,0.7424884,-2.10023
RIPS,630.4351,-1.017496,0.7425409,-2.100253
RIPS,630.4441,-1.017561,0.7425958,-2.10034
RIPS,630.452,-1.017779,0.7426697,-2.10033
RIPS,630.4604,-1.017819,0.7425887,-2.100369
RIPS,630.4689,-1.01775,0.7423885,-2.10038
RIPS,630.4784,-1.017816,0.7423464,-2.100415
RIPS,630.489,-1.017883,0.7422814,-2.100376
RIPS,630.4953,-1.017912,0.7423637,-2.10033
RIPS,630.5005,-1.018072,0.7423289,-2.100216
RIPS,630.5091,-1.018025,0.7423522,-2.1002
RIPS,630.5172,-1.01802,0.7424436,-2.10023
RIPS,630.526,-1.018079,0.7425036,-2.100156
RIPS,630.5339,-1.018137,0.7424907,-2.100115
RIPS,630.5419,-1.018092,0.7425424,-2.100091
RIPS,630.5499,-1.018201,0.742653,-2.100031
RIPS,630.5585,-1.018225,0.7427673,-2.100007
RIPS,630.5669,-1.01826,0.7427539,-2.099907
RIPS,630.5757,-1.018324,0.7427893,-2.099889
RIPS,630.5839,-1.018386,0.7428033,-2.099863
RIPS,630.5922,-1.018558,0.7426224,-2.099857
RIPS,630.6005,-1.018631,0.7426516,-2.099826
RIPS,630.6087,-1.018678,0.7427418,-2.099881
RIPS,630.617,-1.01873,0.7428546,-2.099773
RIPS,630.6257,-1.018794,0.7430297,-2.099659
RIPS,630.6353,-1.018839,0.7433658,-2.099542
RIPS,630.6451,-1.018863,0.7438273,-2.099372
RIPS,630.6519,-1.018902,0.7441375,-2.099335
RIPS,630.6585,-1.018956,0.7443659,-2.099297
RIPS,630.6666,-1.019005,0.7445704,-2.09928
RIPS,630.6751,-1.019166,0.7444988,-2.09937
RIPS,630.6841,-1.019355,0.744366,-2.099374
RIPS,630.692,-1.019535,0.7441389,-2.099435
RIPS,630.7003,-1.019665,0.7441013,-2.099426
RIPS,630.7099,-1.019717,0.7440875,-2.099378
RIPS,630.717,-1.019777,0.744312,-2.099254
RIPS,630.7265,-1.019961,0.7445483,-2.099232
RIPS,630.7336,-1.020036,0.7448965,-2.099095
RIPS,630.7421,-1.02007,0.7453124,-2.098842
RIPS,630.7501,-1.020205,0.7456917,-2.098738
RIPS,630.7587,-1.020381,0.745986,-2.098628
RIPS,630.767,-1.02066,0.7461509,-2.098674
RIPS,630.7762,-1.021034,0.7461901,-2.098801
RIPS,630.7842,-1.021436,0.7462793,-2.098673
RIPS,630.7925,-1.021788,0.7461923,-2.098734
RIPS,630.8007,-1.022172,0.7460087,-2.098718
RIPS,630.8094,-1.02248,0.7459943,-2.09877
RIPS,630.8171,-1.02267,0.7460212,-2.098677
RIPS,630.8257,-1.022937,0.7462368,-2.098644
RIPS,630.8342,-1.023141,0.7465881,-2.098547
RIPS,630.843,-1.023351,0.746973,-2.098564
RIPS,630.8508,-1.023642,0.7472607,-2.098577
RIPS,630.8592,-1.023905,0.7475652,-2.098542
RIPS,630.8675,-1.024245,0.7478436,-2.098655
RIPS,630.8756,-1.024651,0.7480023,-2.098862
RIPS,630.8856,-1.025001,0.7479336,-2.099037
RIPS,630.8924,-1.025419,0.7477432,-2.099318
RIPS,630.9007,-1.025679,0.7474739,-2.099456
RIPS,630.9095,-1.02606,0.7473918,-2.099664
RIPS,630.9177,-1.02633,0.7473111,-2.099721
RIPS,630.9268,-1.026627,0.7472014,-2.099658
RIPS,630.9346,-1.026964,0.7472609,-2.099619
RIPS,630.9428,-1.027284,0.7473438,-2.099479
RIPS,630.9512,-1.027684,0.7477524,-2.099354
RIPS,630.96,-1.02814,0.7481341,-2.099519
RIPS,630.9681,-1.028552,0.7484794,-2.099492
RIPS,630.9772,-1.029068,0.7488952,-2.099671
RIPS,630.985,-1.029579,0.7491404,-2.099734
RIPS,630.9935,-1.03003,0.7493708,-2.099737
RIPS,631.0015,-1.030632,0.7492136,-2.099726
RIPS,631.0101,-1.031101,0.7492214,-2.099733
RIPS,631.0186,-1.031638,0.7490783,-2.099745
RIPS,631.0269,-1.032227,0.7489033,-2.099721
RIPS,631.0356,-1.032816,0.7487624,-2.099775
RIPS,631.0445,-1.033298,0.7488133,-2.099713
RIPS,631.0524,-1.033978,0.7489907,-2.099846
RIPS,631.0611,-1.034444,0.7493108,-2.099955
RIPS,631.0687,-1.034986,0.7496012,-2.09987
RIPS,631.0771,-1.035488,0.7498799,-2.099955
RIPS,631.0861,-1.036034,0.7501485,-2.099778
RIPS,631.0937,-1.036648,0.7504793,-2.099664
RIPS,631.1018,-1.037453,0.7508033,-2.099446
RIPS,631.1108,-1.038194,0.751041,-2.099314
RIPS,631.1182,-1.038921,0.7513443,-2.099013
RIPS,631.1276,-1.039551,0.7516458,-2.098528
RIPS,631.1352,-1.040116,0.7519661,-2.097949
RIPS,631.1434,-1.040492,0.7523335,-2.097303
RIPS,631.1521,-1.040942,0.7527037,-2.096797
RIPS,631.1604,-1.041209,0.7531279,-2.096316
RIPS,631.1688,-1.041625,0.7536034,-2.095932
RIPS,631.1777,-1.042144,0.7542148,-2.095492
RIPS,631.1851,-1.042581,0.7547716,-2.094903
RIPS,631.1938,-1.043112,0.755392,-2.094373
RIPS,631.2017,-1.043662,0.7560023,-2.093658
RIPS,631.2114,-1.044196,0.7566949,-2.092724
RIPS,631.2183,-1.04477,0.7575842,-2.091327
RIPS,631.2269,-1.045055,0.7584414,-2.089869
RIPS,631.2354,-1.045158,0.7600041,-2.087251
RIPS,631.244,-1.045733,0.7601101,-2.086985
RIPS,631.2516,-1.046294,0.7603111,-2.086885
RIPS,631.2599,-1.046884,0.7605678,-2.086888
RIPS,631.2682,-1.047481,0.7608712,-2.086857
RIPS,631.277,-1.048117,0.7612569,-2.086783
RIPS,631.286,-1.048626,0.7615449,-2.086534
RIPS,631.2936,-1.049263,0.7619538,-2.086166
RIPS,631.3016,-1.049798,0.7623927,-2.085969
RIPS,631.3103,-1.050202,0.7630831,-2.085029
RIPS,631.3186,-1.050707,0.7635338,-2.084693
RIPS,631.3271,-1.051332,0.7637413,-2.084648
RIPS,631.3353,-1.051795,0.7639295,-2.08471
RIPS,631.3434,-1.052167,0.7641863,-2.08464
RIPS,631.352,-1.052595,0.7644609,-2.084478
RIPS,631.36,-1.053052,0.7646905,-2.084389
RIPS,631.3683,-1.053589,0.7648994,-2.084221
RIPS,631.377,-1.054188,0.7650949,-2.083994
RIPS,631.3855,-1.054656,0.7653731,-2.083829
RIPS,631.3935,-1.055147,0.7657816,-2.083459
RIPS,631.4024,-1.055588,0.766096,-2.083312
RIPS,631.41,-1.055877,0.7665223,-2.083226
RIPS,631.4189,-1.056297,0.7668776,-2.083127
RIPS,631.4267,-1.056652,0.7672929,-2.082917
RIPS,631.4348,-1.057237,0.7675027,-2.082886
RIPS,631.4442,-1.057711,0.7678594,-2.082704
RIPS,631.4514,-1.058272,0.7681805,-2.08254
RIPS,631.4603,-1.058873,0.768535,-2.082018
RIPS,631.4683,-1.059426,0.7690506,-2.081103
RIPS,631.4767,-1.05977,0.7697865,-2.080223
RIPS,631.486,-1.060072,0.7712671,-2.077765
RIPS,631.4936,-1.060441,0.7718166,-2.077689
RIPS,631.5013,-1.0608,0.7722555,-2.077692
RIPS,631.5104,-1.061098,0.7726659,-2.077638
RIPS,631.5182,-1.061584,0.7730595,-2.077589
RIPS,631.5273,-1.06181,0.7733507,-2.077606
RIPS,631.5351,-1.062183,0.7736059,-2.077775
RIPS,631.5436,-1.062789,0.7738671,-2.078057
RIPS,631.5515,-1.063446,0.7741167,-2.078491
RIPS,631.5601,-1.064244,0.7743168,-2.078975
RIPS,631.5684,-1.065149,0.7745132,-2.079601
RIPS,631.5768,-1.065806,0.7747177,-2.079998
RIPS,631.5851,-1.066443,0.7748897,-2.080003
RIPS,631.5934,-1.067079,0.775061,-2.079902
RIPS,631.6018,-1.067496,0.7753564,-2.07992
RIPS,631.6101,-1.068063,0.7754447,-2.0794
RIPS,631.6182,-1.068508,0.7756456,-2.079184
RIPS,631.6265,-1.069013,0.7758587,-2.079095
RIPS,631.6351,-1.069709,0.7759519,-2.079023
RIPS,631.6439,-1.070224,0.7761858,-2.079273
RIPS,631.6519,-1.070633,0.776425,-2.07954
RIPS,631.6601,-1.071018,0.7766137,-2.079847
RIPS,631.6681,-1.071281,0.7768288,-2.080183
RIPS,631.6764,-1.071544,0.7770123,-2.080421
RIPS,631.686,-1.071847,0.7771285,-2.080489
RIPS,631.6931,-1.071914,0.7773452,-2.080379
RIPS,631.7015,-1.071971,0.7774143,-2.080239
RIPS,631.7106,-1.072091,0.7774892,-2.080019
RIPS,631.7182,-1.072237,0.7774971,-2.079808
RIPS,631.7271,-1.072354,0.7775458,-2.079652
RIPS,631.735,-1.072493,0.7775092,-2.079646
RIPS,631.7431,-1.07277,0.7774923,-2.079697
RIPS,631.7515,-1.072924,0.7775491,-2.079895
RIPS,631.7599,-1.073268,0.7775594,-2.080023
RIPS,631.7684,-1.073395,0.7775609,-2.080069
RIPS,631.7769,-1.0736,0.7776638,-2.080006
RIPS,631.7852,-1.073737,0.7777232,-2.079957
RIPS,631.7932,-1.073817,0.7777876,-2.079766
RIPS,631.8016,-1.073864,0.7778245,-2.079649
RIPS,631.8101,-1.073915,0.7778736,-2.07961
RIPS,631.8181,-1.073883,0.7778576,-2.079705
RIPS,631.8265,-1.073892,0.7778685,-2.079875
RIPS,631.8353,-1.073936,0.7779311,-2.080031
RIPS,631.8438,-1.073949,0.7779512,-2.080127
RIPS,631.8516,-1.074034,0.7779836,-2.080196
RIPS,631.86,-1.074111,0.7779402,-2.080132
RIPS,631.8683,-1.074149,0.7779725,-2.080075
RIPS,631.8764,-1.074268,0.7780325,-2.080024
RIPS,631.8859,-1.074287,0.7780335,-2.079984
RIPS,631.8935,-1.07437,0.7779789,-2.080001
RIPS,631.9014,-1.074422,0.7779403,-2.07996
RIPS,631.9106,-1.074387,0.7779104,-2.07999
RIPS,631.9182,-1.074425,0.7778051,-2.08004
RIPS,631.9271,-1.074363,0.7777926,-2.080051
RIPS,631.9349,-1.074281,0.7777654,-2.080057
RIPS,631.9432,-1.074242,0.777712,-2.080106
RIPS,631.9512,-1.074173,0.7777091,-2.080091
RIPS,631.9601,-1.074155,0.7777818,-2.080093
RIPS,631.9679,-1.074158,0.7778109,-2.0801
RIPS,631.9771,-1.074226,0.7777834,-2.080163
RIPS,631.9847,-1.074249,0.7777417,-2.080165
RIPS,631.9933,-1.074284,0.777667,-2.080158
RIPS,632.0015,-1.074311,0.777612,-2.0801
RIPS,632.0101,-1.074218,0.7775642,-2.080055
RIPS,632.0181,-1.074134,0.777483,-2.080036
RIPS,632.0264,-1.074076,0.7774698,-2.08002
RIPS,632.0352,-1.073969,0.7774686,-2.080014
RIPS,632.0441,-1.073843,0.7774467,-2.080095
RIPS,632.0518,-1.073707,0.7774943,-2.080112
RIPS,632.0611,-1.073605,0.777474,-2.080176
RIPS,632.0682,-1.073529,0.7774203,-2.080227
RIPS,632.0764,-1.073529,0.7773684,-2.080232
RIPS,632.0858,-1.073513,0.7773007,-2.080245
RIPS,632.093,-1.073568,0.7771917,-2.080252
RIPS,632.1019,-1.073513,0.7771642,-2.080296
RIPS,632.11,-1.07352,0.777122,-2.08032
RIPS,632.118,-1.073382,0.7770193,-2.080407
RIPS,632.1271,-1.073388,0.7770026,-2.080393
RIPS,632.1349,-1.073173,0.7770281,-2.080405
RIPS,632.1431,-1.073111,0.7769863,-2.080435
RIPS,632.1517,-1.073028,0.7770205,-2.080526
RIPS,632.1601,-1.072785,0.7769855,-2.080527
RIPS,632.1683,-1.07269,0.7769442,-2.080592
RIPS,632.1769,-1.072577,0.7768655,-2.080674
RIPS,632.1851,-1.07252,0.7768019,-2.080782
RIPS,632.1931,-1.072408,0.7766246,-2.080757
RIPS,632.2017,-1.072635,0.776551,-2.080723
RIPS,632.2109,-1.072548,0.7765039,-2.080657
RIPS,632.2183,-1.072562,0.7764393,-2.080652
RIPS,632.2266,-1.072487,0.7763246,-2.080642
RIPS,632.2349,-1.072423,0.7763273,-2.08071
RIPS,632.2437,-1.072385,0.7764083,-2.080779
RIPS,632.2517,-1.072359,0.7763979,-2.080913
RIPS,632.2598,-1.072135,0.7765781,-2.080985
RIPS,632.2682,-1.072092,0.7765829,-2.081076
RIPS,632.2766,-1.071912,0.7765527,-2.08112
RIPS,632.2861,-1.071855,0.776551,-2.081113
RIPS,632.2932,-1.07178,0.7765049,-2.081034
RIPS,632.3013,-1.071658,0.7764804,-2.080967
RIPS,632.3109,-1.07158,0.7764751,-2.080957
RIPS,632.3181,-1.071639,0.7763541,-2.080976
RIPS,632.327,-1.071574,0.7763463,-2.081014
RIPS,632.3348,-1.071537,0.7763702,-2.081151
RIPS,632.343,-1.071486,0.7763495,-2.081292
RIPS,632.3514,-1.071461,0.7764326,-2.081434
RIPS,632.3601,-1.071423,0.776396,-2.081464
RIPS,632.3679,-1.071366,0.7763796,-2.081533
RIPS,632.377,-1.071306,0.7763078,-2.081558
RIPS,632.387,-1.071235,0.7762978,-2.081555
RIPS,632.3943,-1.071162,0.7762473,-2.08154
RIPS,632.4013,-1.071104,0.7762668,-2.081583
RIPS,632.4102,-1.071023,0.7762864,-2.08163
RIPS,632.418,-1.070961,0.7762943,-2.081762
RIPS,632.4266,-1.070902,0.7762919,-2.081855
RIPS,632.4347,-1.070846,0.7763798,-2.081964
RIPS,632.4439,-1.070788,0.7763581,-2.082055
RIPS,632.4517,-1.070747,0.7763845,-2.082089
RIPS,632.4598,-1.070695,0.7763621,-2.082061
RIPS,632.4686,-1.070623,0.7763613,-2.082093
RIPS,632.4786,-1.070409,0.7762975,-2.082076
RIPS,632.489,-1.070363,0.7762713,-2.082077
RIPS,632.4957,-1.070271,0.7761115,-2.082083
RIPS,632.5018,-1.070167,0.776094,-2.082101
RIPS,632.5076,-1.070073,0.7760869,-2.082122
RIPS,632.5162,-1.070005,0.7760403,-2.082229
RIPS,632.5253,-1.069931,0.7760202,-2.082319
RIPS,632.5326,-1.069841,0.7760306,-2.08236
RIPS,632.5411,-1.069873,0.7761071,-2.082378
RIPS,632.5491,-1.069801,0.7761183,-2.082386
RIPS,632.5576,-1.069712,0.7760804,-2.082363
RIPS,632.566,-1.069637,0.776045,-2.082259
RIPS,632.5749,-1.069569,0.7759964,-2.082204
RIPS,632.5826,-1.069474,0.7760093,-2.082159
RIPS,632.5911,-1.069476,0.7759693,-2.082257
RIPS,632.5992,-1.06938,0.775914,-2.082301
RIPS,632.6078,-1.06936,0.7759067,-2.082397
RIPS,632.6158,-1.069386,0.7760056,-2.08253
RIPS,632.6245,-1.069354,0.7760407,-2.082567
RIPS,632.6324,-1.069387,0.7762164,-2.082642
RIPS,632.6415,-1.069419,0.7762729,-2.082649
RIPS,632.6495,-1.069388,0.7763064,-2.082634
RIPS,632.6575,-1.069406,0.7762831,-2.082656
RIPS,632.6666,-1.069349,0.7762232,-2.082643
RIPS,632.6747,-1.069313,0.7761329,-2.082664
RIPS,632.6835,-1.069248,0.7760317,-2.082728
RIPS,632.6913,-1.069218,0.7759109,-2.082786
RIPS,632.6995,-1.069157,0.7758785,-2.082918
RIPS,632.7083,-1.069104,0.7758269,-2.082872
RIPS,632.7162,-1.069168,0.7758493,-2.082875
RIPS,632.7255,-1.069241,0.7758169,-2.08288
RIPS,632.7327,-1.069255,0.7757908,-2.082853
RIPS,632.7412,-1.06932,0.7757885,-2.082745
RIPS,632.7491,-1.069307,0.7757027,-2.082731
RIPS,632.7579,-1.069329,0.7756418,-2.082788
RIPS,632.7659,-1.069372,0.7756623,-2.082888
RIPS,632.7754,-1.069319,0.7755968,-2.082875
RIPS,632.7831,-1.069268,0.7756051,-2.082909
RIPS,632.7916,-1.069212,0.7756249,-2.082892
RIPS,632.7997,-1.069297,0.7756558,-2.082756
RIPS,632.8087,-1.069328,0.7756746,-2.082767
RIPS,632.817,-1.069335,0.7758614,-2.082775
RIPS,632.8256,-1.069344,0.7759023,-2.082756
RIPS,632.8342,-1.06934,0.7760212,-2.082675
RIPS,632.8431,-1.069271,0.7761011,-2.082568
RIPS,632.8508,-1.069286,0.7761663,-2.082455
RIPS,632.8595,-1.069397,0.7761228,-2.082313
RIPS,632.8681,-1.069432,0.7761599,-2.082244
RIPS,632.8766,-1.069528,0.7761184,-2.08223
RIPS,632.8856,-1.069608,0.7761651,-2.082249
RIPS,632.8932,-1.069703,0.7762488,-2.082303
RIPS,632.9018,-1.069792,0.7763137,-2.082231
RIPS,632.9107,-1.06983,0.7763293,-2.082087
RIPS,632.9183,-1.069815,0.7765174,-2.081853
RIPS,632.9272,-1.069855,0.7765252,-2.081615
RIPS,632.9368,-1.069831,0.7765543,-2.081326
RIPS,632.9453,-1.069764,0.7765369,-2.081069
RIPS,632.9508,-1.069784,0.7764528,-2.080844
RIPS,632.9592,-1.069765,0.7764104,-2.080738
RIPS,632.9672,-1.06975,0.7765583,-2.080823
RIPS,632.9772,-1.069761,0.7765588,-2.080836
RIPS,632.9839,-1.069817,0.7766386,-2.080801
RIPS,632.9926,-1.069854,0.7767493,-2.080702
RIPS,633.0007,-1.069867,0.7767803,-2.080562
RIPS,633.0092,-1.069842,0.7769815,-2.080384
RIPS,633.0172,-1.0698,0.7769377,-2.080154
RIPS,633.0261,-1.069768,0.7769566,-2.079942
RIPS,633.034,-1.069771,0.7769338,-2.079749
RIPS,633.0434,-1.069817,0.7769203,-2.079647
RIPS,633.051,-1.06986,0.7768517,-2.079522
RIPS,633.0596,-1.07012,0.7768296,-2.079495
RIPS,633.0684,-1.070265,0.7768404,-2.07954
RIPS,633.0759,-1.070378,0.7767492,-2.079481
RIPS,633.0855,-1.070569,0.7767297,-2.079489
RIPS,633.0926,-1.070673,0.7768849,-2.079475
RIPS,633.1004,-1.070687,0.7768044,-2.079165
RIPS,633.1097,-1.070793,0.7767587,-2.079081
RIPS,633.1172,-1.070864,0.7767411,-2.078988
RIPS,633.1265,-1.07099,0.7767021,-2.078974
RIPS,633.134,-1.071149,0.7767067,-2.07897
RIPS,633.1425,-1.071414,0.7766611,-2.079072
RIPS,633.1506,-1.071601,0.776487,-2.079071
RIPS,633.1591,-1.071841,0.7764979,-2.079233
RIPS,633.1671,-1.071975,0.7764546,-2.07926
RIPS,633.176,-1.071844,0.7764338,-2.079159
RIPS,633.1841,-1.071929,0.7764246,-2.079169
RIPS,633.1924,-1.072017,0.7765324,-2.079161
RIPS,633.2005,-1.071913,0.7765468,-2.079057
RIPS,633.2101,-1.07198,0.7765343,-2.079098
RIPS,633.2175,-1.071973,0.776625,-2.079199
RIPS,633.2259,-1.072041,0.7766132,-2.079247
RIPS,633.2339,-1.072126,0.7766312,-2.079358
RIPS,633.2434,-1.072182,0.7766119,-2.079358
RIPS,633.2512,-1.072197,0.776516,-2.079343
RIPS,633.2595,-1.072221,0.776512,-2.079455
RIPS,633.2683,-1.072217,0.7765324,-2.079452
RIPS,633.2764,-1.072213,0.776511,-2.079458
RIPS,633.2856,-1.072128,0.7765229,-2.079435
RIPS,633.2933,-1.072102,0.7766349,-2.079493
RIPS,633.3013,-1.072088,0.7766365,-2.079537
RIPS,633.3102,-1.072075,0.7766626,-2.079599
RIPS,633.3181,-1.072154,0.7766317,-2.07957
RIPS,633.327,-1.072139,0.7766414,-2.079578
RIPS,633.335,-1.072132,0.7765679,-2.079599
RIPS,633.3431,-1.072114,0.7765577,-2.07957
RIPS,633.3516,-1.072065,0.7765064,-2.079553
RIPS,633.3599,-1.072034,0.7764983,-2.079521
RIPS,633.368,-1.071993,0.7764542,-2.079457
RIPS,633.3771,-1.071982,0.7764092,-2.079456
RIPS,633.3848,-1.071933,0.7763911,-2.079464
RIPS,633.3932,-1.072108,0.7763392,-2.079524
RIPS,633.4018,-1.072063,0.7763178,-2.079554
RIPS,633.4138,-1.072007,0.7763072,-2.079595
RIPS,633.4225,-1.071913,0.7762606,-2.079539
RIPS,633.4325,-1.071857,0.7762257,-2.079519
RIPS,633.4411,-1.071718,0.7761737,-2.079442
RIPS,633.4493,-1.071734,0.7761455,-2.079413
RIPS,633.4577,-1.071719,0.7761776,-2.079392
RIPS,633.4661,-1.071671,0.7761532,-2.079385
RIPS,633.4742,-1.071583,0.7761857,-2.07941
RIPS,633.483,-1.071564,0.7761533,-2.079425
RIPS,633.491,-1.07156,0.7761441,-2.079459
RIPS,633.499,-1.071543,0.7761557,-2.079419
RIPS,633.5079,-1.071497,0.77617,-2.079288
RIPS,633.5161,-1.071553,0.7761431,-2.079274
RIPS,633.5253,-1.071497,0.77618,-2.079219
RIPS,633.5327,-1.071245,0.7761905,-2.079053
RIPS,633.541,-1.071174,0.7761865,-2.07904
RIPS,633.549,-1.071116,0.7761982,-2.079053
RIPS,633.5579,-1.070904,0.7762172,-2.079029
RIPS,633.5658,-1.070823,0.7762265,-2.079038
RIPS,633.5745,-1.070678,0.7763984,-2.078964
RIPS,633.5831,-1.070543,0.7763993,-2.078887
RIPS,633.5909,-1.070399,0.7763665,-2.078758
RIPS,633.5992,-1.070229,0.7762907,-2.078704
RIPS,633.6079,-1.070127,0.7762619,-2.078533
RIPS,633.616,-1.069997,0.776235,-2.078532
RIPS,633.6242,-1.069919,0.7762837,-2.07848
RIPS,633.6326,-1.069832,0.776293,-2.078553
RIPS,633.6409,-1.069715,0.7763546,-2.078619
RIPS,633.649,-1.069587,0.7765447,-2.078643
RIPS,633.6576,-1.069475,0.7766137,-2.078628
RIPS,633.6658,-1.069293,0.7766809,-2.078523
RIPS,633.6743,-1.069202,0.7768652,-2.078414
RIPS,633.6827,-1.068956,0.7769029,-2.078216
RIPS,633.6909,-1.068689,0.7768959,-2.078027
RIPS,633.699,-1.068482,0.7769014,-2.077844
RIPS,633.7084,-1.068284,0.7768499,-2.077651
RIPS,633.716,-1.068106,0.7766644,-2.077506
RIPS,633.7252,-1.067938,0.7766531,-2.07748
RIPS,633.7328,-1.067817,0.776547,-2.077447
RIPS,633.7411,-1.067558,0.7765064,-2.077334
RIPS,633.7497,-1.06728,0.7764728,-2.0772
RIPS,633.7581,-1.067145,0.7765046,-2.077196
RIPS,633.7665,-1.066734,0.7764848,-2.076988
RIPS,633.7762,-1.06638,0.7765934,-2.076808
RIPS,633.7838,-1.066038,0.7765496,-2.076615
RIPS,633.7924,-1.065623,0.776486,-2.076435
RIPS,633.8004,-1.06523,0.7764814,-2.076246
RIPS,633.8093,-1.064824,0.7764743,-2.076036
RIPS,633.8177,-1.064438,0.7763554,-2.075899
RIPS,633.826,-1.064106,0.7763335,-2.075723
RIPS,633.8348,-1.063766,0.776242,-2.075505
RIPS,633.8436,-1.063383,0.7762734,-2.075331
RIPS,633.8516,-1.062958,0.7762251,-2.075125
RIPS,633.86,-1.062616,0.776232,-2.074942
RIPS,633.8679,-1.061974,0.7762438,-2.074606
RIPS,633.8763,-1.061568,0.7761325,-2.074444
RIPS,633.8856,-1.060901,0.7760083,-2.074093
RIPS,633.8932,-1.060284,0.7757609,-2.073934
RIPS,633.9012,-1.059732,0.7755213,-2.073739
RIPS,633.9104,-1.059027,0.7750857,-2.073402
RIPS,633.9178,-1.058381,0.774744,-2.073204
RIPS,633.9271,-1.057762,0.7742958,-2.072865
RIPS,633.9348,-1.057191,0.7739568,-2.072613
RIPS,633.9436,-1.05674,0.7735803,-2.072406
RIPS,633.951,-1.056244,0.7734395,-2.072183
RIPS,633.96,-1.055696,0.7731566,-2.071949
RIPS,633.9679,-1.055232,0.772981,-2.071826
RIPS,633.9772,-1.054664,0.772655,-2.071528
RIPS,633.9847,-1.054201,0.7716468,-2.073052
RIPS,633.9933,-1.053475,0.7710857,-2.073764
RIPS,634.0012,-1.052807,0.7706782,-2.074239
RIPS,634.0102,-1.052043,0.7702717,-2.074706
RIPS,634.0181,-1.051229,0.7699553,-2.074606
RIPS,634.0267,-1.050372,0.7696262,-2.074606
RIPS,634.0347,-1.049536,0.7692005,-2.074448
RIPS,634.0439,-1.048702,0.768751,-2.074303
RIPS,634.0515,-1.047891,0.7683791,-2.07423
RIPS,634.0602,-1.047089,0.7679361,-2.074183
RIPS,634.0677,-1.046422,0.767535,-2.074223
RIPS,634.0762,-1.045727,0.767274,-2.074221
RIPS,634.0856,-1.045075,0.7671875,-2.07427
RIPS,634.0928,-1.044312,0.7670994,-2.074191
RIPS,634.1013,-1.043554,0.7670664,-2.074091
RIPS,634.1099,-1.04276,0.7669207,-2.073854
RIPS,634.1185,-1.041978,0.7666634,-2.073596
RIPS,634.1271,-1.041078,0.7662442,-2.073386
RIPS,634.1348,-1.040211,0.7658489,-2.073258
RIPS,634.1432,-1.039389,0.7652731,-2.073199
RIPS,634.1513,-1.038558,0.7649853,-2.072988
RIPS,634.1599,-1.037847,0.7648668,-2.072858
RIPS,634.1686,-1.037097,0.7647102,-2.072625
RIPS,634.1771,-1.036431,0.7645637,-2.07251
RIPS,634.1844,-1.035727,0.7645311,-2.072474
RIPS,634.1929,-1.034992,0.7643132,-2.072389
RIPS,634.2013,-1.034167,0.7641203,-2.072576
RIPS,634.2132,-1.033319,0.7638098,-2.072593
RIPS,634.2189,-1.032233,0.7629389,-2.072793
RIPS,634.2264,-1.031666,0.7625972,-2.072906
RIPS,634.2344,-1.030945,0.7621676,-2.073026
RIPS,634.2437,-1.03028,0.7618928,-2.073039
RIPS,634.251,-1.029672,0.7617025,-2.073154
RIPS,634.2598,-1.02956,0.7607588,-2.075333
RIPS,634.2679,-1.029239,0.7604831,-2.076368
RIPS,634.2762,-1.028813,0.7603407,-2.076906
RIPS,634.2858,-1.028414,0.7601326,-2.07731
RIPS,634.2933,-1.027875,0.7596855,-2.077727
RIPS,634.3013,-1.0274,0.7590798,-2.07812
RIPS,634.3105,-1.026874,0.7580574,-2.078456
RIPS,634.3181,-1.026489,0.757483,-2.078909
RIPS,634.3275,-1.025972,0.7564778,-2.079308
RIPS,634.3349,-1.026057,0.7548056,-2.082086
RIPS,634.3431,-1.026067,0.7534202,-2.084421
RIPS,634.3512,-1.025975,0.7524999,-2.086317
RIPS,634.3599,-1.025818,0.7518317,-2.087735
RIPS,634.3679,-1.025604,0.7513484,-2.088591
RIPS,634.3768,-1.025441,0.7507927,-2.089513
RIPS,634.3845,-1.025227,0.750287,-2.09025
RIPS,634.3931,-1.025006,0.7494974,-2.091114
RIPS,634.4014,-1.024783,0.7486012,-2.091876
RIPS,634.4101,-1.024593,0.7472973,-2.092684
RIPS,634.418,-1.024523,0.7463239,-2.093845
RIPS,634.4264,-1.0243,0.7448736,-2.095046
RIPS,634.4345,-1.024147,0.7438352,-2.096173
RIPS,634.4436,-1.023942,0.7430123,-2.096959
RIPS,634.4514,-1.023726,0.7425776,-2.097652
RIPS,634.46,-1.023617,0.7420447,-2.098355
RIPS,634.468,-1.023529,0.7421093,-2.098655
RIPS,634.4764,-1.023228,0.74212,-2.09885
RIPS,634.486,-1.023012,0.7420331,-2.099125
RIPS,634.4933,-1.022913,0.7417343,-2.099355
RIPS,634.5014,-1.022631,0.7413147,-2.09974
RIPS,634.5101,-1.022537,0.7408607,-2.100166
RIPS,634.5176,-1.022429,0.7404186,-2.100535
RIPS,634.5267,-1.02241,0.7399012,-2.10091
RIPS,634.5347,-1.022323,0.7395165,-2.10125
RIPS,634.5429,-1.02227,0.7392776,-2.101536
RIPS,634.5513,-1.02216,0.7391598,-2.101827
RIPS,634.5597,-1.02208,0.7390846,-2.101988
RIPS,634.5682,-1.022009,0.7389924,-2.102172
RIPS,634.5767,-1.021773,0.7390844,-2.102279
RIPS,634.5846,-1.02164,0.7392074,-2.102251
RIPS,634.593,-1.021452,0.7393153,-2.102235
RIPS,634.6011,-1.021383,0.7395075,-2.102228
RIPS,634.6102,-1.021381,0.739675,-2.102274
RIPS,634.618,-1.021255,0.7396815,-2.102282
RIPS,634.6264,-1.021163,0.7395245,-2.102262
RIPS,634.6347,-1.021037,0.7393743,-2.102303
RIPS,634.6436,-1.020884,0.739149,-2.102279
RIPS,634.6514,-1.020697,0.7389979,-2.10218
RIPS,634.6595,-1.02045,0.7386718,-2.102039
RIPS,634.668,-1.020143,0.7385467,-2.101749
RIPS,634.6765,-1.019945,0.7385399,-2.101576
RIPS,634.6853,-1.019738,0.7386969,-2.1014
RIPS,634.6932,-1.019663,0.7389356,-2.101248
RIPS,634.7012,-1.019481,0.7392471,-2.101079
RIPS,634.7103,-1.019364,0.7393265,-2.101042
RIPS,634.7178,-1.019358,0.7395337,-2.10119
RIPS,634.7269,-1.019314,0.739554,-2.101233
RIPS,634.7345,-1.019219,0.7394854,-2.101506
RIPS,634.743,-1.019238,0.7393715,-2.101643
RIPS,634.7512,-1.019263,0.7393171,-2.101696
RIPS,634.7597,-1.01924,0.7392512,-2.101761
RIPS,634.7677,-1.019208,0.7392123,-2.101836
RIPS,634.777,-1.019199,0.7392351,-2.101891
RIPS,634.7845,-1.019173,0.7393294,-2.10192
RIPS,634.7928,-1.019239,0.7395818,-2.101831
RIPS,634.8013,-1.01914,0.7398379,-2.101782
RIPS,634.8098,-1.019,0.739854,-2.101596
RIPS,634.8176,-1.018927,0.7399526,-2.101623
RIPS,634.8265,-1.018847,0.739963,-2.101654
RIPS,634.902,-1.018723,0.7398934,-2.101731
RIPS,634.9098,-1.018894,0.740329,-2.102025
RIPS,634.9164,-1.018267,0.7403601,-2.101568
RIPS,634.9252,-1.018214,0.7404092,-2.101528
RIPS,634.9321,-1.018108,0.7404267,-2.101524
RIPS,634.9409,-1.018062,0.7403914,-2.10147
RIPS,634.9491,-1.017995,0.740344,-2.101405
RIPS,634.9579,-1.017964,0.7402695,-2.101326
RIPS,634.9658,-1.017931,0.7402581,-2.101151
RIPS,634.9746,-1.017844,0.7402434,-2.101066
RIPS,634.9829,-1.017842,0.7402847,-2.100981
RIPS,634.9908,-1.017751,0.7403984,-2.100937
RIPS,634.999,-1.017762,0.7405369,-2.100924
RIPS,635.0076,-1.017827,0.7405845,-2.100969
RIPS,635.0156,-1.017889,0.7406024,-2.10108
RIPS,635.024,-1.017905,0.7405646,-2.10124
RIPS,635.0323,-1.017878,0.740508,-2.101299
RIPS,635.0413,-1.017882,0.7404587,-2.101337
RIPS,635.0508,-1.017957,0.7404042,-2.10141
RIPS,635.0576,-1.017923,0.7404307,-2.101344
RIPS,635.0657,-1.017941,0.7404413,-2.101351
RIPS,635.074,-1.017948,0.7406456,-2.101229
RIPS,635.0836,-1.017902,0.740712,-2.101179
RIPS,635.0907,-1.017817,0.740802,-2.101156
RIPS,635.0989,-1.017771,0.7408196,-2.101157
RIPS,635.1076,-1.01771,0.7407476,-2.101089
RIPS,635.116,-1.017656,0.7407706,-2.101089
RIPS,635.1249,-1.017634,0.7406645,-2.101065
RIPS,635.1324,-1.017699,0.7406178,-2.101082
RIPS,635.1405,-1.017707,0.7406386,-2.101051
RIPS,635.1492,-1.017734,0.740651,-2.101075
RIPS,635.1575,-1.017683,0.7405114,-2.101142
RIPS,635.1656,-1.017713,0.7405328,-2.101211
RIPS,635.1744,-1.017734,0.7405404,-2.101131
RIPS,635.1826,-1.017677,0.7405949,-2.10108
RIPS,635.1906,-1.017609,0.74072,-2.100945
RIPS,635.199,-1.01756,0.7407634,-2.100893
RIPS,635.2089,-1.017547,0.7408115,-2.10085
RIPS,635.2155,-1.017541,0.7408527,-2.100841
RIPS,635.2239,-1.01756,0.7408487,-2.100866
RIPS,635.2324,-1.017584,0.7408221,-2.100826
RIPS,635.2413,-1.017526,0.7408398,-2.10078
RIPS,635.2491,-1.017554,0.7408948,-2.100703
RIPS,635.2571,-1.017531,0.740959,-2.100638
RIPS,635.2656,-1.017573,0.74106,-2.100565
RIPS,635.2743,-1.017562,0.7410998,-2.100527
RIPS,635.2825,-1.017528,0.74106,-2.100496
RIPS,635.291,-1.017627,0.7411766,-2.100466
RIPS,635.2989,-1.017656,0.741212,-2.100485
RIPS,635.3077,-1.017621,0.741144,-2.100468
RIPS,635.316,-1.017631,0.7411772,-2.100436
RIPS,635.3249,-1.017583,0.7411315,-2.100471
RIPS,635.3326,-1.017601,0.7411803,-2.100443
RIPS,635.3406,-1.01757,0.7412347,-2.100376
RIPS,635.349,-1.017516,0.7413015,-2.100365
RIPS,635.3574,-1.017528,0.7413667,-2.100353
RIPS,635.3658,-1.017503,0.7414302,-2.100362
RIPS,635.3741,-1.017498,0.7414921,-2.100372
RIPS,635.3825,-1.017539,0.7415014,-2.10042
RIPS,635.3905,-1.017662,0.741584,-2.10042
RIPS,635.399,-1.017685,0.7415112,-2.100434
RIPS,635.4075,-1.017727,0.7414553,-2.100463
RIPS,635.4158,-1.017792,0.7414586,-2.100489
RIPS,635.4252,-1.017824,0.7414887,-2.100473
RIPS,635.4343,-1.017853,0.7415784,-2.100435
RIPS,635.4433,-1.017848,0.7416852,-2.100448
RIPS,635.4514,-1.017866,0.7417012,-2.100422
RIPS,635.4593,-1.017919,0.7416854,-2.100453
RIPS,635.4678,-1.017923,0.7416416,-2.100526
RIPS,635.4763,-1.017985,0.7415578,-2.100573
RIPS,635.4854,-1.017991,0.741421,-2.100631
RIPS,635.4932,-1.018034,0.7413473,-2.100642
RIPS,635.5009,-1.01807,0.7413025,-2.100705
RIPS,635.5098,-1.018097,0.7413185,-2.100732
RIPS,635.5175,-1.018118,0.7413262,-2.100728
RIPS,635.527,-1.018142,0.7413124,-2.100762
RIPS,635.5342,-1.018184,0.7412959,-2.100771
RIPS,635.5429,-1.018207,0.7413213,-2.100836
RIPS,635.551,-1.018276,0.7413246,-2.100865
RIPS,635.5594,-1.018324,0.7412527,-2.100949
RIPS,635.5676,-1.018309,0.7413129,-2.101023
RIPS,635.5772,-1.018349,0.7413033,-2.101043
RIPS,635.5882,-1.018396,0.7413071,-2.10111
RIPS,635.5974,-1.018469,0.7412741,-2.101077
RIPS,635.6077,-1.01849,0.7412972,-2.101089
RIPS,635.6154,-1.018625,0.7413586,-2.101113
RIPS,635.6241,-1.018667,0.7414085,-2.101097
RIPS,635.632,-1.018828,0.7413601,-2.101115
RIPS,635.6412,-1.018884,0.7414047,-2.101107
RIPS,635.6493,-1.018987,0.7413955,-2.101045
RIPS,635.6574,-1.019078,0.7414666,-2.100979
RIPS,635.6655,-1.019177,0.7414323,-2.1009
RIPS,635.6739,-1.019249,0.741574,-2.100811
RIPS,635.6826,-1.019307,0.7417239,-2.100735
RIPS,635.6906,-1.019415,0.7417954,-2.10072
RIPS,635.6986,-1.019538,0.7419227,-2.100685
RIPS,635.7079,-1.019667,0.7419484,-2.100649
RIPS,635.7158,-1.01968,0.7419743,-2.100676
RIPS,635.7248,-1.019728,0.7419747,-2.100641
RIPS,635.7327,-1.019719,0.7419614,-2.100678
RIPS,635.7427,-1.019761,0.7421016,-2.100625
RIPS,635.7515,-1.019792,0.7422456,-2.100456
RIPS,635.7578,-1.019853,0.7424241,-2.100367
RIPS,635.7654,-1.019968,0.7425557,-2.100234
RIPS,635.7743,-1.02011,0.7428839,-2.100114
RIPS,635.7827,-1.020232,0.7431057,-2.100053
RIPS,635.7903,-1.020348,0.7432009,-2.099988
RIPS,635.7986,-1.020461,0.7431963,-2.099922
RIPS,635.8077,-1.020566,0.7432745,-2.099849
RIPS,635.8153,-1.020773,0.743364,-2.099788
RIPS,635.824,-1.02098,0.7434226,-2.099748
RIPS,635.8322,-1.021192,0.7435175,-2.099734
RIPS,635.8409,-1.021461,0.7436809,-2.099716
RIPS,635.8489,-1.02177,0.7438104,-2.099704
RIPS,635.8572,-1.022025,0.7439357,-2.099713
RIPS,635.8656,-1.022273,0.743898,-2.099809
RIPS,635.874,-1.022378,0.743727,-2.09984
RIPS,635.8822,-1.022579,0.743613,-2.09983
RIPS,635.8908,-1.022725,0.7436213,-2.099889
RIPS,635.899,-1.022939,0.7438883,-2.099786
RIPS,635.9076,-1.023196,0.7440434,-2.099756
RIPS,635.9156,-1.023368,0.7442991,-2.099716
RIPS,635.9251,-1.023503,0.7445732,-2.099691
RIPS,635.9323,-1.023673,0.7447906,-2.099554
RIPS,635.9413,-1.023846,0.7449625,-2.09967
RIPS,635.9495,-1.02407,0.7449952,-2.099771
RIPS,635.9587,-1.024371,0.7450741,-2.099908
RIPS,635.9666,-1.024739,0.7451416,-2.100053
RIPS,635.9752,-1.025159,0.7451261,-2.100175
RIPS,635.9832,-1.025589,0.7451872,-2.1004
RIPS,635.9919,-1.02606,0.7452361,-2.100554
RIPS,635.9999,-1.026408,0.7452142,-2.100839
RIPS,636.0092,-1.026749,0.7450745,-2.100988
RIPS,636.0165,-1.026971,0.7450102,-2.10105
RIPS,636.0251,-1.027221,0.7450402,-2.101055
RIPS,636.0332,-1.027384,0.745194,-2.100977
RIPS,636.0436,-1.027649,0.7455003,-2.100849
RIPS,636.0506,-1.027867,0.7460533,-2.10097
RIPS,636.0588,-1.028134,0.7464238,-2.100815
RIPS,636.0673,-1.028274,0.7467545,-2.100738
RIPS,636.0764,-1.028534,0.7469886,-2.100633
RIPS,636.0871,-1.02882,0.7472333,-2.100548
RIPS,636.0948,-1.02922,0.7471735,-2.100405
RIPS,636.101,-1.029508,0.74714,-2.100285
RIPS,636.1093,-1.029809,0.7472474,-2.100169
RIPS,636.1174,-1.030095,0.7473437,-2.099864
RIPS,636.1263,-1.030361,0.7475489,-2.099468
RIPS,636.1336,-1.030772,0.7477927,-2.099194
RIPS,636.1421,-1.031143,0.748042,-2.099041
RIPS,636.1503,-1.031543,0.748206,-2.098859
RIPS,636.1588,-1.031925,0.7482362,-2.09912
RIPS,636.167,-1.032421,0.7481098,-2.099379
RIPS,636.1758,-1.032848,0.7479588,-2.099818
RIPS,636.184,-1.033334,0.7478303,-2.100352
RIPS,636.193,-1.033734,0.7473309,-2.100783
RIPS,636.2006,-1.034189,0.7470908,-2.101103
RIPS,636.2119,-1.034613,0.7466861,-2.101517
RIPS,636.2213,-1.035175,0.7463106,-2.10198
RIPS,636.2268,-1.035604,0.7460944,-2.102493
RIPS,636.2319,-1.036105,0.7459219,-2.102871
RIPS,636.2407,-1.03658,0.7457001,-2.103307
RIPS,636.2491,-1.037137,0.7455412,-2.103854
RIPS,636.257,-1.037626,0.7454317,-2.104234
RIPS,636.2653,-1.038128,0.7452275,-2.104679
RIPS,636.2737,-1.038674,0.7452527,-2.105068
RIPS,636.2822,-1.039205,0.7450736,-2.10549
RIPS,636.2906,-1.03993,0.7449514,-2.105616
RIPS,636.2984,-1.040464,0.7448911,-2.105802
RIPS,636.3076,-1.040925,0.7449871,-2.105905
RIPS,636.3154,-1.041457,0.7450746,-2.105932
RIPS,636.3247,-1.041972,0.7453399,-2.10608
RIPS,636.332,-1.042456,0.7455717,-2.106058
RIPS,636.3404,-1.042991,0.7457235,-2.105928
RIPS,636.3485,-1.043361,0.7458712,-2.105867
RIPS,636.3571,-1.043802,0.7461362,-2.105775
RIPS,636.3655,-1.044105,0.74633,-2.105654
RIPS,636.3751,-1.044542,0.7465919,-2.105465
RIPS,636.382,-1.044957,0.746848,-2.105219
RIPS,636.3901,-1.045367,0.7470914,-2.104977
RIPS,636.3989,-1.045738,0.7473155,-2.104538
RIPS,636.4077,-1.046014,0.7476812,-2.104152
RIPS,636.4153,-1.04639,0.7479798,-2.103895
RIPS,636.4241,-1.046748,0.7483192,-2.103613
RIPS,636.4321,-1.047117,0.7487863,-2.103297
RIPS,636.4412,-1.047428,0.7491618,-2.102885
RIPS,636.4485,-1.047981,0.7494425,-2.102692
RIPS,636.4573,-1.048416,0.7497529,-2.102561
RIPS,636.4655,-1.048974,0.7499385,-2.102434
RIPS,636.4741,-1.049393,0.7502536,-2.10223
RIPS,636.4823,-1.049924,0.7506073,-2.10207
RIPS,636.4909,-1.050259,0.7509008,-2.101959
RIPS,636.4987,-1.050634,0.7512543,-2.101785
RIPS,636.5076,-1.050974,0.7517024,-2.101534
RIPS,636.5156,-1.051298,0.7520229,-2.101144
RIPS,636.5255,-1.051496,0.7523921,-2.100974
RIPS,636.5321,-1.051849,0.7527531,-2.100692
RIPS,636.5412,-1.052283,0.7531835,-2.100437
RIPS,636.5493,-1.052723,0.7535667,-2.100247
RIPS,636.558,-1.053141,0.7540886,-2.099768
RIPS,636.5663,-1.053596,0.7546435,-2.099226
RIPS,636.5754,-1.05404,0.7551138,-2.098856
RIPS,636.5836,-1.054414,0.7557724,-2.098284
RIPS,636.5922,-1.054777,0.7564445,-2.09766
RIPS,636.6001,-1.054944,0.7574463,-2.096476
RIPS,636.6093,-1.055178,0.7582044,-2.095387
RIPS,636.6173,-1.055468,0.7583373,-2.095213
RIPS,636.6259,-1.055699,0.7585069,-2.095016
RIPS,636.6339,-1.056064,0.7587166,-2.094848
RIPS,636.6428,-1.056419,0.7589114,-2.094688
RIPS,636.6506,-1.056713,0.7591056,-2.09461
RIPS,636.6594,-1.057211,0.7594513,-2.094979
RIPS,636.6672,-1.057548,0.7596519,-2.0948
RIPS,636.6759,-1.057792,0.7599884,-2.094652
RIPS,636.685,-1.057961,0.7603281,-2.094476
RIPS,636.6924,-1.058114,0.7607524,-2.093977
RIPS,636.7005,-1.058226,0.761354,-2.093235
RIPS,636.7103,-1.058396,0.7616503,-2.092919
RIPS,636.717,-1.058535,0.7615936,-2.092779
RIPS,636.7264,-1.058752,0.7616459,-2.092789
RIPS,636.734,-1.058895,0.7616138,-2.092664
RIPS,636.7424,-1.059097,0.7617527,-2.09266
RIPS,636.7509,-1.059314,0.7618619,-2.092673
RIPS,636.7591,-1.05951,0.7619653,-2.092575
RIPS,636.7672,-1.059788,0.762086,-2.0925
RIPS,636.7765,-1.059904,0.7621397,-2.092376
RIPS,636.7838,-1.060206,0.7622414,-2.092404
RIPS,636.7928,-1.060364,0.7622983,-2.092334
RIPS,636.8004,-1.060593,0.7623144,-2.092332
RIPS,636.8093,-1.060813,0.7623973,-2.09221
RIPS,636.8174,-1.061026,0.7624378,-2.092153
RIPS,636.8276,-1.061125,0.7624515,-2.092125
RIPS,636.8368,-1.061406,0.76259,-2.092307
RIPS,636.8425,-1.061578,0.7627484,-2.092279
RIPS,636.8491,-1.061714,0.7629182,-2.092344
RIPS,636.8577,-1.062091,0.7631059,-2.092483
RIPS,636.8658,-1.062299,0.7632703,-2.09249
RIPS,636.8747,-1.062612,0.7633634,-2.092451
RIPS,636.8829,-1.062876,0.7635013,-2.092297
RIPS,636.8914,-1.063013,0.7635809,-2.092092
RIPS,636.8994,-1.063199,0.7636616,-2.092046
RIPS,636.9083,-1.063383,0.763771,-2.092004
RIPS,636.916,-1.063449,0.7638552,-2.091863
RIPS,636.9255,-1.063603,0.763972,-2.091838
RIPS,636.9329,-1.063768,0.7640365,-2.091831
RIPS,636.941,-1.063946,0.764138,-2.091739
RIPS,636.9495,-1.06413,0.7640761,-2.091659
RIPS,636.9578,-1.064429,0.7641101,-2.091623
RIPS,636.966,-1.064637,0.7641788,-2.091559
RIPS,636.9754,-1.064954,0.7642097,-2.091577
RIPS,636.9827,-1.065209,0.7642267,-2.091641
RIPS,636.9911,-1.065485,0.7643374,-2.091766
RIPS,636.9993,-1.06572,0.7643968,-2.091897
RIPS,637.0083,-1.065913,0.7644325,-2.091957
RIPS,637.0159,-1.06608,0.7644393,-2.092047
RIPS,637.0247,-1.066193,0.7642963,-2.092172
RIPS,637.033,-1.066326,0.7642488,-2.092218
RIPS,637.0414,-1.066359,0.7642449,-2.092328
RIPS,637.0495,-1.066439,0.7641975,-2.092407
RIPS,637.058,-1.066556,0.7642219,-2.092438
RIPS,637.0664,-1.066679,0.7643425,-2.092337
RIPS,637.0746,-1.066791,0.7644497,-2.092345
RIPS,637.0834,-1.066948,0.764617,-2.092174
RIPS,637.091,-1.067048,0.7647234,-2.092123
RIPS,637.0993,-1.067157,0.7648096,-2.092084
RIPS,637.1085,-1.067304,0.7648373,-2.092088
RIPS,637.116,-1.067414,0.764892,-2.092104
RIPS,637.1262,-1.067574,0.764873,-2.09203
RIPS,637.1332,-1.067679,0.7648926,-2.09198
RIPS,637.1418,-1.067948,0.7648455,-2.091957
RIPS,637.1501,-1.068044,0.7648512,-2.091908
RIPS,637.1586,-1.068147,0.7648248,-2.091847
RIPS,637.1668,-1.068173,0.7648935,-2.09187
RIPS,637.1758,-1.068243,0.764934,-2.091795
RIPS,637.1839,-1.068252,0.7650298,-2.091805
RIPS,637.1926,-1.068295,0.7651628,-2.091705
RIPS,637.2012,-1.068284,0.7652287,-2.09167
RIPS,637.2098,-1.068271,0.7652254,-2.091684
RIPS,637.2174,-1.068271,0.765204,-2.091696
RIPS,637.2258,-1.068396,0.7651494,-2.091829
RIPS,637.234,-1.068431,0.7651011,-2.091818
RIPS,637.2427,-1.068509,0.7651134,-2.091855
RIPS,637.2504,-1.06856,0.7651294,-2.091853
RIPS,637.2593,-1.068598,0.7652087,-2.091784
RIPS,637.2673,-1.068625,0.7653186,-2.091719
RIPS,637.2758,-1.068651,0.7653919,-2.091695
RIPS,637.2851,-1.068544,0.7654009,-2.091557
RIPS,637.2959,-1.068551,0.7654582,-2.091485
RIPS,637.3046,-1.06859,0.7654136,-2.091434
RIPS,637.3103,-1.06861,0.7653586,-2.09145
RIPS,637.3157,-1.068624,0.765381,-2.091421
RIPS,637.3239,-1.068619,0.765286,-2.091319
RIPS,637.332,-1.068646,0.7652944,-2.09131
RIPS,637.3402,-1.06866,0.7653102,-2.091219
RIPS,637.3483,-1.068666,0.7653607,-2.091151
RIPS,637.3569,-1.068667,0.7653869,-2.091108
RIPS,637.3652,-1.0685,0.7653763,-2.090846
RIPS,637.3737,-1.068465,0.7653486,-2.09077
RIPS,637.3821,-1.068381,0.7653427,-2.090734
RIPS,637.3903,-1.068353,0.7653291,-2.090604
RIPS,637.3986,-1.068312,0.7653269,-2.090605
RIPS,637.4073,-1.068251,0.7653354,-2.090538
RIPS,637.4152,-1.068192,0.7653621,-2.09051
RIPS,637.4237,-1.068344,0.7654104,-2.090549
RIPS,637.4318,-1.068303,0.76543,-2.090488
RIPS,637.4409,-1.06845,0.7654061,-2.090518
RIPS,637.4485,-1.068413,0.7654428,-2.090434
RIPS,637.4568,-1.068376,0.7654721,-2.090377
RIPS,637.4651,-1.068217,0.7654145,-2.090204
RIPS,637.4736,-1.068157,0.7653985,-2.090132
RIPS,637.4816,-1.068061,0.765387,-2.09017
RIPS,637.4906,-1.067991,0.7653964,-2.090134
RIPS,637.4984,-1.068038,0.7654493,-2.090134
RIPS,637.5078,-1.06799,0.7654918,-2.090153
RIPS,637.5152,-1.067904,0.7655451,-2.090132
RIPS,637.5245,-1.06783,0.7656342,-2.090214
RIPS,637.5316,-1.067747,0.7656989,-2.090083
RIPS,637.54,-1.067434,0.7657003,-2.089807
RIPS,637.5483,-1.06734,0.7658015,-2.089582
RIPS,637.5566,-1.06719,0.7658905,-2.089351
RIPS,637.5649,-1.066983,0.7659683,-2.089109
RIPS,637.5739,-1.066823,0.7660196,-2.088874
RIPS,637.5822,-1.066749,0.7661139,-2.088818
RIPS,637.5903,-1.066573,0.7661741,-2.088736
RIPS,637.5988,-1.066407,0.7662502,-2.088619
RIPS,637.608,-1.066176,0.7661906,-2.088301
RIPS,637.6155,-1.065939,0.7662174,-2.088184
RIPS,637.6248,-1.065776,0.7662531,-2.088084
RIPS,637.6327,-1.065537,0.7662693,-2.087889
RIPS,637.6417,-1.065169,0.7663019,-2.087596
RIPS,637.6498,-1.064891,0.7663752,-2.087396
RIPS,637.6583,-1.064637,0.7664766,-2.087207
RIPS,637.6667,-1.064559,0.7666613,-2.087163
RIPS,637.675,-1.064311,0.7667187,-2.087077
RIPS,637.6847,-1.064143,0.7667721,-2.087091
RIPS,637.6921,-1.063798,0.7668042,-2.086851
RIPS,637.7006,-1.063571,0.7668441,-2.086664
RIPS,637.7097,-1.063242,0.7669312,-2.086435
RIPS,637.7173,-1.062911,0.7669055,-2.086083
RIPS,637.7264,-1.062541,0.766943,-2.085899
RIPS,637.7341,-1.062125,0.7669452,-2.08578
RIPS,637.7425,-1.061711,0.7669162,-2.085495
RIPS,637.751,-1.061284,0.7668593,-2.085363
RIPS,637.759,-1.060793,0.7667494,-2.085221
RIPS,637.7672,-1.060331,0.7666709,-2.085054
RIPS,637.7758,-1.059851,0.7665586,-2.084985
RIPS,637.7841,-1.059568,0.766493,-2.085271
RIPS,637.7923,-1.059088,0.7663485,-2.08527
RIPS,637.8006,-1.058591,0.7662535,-2.085179
RIPS,637.8091,-1.05812,0.7662212,-2.085208
RIPS,637.8171,-1.057596,0.7662179,-2.085089
RIPS,637.8256,-1.056946,0.7661858,-2.084767
RIPS,637.8339,-1.056431,0.7662585,-2.084555
RIPS,637.8427,-1.055701,0.7662323,-2.084235
RIPS,637.851,-1.055468,0.7664545,-2.084231
RIPS,637.859,-1.054851,0.7664154,-2.083862
RIPS,637.8671,-1.054184,0.7662603,-2.083437
RIPS,637.8756,-1.053499,0.7661408,-2.082967
RIPS,637.885,-1.052908,0.7659637,-2.082448
RIPS,637.8924,-1.052206,0.7658964,-2.082021
RIPS,637.9004,-1.051514,0.7657505,-2.081596
RIPS,637.9102,-1.050714,0.7656962,-2.081293
RIPS,637.9172,-1.049902,0.7656942,-2.081043
RIPS,637.9266,-1.049084,0.7656513,-2.080709
RIPS,637.9338,-1.048323,0.7657661,-2.080589
RIPS,637.9422,-1.047544,0.765505,-2.080299
RIPS,637.9506,-1.046602,0.7650825,-2.079863
RIPS,637.9592,-1.045651,0.7646128,-2.079551
RIPS,637.967,-1.044747,0.7642357,-2.079228
RIPS,637.9764,-1.043771,0.7637067,-2.078849
RIPS,637.9838,-1.042711,0.7632451,-2.078502
RIPS,637.9926,-1.041684,0.7629543,-2.078104
RIPS,638.0006,-1.040549,0.7628857,-2.077767
RIPS,638.0093,-1.039552,0.7626693,-2.077379
RIPS,638.0172,-1.038548,0.7625991,-2.077007
RIPS,638.0256,-1.037558,0.7625916,-2.076688
RIPS,638.034,-1.036561,0.7624778,-2.076362
RIPS,638.0427,-1.035676,0.7623931,-2.076048
RIPS,638.0508,-1.034829,0.7620921,-2.075837
RIPS,638.059,-1.034032,0.7617829,-2.075855
RIPS,638.0675,-1.033239,0.7616007,-2.075871
RIPS,638.0757,-1.03247,0.7614706,-2.07581
RIPS,638.0856,-1.03167,0.7613097,-2.075701
RIPS,638.0925,-1.031169,0.7604761,-2.076752
RIPS,638.1004,-1.030555,0.759628,-2.077467
RIPS,638.1095,-1.029794,0.7589638,-2.077839
RIPS,638.1175,-1.029036,0.7581487,-2.078238
RIPS,638.1263,-1.028363,0.7574424,-2.078751
RIPS,638.1342,-1.027653,0.7568354,-2.079292
RIPS,638.1422,-1.026911,0.7564833,-2.079713
RIPS,638.1503,-1.026241,0.7562478,-2.080122
RIPS,638.1589,-1.02567,0.7560236,-2.08052
RIPS,638.1674,-1.025951,0.7540486,-2.084477
RIPS,638.1764,-1.025985,0.752883,-2.086977
RIPS,638.1838,-1.025826,0.7519677,-2.088438
RIPS,638.1921,-1.025667,0.7509836,-2.089799
RIPS,638.2009,-1.025332,0.7500772,-2.09097
RIPS,638.2094,-1.025118,0.7489253,-2.09219
RIPS,638.2172,-1.024845,0.7477259,-2.093298
RIPS,638.2257,-1.024612,0.7464055,-2.094448
RIPS,638.2337,-1.024391,0.7452812,-2.095209
RIPS,638.2427,-1.024372,0.7445533,-2.096116
RIPS,638.2504,-1.024332,0.7442341,-2.096807
RIPS,638.2592,-1.02432,0.7442247,-2.097136
RIPS,638.2671,-1.023961,0.7440087,-2.097281
RIPS,638.2755,-1.023706,0.7439055,-2.097714
RIPS,638.2854,-1.023358,0.743471,-2.098018
RIPS,638.2925,-1.023015,0.7430006,-2.098417
RIPS,638.3005,-1.022801,0.7425297,-2.09875
RIPS,638.3098,-1.022417,0.741855,-2.099137
RIPS,638.317,-1.022108,0.7411606,-2.099496
RIPS,638.3268,-1.022045,0.7408168,-2.099805
RIPS,638.334,-1.021906,0.7409368,-2.099943
RIPS,638.3422,-1.021748,0.741218,-2.100173
RIPS,638.3506,-1.021654,0.7415873,-2.100366
RIPS,638.3588,-1.021464,0.7418653,-2.100636
RIPS,638.3672,-1.021225,0.7418035,-2.100811
RIPS,638.3763,-1.021124,0.7416788,-2.100973
RIPS,638.384,-1.020928,0.7413784,-2.101155
RIPS,638.3919,-1.02079,0.7410047,-2.101302
RIPS,638.4005,-1.020684,0.7406452,-2.101378
RIPS,638.4092,-1.020342,0.7401348,-2.101332
RIPS,638.4171,-1.020157,0.7399262,-2.101365
RIPS,638.4257,-1.020007,0.7399848,-2.101268
RIPS,638.4335,-1.019802,0.740371,-2.101117
RIPS,638.4427,-1.019548,0.7406126,-2.101068
RIPS,638.4507,-1.019438,0.7408264,-2.101078
RIPS,638.459,-1.019161,0.7410031,-2.101234
RIPS,638.4671,-1.019015,0.7408307,-2.101365
RIPS,638.4755,-1.01894,0.7406268,-2.101383
RIPS,638.4849,-1.018953,0.7405128,-2.101469
RIPS,638.4928,-1.018879,0.7402306,-2.101526
RIPS,638.5008,-1.018878,0.7399888,-2.101422
RIPS,638.5094,-1.018805,0.7398114,-2.101437
RIPS,638.5173,-1.018657,0.7397605,-2.101485
RIPS,638.5268,-1.018626,0.7399139,-2.101558
RIPS,638.5338,-1.018584,0.7399905,-2.101585
RIPS,638.5421,-1.018578,0.7401643,-2.101452
RIPS,638.5501,-1.018564,0.7404199,-2.101466
RIPS,638.5589,-1.018517,0.7404574,-2.101459
RIPS,638.5673,-1.018503,0.7405609,-2.101502
RIPS,638.5764,-1.018357,0.7406143,-2.101635
RIPS,638.584,-1.018281,0.740671,-2.10166
RIPS,638.592,-1.018216,0.7403758,-2.101816
RIPS,638.6006,-1.018032,0.7404028,-2.101902
RIPS,638.6093,-1.017934,0.7401695,-2.101904
RIPS,638.6172,-1.017878,0.7400728,-2.102001
RIPS,638.6257,-1.017799,0.7399918,-2.102139
RIPS,638.6336,-1.017688,0.7400842,-2.102173
RIPS,638.6429,-1.017694,0.7400852,-2.102213
RIPS,638.6507,-1.017566,0.7402101,-2.102151
RIPS,638.6591,-1.017437,0.7403045,-2.102089
RIPS,638.6671,-1.017477,0.7404885,-2.101914
RIPS,638.6754,-1.017367,0.7405592,-2.101805
RIPS,638.6851,-1.017279,0.7406172,-2.101692
RIPS,638.6922,-1.017281,0.7407064,-2.101616
RIPS,638.7003,-1.017217,0.7408971,-2.101563
RIPS,638.71,-1.01724,0.7409988,-2.101467
RIPS,638.7168,-1.017278,0.7411079,-2.101434
RIPS,638.7263,-1.017251,0.7411687,-2.101345
RIPS,638.734,-1.017267,0.7409931,-2.10128
RIPS,638.7424,-1.017312,0.7407892,-2.101227
RIPS,638.7502,-1.017335,0.7406814,-2.10124
RIPS,638.7588,-1.017297,0.7404929,-2.101281
RIPS,638.7672,-1.01727,0.7404472,-2.101285
RIPS,638.7761,-1.017192,0.7404366,-2.101225
RIPS,638.7835,-1.017159,0.7405643,-2.101163
RIPS,638.7923,-1.017124,0.7406689,-2.101095
RIPS,638.8002,-1.017059,0.7407348,-2.101068
RIPS,638.809,-1.017045,0.740816,-2.101024
RIPS,638.8172,-1.017012,0.7408195,-2.100961
RIPS,638.8256,-1.017032,0.740851,-2.101004
RIPS,638.8336,-1.017048,0.7408631,-2.101043
RIPS,638.8431,-1.017099,0.740807,-2.101104
RIPS,638.8504,-1.017087,0.740763,-2.101156
RIPS,638.8586,-1.017085,0.7407368,-2.10119
RIPS,638.8673,-1.017076,0.7407443,-2.10119
RIPS,638.8754,-1.017031,0.7407487,-2.101181
RIPS,638.8846,-1.017176,0.7408312,-2.101177
RIPS,638.892,-1.017191,0.7409059,-2.101176
RIPS,638.9006,-1.017321,0.7409694,-2.101211
RIPS,638.9091,-1.017354,0.7410692,-2.10123
RIPS,638.9173,-1.017441,0.7410536,-2.101237
RIPS,638.9262,-1.017484,0.74104,-2.101305
RIPS,638.9335,-1.017556,0.7408447,-2.10135
RIPS,638.9424,-1.017603,0.7407262,-2.101392
RIPS,638.9507,-1.017663,0.7406467,-2.101447
RIPS,638.9588,-1.017602,0.740668,-2.101531
RIPS,638.9668,-1.017611,0.7406554,-2.101555
RIPS,638.9769,-1.017498,0.740675,-2.101549
RIPS,638.9839,-1.017482,0.7407336,-2.10152
RIPS,638.9922,-1.017441,0.7407987,-2.101501
RIPS,639.0008,-1.017428,0.7408531,-2.101471
RIPS,639.009,-1.01741,0.7408648,-2.10147
RIPS,639.0168,-1.017412,0.7408526,-2.101464
RIPS,639.0258,-1.017467,0.7408048,-2.101544
RIPS,639.0335,-1.017478,0.7406603,-2.101566
RIPS,639.0427,-1.017506,0.7405415,-2.101575
RIPS,639.0505,-1.017503,0.740473,-2.101524
RIPS,639.0586,-1.017663,0.7405568,-2.101394
RIPS,639.0671,-1.017652,0.7406573,-2.101344
RIPS,639.0756,-1.017654,0.740813,-2.101198
RIPS,639.0855,-1.017616,0.7409347,-2.101069
RIPS,639.0927,-1.017616,0.7410886,-2.100999
RIPS,639.1002,-1.01754,0.7411625,-2.10096
RIPS,639.1094,-1.017579,0.741198,-2.100934
RIPS,639.1168,-1.01766,0.7411,-2.100955
RIPS,639.1264,-1.0177,0.7410231,-2.100984
RIPS,639.1334,-1.017733,0.7410136,-2.100995
RIPS,639.1423,-1.0178,0.7410052,-2.100997
RIPS,639.1501,-1.01784,0.7410437,-2.100967
RIPS,639.1588,-1.017987,0.7412259,-2.100868
RIPS,639.1673,-1.018054,0.741376,-2.100844
RIPS,639.1758,-1.018134,0.7415915,-2.1008
RIPS,639.1837,-1.018176,0.7417017,-2.10074
RIPS,639.1921,-1.018302,0.7417772,-2.100766
RIPS,639.2004,-1.018225,0.7417422,-2.100847
RIPS,639.2092,-1.018246,0.7416657,-2.100851
RIPS,639.2168,-1.018229,0.7416124,-2.100987
RIPS,639.2253,-1.018271,0.741554,-2.101017
RIPS,639.2334,-1.018379,0.7415552,-2.101057
RIPS,639.2424,-1.018443,0.7415755,-2.101073
RIPS,639.2504,-1.018479,0.7416019,-2.101089
RIPS,639.2586,-1.018626,0.7416568,-2.101094
RIPS,639.2672,-1.018703,0.7417324,-2.101093
RIPS,639.2755,-1.018799,0.7417681,-2.101077
RIPS,639.2844,-1.018823,0.7417888,-2.101112
RIPS,639.2922,-1.018884,0.7417257,-2.10111
RIPS,639.3001,-1.01896,0.7416295,-2.101223
RIPS,639.3092,-1.018974,0.7415243,-2.101245
RIPS,639.3208,-1.019016,0.74141,-2.10128
RIPS,639.3318,-1.019138,0.741473,-2.101362
RIPS,639.34,-1.019099,0.7414882,-2.101416
RIPS,639.3481,-1.019126,0.741516,-2.101306
RIPS,639.3567,-1.018998,0.7415834,-2.101353
RIPS,639.3649,-1.018931,0.7415224,-2.101185
RIPS,639.3738,-1.0189,0.7416158,-2.101164
RIPS,639.3819,-1.0189,0.7416564,-2.101107
RIPS,639.39,-1.019037,0.7415135,-2.100969
RIPS,639.3983,-1.019038,0.7414684,-2.100949
RIPS,639.407,-1.019146,0.7414976,-2.100999
RIPS,639.4152,-1.019312,0.7413886,-2.100921
RIPS,639.4232,-1.019331,0.741366,-2.10093
RIPS,639.4316,-1.019344,0.7413267,-2.100908
RIPS,639.4407,-1.019321,0.7413066,-2.100909
RIPS,639.4483,-1.019318,0.7413442,-2.100887
RIPS,639.4567,-1.0194,0.7414263,-2.100887
RIPS,639.4653,-1.019385,0.7414404,-2.100856
RIPS,639.4751,-1.01941,0.7414515,-2.100819
RIPS,639.4856,-1.019419,0.7415609,-2.100842
RIPS,639.4917,-1.019419,0.7416667,-2.100829
RIPS,639.4983,-1.019342,0.7417259,-2.100877
RIPS,639.5064,-1.01935,0.7417596,-2.100916
RIPS,639.5154,-1.019304,0.7417491,-2.100965
RIPS,639.5241,-1.019282,0.7416895,-2.100977
RIPS,639.5317,-1.0193,0.7416256,-2.101016
RIPS,639.5396,-1.019418,0.7416125,-2.100984
RIPS,639.5482,-1.019433,0.7416847,-2.101011
RIPS,639.5563,-1.019429,0.7418519,-2.100938
RIPS,639.5646,-1.019419,0.742002,-2.100882
RIPS,639.5733,-1.019315,0.7424857,-2.100756
RIPS,639.5816,-1.019312,0.7427568,-2.100614
RIPS,639.59,-1.01934,0.7430248,-2.100553
RIPS,639.5982,-1.019396,0.7431889,-2.100523
RIPS,639.6071,-1.019454,0.7431519,-2.100611
RIPS,639.6145,-1.01953,0.7429034,-2.100613
RIPS,639.6235,-1.019588,0.7426848,-2.100574
RIPS,639.6312,-1.01961,0.7424282,-2.100387
RIPS,639.64,-1.019607,0.7424343,-2.100157
RIPS,639.6486,-1.019617,0.7427377,-2.099732
RIPS,639.6563,-1.01959,0.7430229,-2.099433
RIPS,639.6646,-1.019608,0.7436534,-2.099015
RIPS,639.6734,-1.019668,0.7440149,-2.098728
RIPS,639.6814,-1.019838,0.7445893,-2.098525
RIPS,639.6899,-1.019982,0.7450052,-2.098383
RIPS,639.6981,-1.020145,0.7450165,-2.098351
RIPS,639.7065,-1.0203,0.744911,-2.098283
RIPS,639.7151,-1.020422,0.7447653,-2.098222
RIPS,639.7239,-1.020508,0.7443925,-2.098054
RIPS,639.7313,-1.020634,0.7442588,-2.097926
RIPS,639.7396,-1.020793,0.7442096,-2.097744
RIPS,639.7481,-1.020824,0.7443929,-2.097556
RIPS,639.7563,-1.020965,0.7444819,-2.097484
RIPS,639.7649,-1.021,0.7448767,-2.097233
RIPS,639.7751,-1.021124,0.7451177,-2.097174
RIPS,639.7821,-1.021252,0.7455925,-2.097056
RIPS,639.79,-1.021403,0.7460159,-2.096961
RIPS,639.7989,-1.021754,0.746278,-2.096701
RIPS,639.8074,-1.021974,0.7464936,-2.09657
RIPS,639.8158,-1.022167,0.7467378,-2.096395
RIPS,639.8242,-1.022388,0.7467555,-2.096381
RIPS,639.8326,-1.022582,0.7467925,-2.096294
RIPS,639.8424,-1.022822,0.7467296,-2.096205
RIPS,639.8497,-1.022983,0.7467231,-2.096048
RIPS,639.8579,-1.022885,0.7468584,-2.095937
RIPS,639.8667,-1.023085,0.7472416,-2.095679
RIPS,639.8751,-1.023414,0.7476915,-2.095281
RIPS,639.8845,-1.023624,0.7482566,-2.095053
RIPS,639.8923,-1.023882,0.7489303,-2.094721
RIPS,639.9002,-1.024146,0.7495798,-2.094403
RIPS,639.9091,-1.024354,0.7499788,-2.093912
RIPS,639.917,-1.024523,0.7504232,-2.093177
RIPS,639.9265,-1.024691,0.7508977,-2.09223
RIPS,639.9333,-1.024777,0.7516041,-2.091228
RIPS,639.942,-1.024813,0.7524458,-2.089922
RIPS,639.9498,-1.02477,0.7534752,-2.088452
RIPS,639.9589,-1.024553,0.7548264,-2.086468
RIPS,639.9665,-1.023838,0.756771,-2.08318
RIPS,639.9759,-1.02333,0.7581175,-2.080539
RIPS,639.9838,-1.023427,0.7584557,-2.079945
RIPS,639.9918,-1.023459,0.7584741,-2.079166
RIPS,640.0003,-1.023578,0.758598,-2.078317
RIPS,640.0089,-1.023714,0.7587133,-2.077378
RIPS,640.0166,-1.023759,0.7593839,-2.075201
RIPS,640.0254,-1.024349,0.7590767,-2.075477
RIPS,640.0332,-1.025059,0.7589959,-2.075846
RIPS,640.0426,-1.025701,0.758936,-2.076212
RIPS,640.0499,-1.026348,0.7590116,-2.076519
RIPS,640.0585,-1.027001,0.7588879,-2.076974
RIPS,640.0668,-1.027619,0.7586901,-2.077475
RIPS,640.0751,-1.028196,0.7583249,-2.078172
RIPS,640.0848,-1.028689,0.7574994,-2.079029
RIPS,640.0925,-1.029243,0.7568272,-2.079923
RIPS,640.1002,-1.02976,0.7562264,-2.080696
RIPS,640.1093,-1.030259,0.7558059,-2.081493
RIPS,640.1169,-1.030885,0.7556762,-2.082132
RIPS,640.1262,-1.031352,0.755745,-2.082727
RIPS,640.1339,-1.031708,0.7557628,-2.083382
RIPS,640.1417,-1.032205,0.755941,-2.084046
RIPS,640.1503,-1.032695,0.7560501,-2.084725
RIPS,640.1586,-1.033097,0.7559787,-2.085589
RIPS,640.1669,-1.033607,0.7558208,-2.086425
RIPS,640.1758,-1.034075,0.755607,-2.087373
RIPS,640.1835,-1.034497,0.755302,-2.088302
RIPS,640.192,-1.034874,0.7548398,-2.089146
RIPS,640.2003,-1.035255,0.7544,-2.090033
RIPS,640.2092,-1.035534,0.7541949,-2.090816
RIPS,640.2168,-1.035896,0.7540923,-2.091535
RIPS,640.2256,-1.036138,0.7540169,-2.092178
RIPS,640.2335,-1.036423,0.753764,-2.09287
RIPS,640.243,-1.036666,0.7536186,-2.093545
RIPS,640.2504,-1.036798,0.7535803,-2.094143
RIPS,640.2585,-1.036984,0.7534277,-2.094743
RIPS,640.2666,-1.037055,0.7531826,-2.095174
RIPS,640.2755,-1.037285,0.7531061,-2.095541
RIPS,640.2842,-1.037255,0.752789,-2.095798
RIPS,640.2925,-1.037352,0.7526796,-2.096204
RIPS,640.2999,-1.037348,0.7522661,-2.096532
RIPS,640.3091,-1.037168,0.7520146,-2.096943
RIPS,640.3171,-1.037142,0.7518221,-2.097326
RIPS,640.326,-1.03709,0.7516224,-2.097759
RIPS,640.3337,-1.037124,0.7513609,-2.098083
RIPS,640.342,-1.037092,0.7510688,-2.098467
RIPS,640.3502,-1.037114,0.7508208,-2.098786
RIPS,640.3585,-1.037182,0.7507091,-2.099194
RIPS,640.3666,-1.037217,0.7506514,-2.099653
RIPS,640.3756,-1.037272,0.7504766,-2.100037
RIPS,640.3837,-1.037191,0.7500815,-2.100321
RIPS,640.3917,-1.037155,0.7497823,-2.100518
RIPS,640.4003,-1.037037,0.7494488,-2.100765
RIPS,640.4089,-1.036894,0.7491086,-2.100973
RIPS,640.4167,-1.036773,0.7488251,-2.101178
RIPS,640.4255,-1.036598,0.7485789,-2.101483
RIPS,640.4331,-1.036489,0.7484202,-2.101759
RIPS,640.4423,-1.036346,0.7481722,-2.102104
RIPS,640.4503,-1.036169,0.7479125,-2.102376
RIPS,640.4587,-1.035939,0.747628,-2.102878
RIPS,640.4667,-1.035745,0.7471142,-2.103225
RIPS,640.4752,-1.035621,0.7468777,-2.103815
RIPS,640.4837,-1.03542,0.746517,-2.104211
RIPS,640.4922,-1.034944,0.7460668,-2.104568
RIPS,640.5002,-1.034853,0.745702,-2.104935
RIPS,640.5093,-1.034641,0.7453185,-2.105249
RIPS,640.5168,-1.034415,0.7450662,-2.10551
RIPS,640.526,-1.034232,0.7449033,-2.105894
RIPS,640.5334,-1.034046,0.744768,-2.106215
RIPS,640.5416,-1.033817,0.7445809,-2.106565
RIPS,640.5499,-1.033589,0.7443622,-2.106838
RIPS,640.5587,-1.033428,0.7437981,-2.10712
RIPS,640.5666,-1.033201,0.74338,-2.107381
RIPS,640.576,-1.033041,0.7428275,-2.107708
RIPS,640.5833,-1.03293,0.742364,-2.10816
RIPS,640.5918,-1.032694,0.7418468,-2.1085
RIPS,640.6002,-1.032313,0.7411811,-2.108725
RIPS,640.6085,-1.032136,0.7408595,-2.109014
RIPS,640.6168,-1.03187,0.7405582,-2.109322
RIPS,640.625,-1.031632,0.7401517,-2.109481
RIPS,640.6336,-1.031452,0.7398489,-2.109602
RIPS,640.6421,-1.03107,0.7394415,-2.109665
RIPS,640.6502,-1.030773,0.7390721,-2.109891
RIPS,640.6587,-1.03044,0.7386027,-2.110157
RIPS,640.6666,-1.030125,0.7379838,-2.110382
RIPS,640.6752,-1.029771,0.7375699,-2.110629
RIPS,640.6843,-1.029694,0.7367018,-2.111358
RIPS,640.6919,-1.029447,0.7361927,-2.111777
RIPS,640.6998,-1.029057,0.7356816,-2.111792
RIPS,640.7094,-1.028749,0.7352613,-2.112015
RIPS,640.721,-1.028391,0.7348893,-2.112092
RIPS,640.7318,-1.028006,0.7344479,-2.112328
RIPS,640.7396,-1.027617,0.734069,-2.112527
RIPS,640.7479,-1.027053,0.7329938,-2.113078
RIPS,640.7566,-1.026948,0.7323812,-2.113562
RIPS,640.7643,-1.026421,0.7317951,-2.113478
RIPS,640.7733,-1.026229,0.731244,-2.113832
RIPS,640.7814,-1.026423,0.7309113,-2.114741
RIPS,640.7897,-1.026197,0.7306141,-2.114938
RIPS,640.7979,-1.025939,0.7303452,-2.115046
RIPS,640.8068,-1.025484,0.7300116,-2.114675
RIPS,640.8143,-1.025267,0.7297332,-2.114719
RIPS,640.823,-1.025091,0.7293836,-2.115276
RIPS,640.8312,-1.024809,0.7290243,-2.115413
RIPS,640.84,-1.024442,0.7285365,-2.115308
RIPS,640.8483,-1.024183,0.7281554,-2.115577
RIPS,640.8562,-1.023914,0.7276806,-2.115698
RIPS,640.8649,-1.023778,0.7273157,-2.115919
RIPS,640.8756,-1.023731,0.7268524,-2.116287
RIPS,640.8859,-1.023645,0.7264211,-2.116459
RIPS,640.8912,-1.023438,0.7259156,-2.116573
RIPS,640.8981,-1.023365,0.7254966,-2.116787
RIPS,640.9061,-1.023362,0.7249638,-2.117231
RIPS,640.9153,-1.023288,0.7245841,-2.117471
RIPS,640.9236,-1.023075,0.7241309,-2.117604
RIPS,640.9312,-1.022975,0.7238188,-2.117826
RIPS,640.9393,-1.022829,0.7235324,-2.117946
RIPS,640.9478,-1.022734,0.7232171,-2.118091
RIPS,640.9562,-1.022601,0.7229528,-2.118221
RIPS,640.9646,-1.022445,0.7227358,-2.118235
RIPS,640.9734,-1.022209,0.7225657,-2.118362
RIPS,640.9816,-1.022035,0.7222576,-2.118458
RIPS,640.9893,-1.021868,0.7221726,-2.118632
RIPS,640.9979,-1.021471,0.7219694,-2.118457
RIPS,641.007,-1.021402,0.7217304,-2.118362
RIPS,641.0142,-1.021301,0.7217325,-2.118436
RIPS,641.023,-1.021235,0.7216665,-2.118558
RIPS,641.0312,-1.021279,0.7214945,-2.118404
RIPS,641.0397,-1.021314,0.7215375,-2.118633
RIPS,641.0482,-1.021324,0.7214034,-2.118691
RIPS,641.0559,-1.021359,0.7214442,-2.118954
RIPS,641.0643,-1.021312,0.7213013,-2.119046
RIPS,641.073,-1.021308,0.7210622,-2.118918
RIPS,641.0807,-1.021276,0.7209124,-2.119001
RIPS,641.0898,-1.021314,0.7208115,-2.119044
RIPS,641.098,-1.021067,0.7206025,-2.11876
RIPS,641.1065,-1.021077,0.7206389,-2.118783
RIPS,641.1156,-1.021194,0.7208037,-2.118859
RIPS,641.124,-1.021201,0.7207996,-2.118915
RIPS,641.131,-1.021144,0.7208733,-2.119031
RIPS,641.1395,-1.021161,0.720919,-2.119037
RIPS,641.1479,-1.02121,0.7209103,-2.119118
RIPS,641.1563,-1.021305,0.7209827,-2.119113
RIPS,641.1644,-1.021372,0.7210855,-2.119099
RIPS,641.1735,-1.021257,0.721059,-2.11884
RIPS,641.1818,-1.021362,0.7211063,-2.118897
RIPS,641.1894,-1.021458,0.7211636,-2.119019
RIPS,641.1978,-1.021224,0.7210917,-2.118873
RIPS,641.2078,-1.021318,0.7210956,-2.119048
RIPS,641.2148,-1.0214,0.7210777,-2.119093
RIPS,641.2235,-1.021512,0.7210271,-2.119153
RIPS,641.2323,-1.021213,0.7208104,-2.118452
RIPS,641.2408,-1.021277,0.7209172,-2.118377
RIPS,641.2491,-1.021333,0.721139,-2.118417
RIPS,641.2576,-1.021149,0.7212073,-2.118156
RIPS,641.2659,-1.021261,0.7213998,-2.118095
RIPS,641.2748,-1.021206,0.7215286,-2.117868
RIPS,641.2837,-1.021288,0.7216667,-2.117757
RIPS,641.2917,-1.021401,0.7217422,-2.117507
RIPS,641.2999,-1.021528,0.721879,-2.11736
RIPS,641.309,-1.021917,0.7221404,-2.117311
RIPS,641.3168,-1.02203,0.7224065,-2.117052
RIPS,641.3257,-1.022212,0.7227305,-2.116866
RIPS,641.3336,-1.02249,0.7231278,-2.116821
RIPS,641.3415,-1.022667,0.7235653,-2.116697
RIPS,641.3497,-1.022912,0.724048,-2.116601
RIPS,641.3581,-1.023117,0.7245037,-2.116363
RIPS,641.3662,-1.023308,0.7249867,-2.116104
RIPS,641.3757,-1.023382,0.725509,-2.115615
RIPS,641.3832,-1.02358,0.7260356,-2.115218
RIPS,641.3919,-1.023406,0.7272504,-2.113842
RIPS,641.4,-1.023674,0.727478,-2.113729
RIPS,641.4086,-1.02393,0.7277417,-2.113637
RIPS,641.4166,-1.024219,0.7280171,-2.113506
RIPS,641.425,-1.024501,0.7283595,-2.113296
RIPS,641.433,-1.024638,0.7287378,-2.113022
RIPS,641.4423,-1.024884,0.7292101,-2.112762
RIPS,641.45,-1.024979,0.7297134,-2.112457
RIPS,641.4587,-1.025254,0.7302084,-2.112263
RIPS,641.4667,-1.025632,0.7306762,-2.112063
RIPS,641.4749,-1.026043,0.7311927,-2.111914
RIPS,641.4844,-1.026538,0.731497,-2.111827
RIPS,641.4919,-1.026965,0.7317903,-2.111696
RIPS,641.4996,-1.027406,0.7320202,-2.111581
RIPS,641.509,-1.027876,0.7323121,-2.111474
RIPS,641.5168,-1.028286,0.7325554,-2.111335
RIPS,641.5258,-1.028735,0.732848,-2.111181
RIPS,641.5333,-1.029113,0.7332227,-2.110994
RIPS,641.5418,-1.029553,0.7335919,-2.110865
RIPS,641.5499,-1.029994,0.733977,-2.110726
RIPS,641.5582,-1.030498,0.7342969,-2.110728
RIPS,641.5665,-1.030991,0.7345397,-2.110733
RIPS,641.5754,-1.031512,0.7347962,-2.110777
RIPS,641.5834,-1.032052,0.7350021,-2.110873
RIPS,641.5917,-1.03253,0.7351375,-2.110945
RIPS,641.5996,-1.033017,0.7353184,-2.111023
RIPS,641.6083,-1.033454,0.7354204,-2.111071
RIPS,641.6166,-1.034004,0.7348372,-2.111813
RIPS,641.625,-1.034572,0.7345026,-2.112415
RIPS,641.6334,-1.035058,0.7342461,-2.112726
RIPS,641.6423,-1.035539,0.7341995,-2.112948
RIPS,641.6498,-1.036107,0.7341385,-2.113277
RIPS,641.658,-1.036638,0.734122,-2.113631
RIPS,641.6667,-1.037209,0.7339633,-2.114177
RIPS,641.6751,-1.037644,0.7339839,-2.114375
RIPS,641.6837,-1.038119,0.7340119,-2.114631
RIPS,641.6915,-1.038556,0.7342253,-2.114804
RIPS,641.6997,-1.039002,0.7343773,-2.11499
RIPS,641.7095,-1.039536,0.7342747,-2.115336
RIPS,641.7162,-1.039965,0.7343149,-2.115559
RIPS,641.7257,-1.040338,0.7343621,-2.115636
RIPS,641.7333,-1.040741,0.7345228,-2.115673
RIPS,641.7414,-1.041097,0.7347366,-2.115606
RIPS,641.7499,-1.041504,0.7349562,-2.115517
RIPS,641.758,-1.04195,0.7352024,-2.11538
RIPS,641.7661,-1.04221,0.7353395,-2.115304
RIPS,641.7752,-1.042527,0.7355573,-2.115199
RIPS,641.783,-1.04276,0.7357201,-2.115164
RIPS,641.7913,-1.043067,0.7359927,-2.115094
RIPS,641.8002,-1.043387,0.7363904,-2.115059
RIPS,641.8084,-1.043736,0.7367591,-2.114904
RIPS,641.8165,-1.044379,0.737255,-2.114845
RIPS,641.8248,-1.044768,0.737765,-2.114611
RIPS,641.833,-1.04506,0.7382228,-2.114399
RIPS,641.8424,-1.04539,0.738764,-2.114091
RIPS,641.8498,-1.045759,0.7392815,-2.113931
RIPS,641.858,-1.046008,0.7396545,-2.113693
RIPS,641.8663,-1.046261,0.7400432,-2.113442
RIPS,641.8747,-1.046547,0.7403989,-2.113121
RIPS,641.8841,-1.046809,0.7407324,-2.112982
RIPS,641.8914,-1.046972,0.741109,-2.112397
RIPS,641.8999,-1.047214,0.7415758,-2.112098
RIPS,641.9086,-1.047419,0.7419948,-2.111997
RIPS,641.9164,-1.047693,0.7423548,-2.111785
RIPS,641.926,-1.047974,0.7427904,-2.111533
RIPS,641.9331,-1.047893,0.743125,-2.110674
RIPS,641.9415,-1.048151,0.7434351,-2.110522
RIPS,641.9495,-1.048382,0.7437851,-2.110286
RIPS,641.9587,-1.048648,0.7441734,-2.109861
RIPS,641.9661,-1.048868,0.7445267,-2.109631
RIPS,641.9755,-1.049081,0.7448303,-2.109326
RIPS,641.9831,-1.049306,0.7450604,-2.109147
RIPS,641.9915,-1.04954,0.7451859,-2.10918
RIPS,641.9996,-1.049797,0.7454329,-2.109
RIPS,642.0084,-1.050055,0.7457189,-2.108629
RIPS,642.0162,-1.050317,0.7459219,-2.108473
RIPS,642.025,-1.050574,0.7461266,-2.108346
RIPS,642.0328,-1.050869,0.7463417,-2.108053
RIPS,642.0419,-1.051135,0.7464234,-2.108031
RIPS,642.0495,-1.051383,0.7465749,-2.107981
RIPS,642.0582,-1.051633,0.7466294,-2.107991
RIPS,642.0665,-1.051821,0.7466358,-2.108139
RIPS,642.0747,-1.052054,0.7467352,-2.108154
RIPS,642.0834,-1.052241,0.7469634,-2.108016
RIPS,642.0915,-1.052317,0.7470874,-2.108067
RIPS,642.0997,-1.052433,0.7472754,-2.107918
RIPS,642.1088,-1.05258,0.747465,-2.107779
RIPS,642.1167,-1.052713,0.7476923,-2.107634
RIPS,642.1258,-1.052813,0.7479641,-2.107606
RIPS,642.1368,-1.052887,0.7482206,-2.107717
RIPS,642.1484,-1.053004,0.7484674,-2.107737
RIPS,642.1562,-1.053156,0.7489274,-2.107272
RIPS,642.1665,-1.053253,0.7489975,-2.107078
RIPS,642.1753,-1.053578,0.7493805,-2.106211
RIPS,642.183,-1.053707,0.7498532,-2.105571
RIPS,642.1913,-1.053839,0.7501019,-2.105051
RIPS,642.1995,-1.053984,0.7504563,-2.104763
RIPS,642.2091,-1.054116,0.7505738,-2.105138
RIPS,642.2165,-1.054201,0.7510479,-2.104866
RIPS,642.2249,-1.054356,0.7514179,-2.104863
RIPS,642.233,-1.054437,0.7519093,-2.104523
RIPS,642.2415,-1.054519,0.7522318,-2.10424
RIPS,642.2501,-1.054564,0.7533739,-2.102702
RIPS,642.2581,-1.054653,0.7533572,-2.102448
RIPS,642.2668,-1.054651,0.7533489,-2.102274
RIPS,642.2767,-1.054743,0.7532534,-2.102067
RIPS,642.2866,-1.054816,0.753269,-2.101805
RIPS,642.292,-1.054975,0.7534059,-2.101594
RIPS,642.2976,-1.05508,0.753635,-2.101363
RIPS,642.3063,-1.055259,0.7540141,-2.101029
RIPS,642.3149,-1.055345,0.7543768,-2.100871
RIPS,642.3235,-1.055434,0.7547505,-2.100786
RIPS,642.3309,-1.055466,0.7550236,-2.100404
RIPS,642.3394,-1.055535,0.7552181,-2.10034
RIPS,642.3475,-1.055521,0.7552662,-2.100204
RIPS,642.3561,-1.055586,0.7552705,-2.100097
RIPS,642.3642,-1.055647,0.7553765,-2.099972
RIPS,642.373,-1.055674,0.7554171,-2.099745
RIPS,642.3807,-1.055733,0.7554731,-2.09953
RIPS,642.3893,-1.055759,0.7555164,-2.099375
RIPS,642.3978,-1.055873,0.7555707,-2.099281
RIPS,642.4065,-1.056089,0.7557124,-2.09929
RIPS,642.4144,-1.056203,0.75577,-2.099198
RIPS,642.4229,-1.05634,0.7557744,-2.099178
RIPS,642.4307,-1.05649,0.7557907,-2.09901
RIPS,642.4403,-1.056595,0.7559349,-2.099036
RIPS,642.4476,-1.056669,0.7558738,-2.099051
RIPS,642.4559,-1.056758,0.7561121,-2.099074
RIPS,642.4644,-1.056815,0.7563595,-2.099241
RIPS,642.4728,-1.056834,0.7565761,-2.099187
RIPS,642.4807,-1.056876,0.7568592,-2.099002
RIPS,642.4897,-1.05673,0.7570783,-2.09867
RIPS,642.4973,-1.056663,0.7573231,-2.098558
RIPS,642.5063,-1.057632,0.7579292,-2.099391
RIPS,642.5146,-1.057574,0.7578692,-2.09924
RIPS,642.5233,-1.057599,0.7576407,-2.099021
RIPS,642.531,-1.057599,0.7573655,-2.09891
RIPS,642.5392,-1.057627,0.7570899,-2.098735
RIPS,642.5477,-1.057842,0.7568405,-2.098503
RIPS,642.5561,-1.057928,0.7566086,-2.098443
RIPS,642.5643,-1.058012,0.7563956,-2.098411
RIPS,642.5753,-1.058075,0.7563008,-2.098482
RIPS,642.5812,-1.05823,0.7563625,-2.098656
RIPS,642.59,-1.058422,0.7565904,-2.099396
RIPS,642.5985,-1.058549,0.7568346,-2.099727
RIPS,642.6073,-1.058495,0.7569574,-2.100044
RIPS,642.6155,-1.058552,0.7570758,-2.100179
RIPS,642.6238,-1.058561,0.7570613,-2.100219
RIPS,642.6325,-1.058458,0.7569631,-2.100211
RIPS,642.6412,-1.05837,0.7567531,-2.100052
RIPS,642.6492,-1.058305,0.7567133,-2.099891
RIPS,642.658,-1.05823,0.7567401,-2.099743
RIPS,642.6661,-1.058199,0.7570041,-2.099323
RIPS,642.6747,-1.058276,0.7573527,-2.099331
RIPS,642.6832,-1.058337,0.7577801,-2.099118
RIPS,642.6913,-1.058383,0.7582112,-2.099063
RIPS,642.6994,-1.058385,0.7586066,-2.098842
RIPS,642.7086,-1.058393,0.7590126,-2.098416
RIPS,642.7164,-1.058386,0.7596951,-2.097265
RIPS,642.7259,-1.058199,0.7616553,-2.094304
RIPS,642.7326,-1.058264,0.7621788,-2.094893
RIPS,642.7411,-1.058262,0.7626905,-2.095175
RIPS,642.7492,-1.058225,0.7631393,-2.095371
RIPS,642.7582,-1.058146,0.7635126,-2.095468
RIPS,642.766,-1.057976,0.7640467,-2.095484
RIPS,642.7748,-1.057895,0.7644662,-2.095431
RIPS,642.7836,-1.057901,0.7649567,-2.095322
RIPS,642.791,-1.057859,0.7655035,-2.095226
RIPS,642.7993,-1.057829,0.7660178,-2.095116
RIPS,642.8082,-1.057838,0.7665789,-2.095045
RIPS,642.816,-1.057838,0.7671486,-2.095099
RIPS,642.8244,-1.057798,0.7676246,-2.095231
RIPS,642.8329,-1.057826,0.7680581,-2.09548
RIPS,642.8422,-1.057826,0.7685297,-2.095672
RIPS,642.8495,-1.057799,0.7689599,-2.096125
RIPS,642.8579,-1.057881,0.7693606,-2.096493
RIPS,642.866,-1.05801,0.7696841,-2.096754
RIPS,642.8747,-1.058092,0.7700212,-2.097077
RIPS,642.8834,-1.058301,0.7702608,-2.097292
RIPS,642.8913,-1.058393,0.7706048,-2.097377
RIPS,642.8994,-1.058501,0.7710077,-2.097475
RIPS,642.9084,-1.058577,0.7713587,-2.097511
RIPS,642.9161,-1.05862,0.7716063,-2.097538
RIPS,642.9257,-1.058594,0.7716351,-2.097627
RIPS,642.9327,-1.058579,0.7715441,-2.097933
RIPS,642.9412,-1.058679,0.771467,-2.098403
RIPS,642.9492,-1.058758,0.7710076,-2.098922
RIPS,642.9579,-1.058811,0.7707481,-2.099382
RIPS,642.9662,-1.059014,0.7703461,-2.099921
RIPS,642.9749,-1.059121,0.7700875,-2.100232
RIPS,642.983,-1.059296,0.7698954,-2.100256
RIPS,642.9915,-1.059415,0.7698495,-2.099922
RIPS,642.9995,-1.059573,0.769622,-2.099799
RIPS,643.0082,-1.059662,0.769536,-2.099362
RIPS,643.0163,-1.059736,0.7693053,-2.099192
RIPS,643.0247,-1.059775,0.769017,-2.099095
RIPS,643.0327,-1.059798,0.7686815,-2.099316
RIPS,643.0416,-1.059842,0.7685907,-2.099583
RIPS,643.0496,-1.059949,0.7684527,-2.100561
RIPS,643.0578,-1.060083,0.7683324,-2.101448
RIPS,643.0663,-1.060182,0.7682852,-2.10241
RIPS,643.0744,-1.060325,0.7680769,-2.103401
RIPS,643.083,-1.060453,0.7678715,-2.104172
RIPS,643.0912,-1.060557,0.7678351,-2.104595
RIPS,643.0991,-1.060608,0.7677713,-2.104452
RIPS,643.1082,-1.060652,0.7679663,-2.103906
RIPS,643.1168,-1.060611,0.7681683,-2.10307
RIPS,643.1257,-1.060598,0.7682256,-2.102001
RIPS,643.1332,-1.060505,0.7682698,-2.101397
RIPS,643.1414,-1.060558,0.7683202,-2.101094
RIPS,643.1497,-1.060497,0.768374,-2.101129
RIPS,643.1581,-1.06055,0.7684757,-2.101502
RIPS,643.1664,-1.060625,0.7684571,-2.102095
RIPS,643.175,-1.060676,0.7684328,-2.102743
RIPS,643.183,-1.06072,0.7683875,-2.103275
RIPS,643.1912,-1.060751,0.7683117,-2.10359
RIPS,643.2045,-1.060752,0.7681703,-2.103511
RIPS,643.2145,-1.06077,0.7682002,-2.102503
RIPS,643.2222,-1.060614,0.7680752,-2.101814
RIPS,643.2329,-1.060557,0.7680251,-2.10133
RIPS,643.2412,-1.060486,0.7679974,-2.100872
RIPS,643.2491,-1.060497,0.7679403,-2.100747
RIPS,643.2578,-1.060436,0.7679856,-2.100811
RIPS,643.266,-1.060504,0.7679661,-2.101002
RIPS,643.2747,-1.060449,0.7679554,-2.101229
RIPS,643.2832,-1.060489,0.7679153,-2.101512
RIPS,643.2911,-1.06043,0.7679221,-2.101678
RIPS,643.2993,-1.060429,0.7678862,-2.101856
RIPS,643.3082,-1.060625,0.7679635,-2.101858
RIPS,643.3157,-1.060613,0.7680349,-2.101826
RIPS,643.3256,-1.060643,0.7680688,-2.101774
RIPS,643.3329,-1.0606,0.768096,-2.101721
RIPS,643.3411,-1.060543,0.7681077,-2.101725
RIPS,643.3496,-1.060529,0.7680459,-2.101725
RIPS,643.3582,-1.060528,0.7679722,-2.10178
RIPS,643.3661,-1.060491,0.7678834,-2.101941
RIPS,643.3751,-1.060482,0.7677851,-2.102112
RIPS,643.383,-1.0605,0.7677168,-2.102302
RIPS,643.3909,-1.060459,0.7676229,-2.102426
RIPS,643.3993,-1.060375,0.7675667,-2.102433
RIPS,643.4082,-1.060292,0.7675051,-2.102494
RIPS,643.4162,-1.060241,0.7674867,-2.102412
RIPS,643.4243,-1.060199,0.7675104,-2.102278
RIPS,643.4329,-1.06019,0.7674644,-2.102093
RIPS,643.4412,-1.060229,0.7674078,-2.101994
RIPS,643.4496,-1.060195,0.7674102,-2.101936
RIPS,643.4579,-1.060245,0.7673002,-2.101951
RIPS,643.4659,-1.060194,0.7673038,-2.102015
RIPS,643.4744,-1.060235,0.7672827,-2.102138
RIPS,643.4832,-1.060312,0.7672573,-2.102136
RIPS,643.4914,-1.060309,0.767293,-2.102167
RIPS,643.4994,-1.060332,0.7672563,-2.102125
RIPS,643.5085,-1.060412,0.7672303,-2.101995
RIPS,643.5159,-1.060378,0.7673144,-2.101902
RIPS,643.5258,-1.06033,0.7672794,-2.101848
RIPS,643.5328,-1.060266,0.7672599,-2.101766
RIPS,643.5408,-1.060197,0.7672935,-2.101733
RIPS,643.5494,-1.06016,0.7672595,-2.101719
RIPS,643.5579,-1.060144,0.7671738,-2.101717
RIPS,643.566,-1.060198,0.7671427,-2.101737
RIPS,643.5748,-1.060169,0.7671202,-2.101776
RIPS,643.5831,-1.060113,0.7670093,-2.101786
RIPS,643.5912,-1.060065,0.7669713,-2.101755
RIPS,643.5994,-1.059984,0.7669416,-2.101738
RIPS,643.608,-1.059954,0.7669523,-2.101748
RIPS,643.6159,-1.059844,0.7669731,-2.10185
RIPS,643.6244,-1.059803,0.7670741,-2.101908
RIPS,643.6324,-1.059711,0.767054,-2.101853
RIPS,643.6414,-1.05972,0.7669935,-2.101875
RIPS,643.6495,-1.059687,0.7669646,-2.101864
RIPS,643.6578,-1.059596,0.7668524,-2.101804
RIPS,643.6663,-1.059621,0.7668293,-2.10173
RIPS,643.6743,-1.059587,0.7668242,-2.10164
RIPS,643.6834,-1.059487,0.7667378,-2.101571
RIPS,643.691,-1.059395,0.7667302,-2.101528
RIPS,643.6993,-1.059347,0.7667831,-2.101534
RIPS,643.7081,-1.059328,0.7667205,-2.101485
RIPS,643.7161,-1.059284,0.7667382,-2.101532
RIPS,643.7255,-1.05935,0.7667267,-2.101548
RIPS,643.7327,-1.059309,0.7667274,-2.10155
RIPS,643.7408,-1.059263,0.7667437,-2.101537
RIPS,643.7491,-1.059261,0.7667685,-2.101559
RIPS,643.7578,-1.059219,0.7667847,-2.101452
RIPS,643.7659,-1.059199,0.7667394,-2.101332
RIPS,643.7758,-1.059279,0.7667496,-2.101341
RIPS,643.7827,-1.059249,0.7666703,-2.101313
RIPS,643.7913,-1.059249,0.7666913,-2.101365
RIPS,643.7993,-1.059238,0.7667122,-2.101403
RIPS,643.8078,-1.059155,0.7667006,-2.101461
RIPS,643.8157,-1.059136,0.7666754,-2.101499
RIPS,643.8246,-1.059149,0.7666754,-2.101502
RIPS,643.8324,-1.059106,0.7665899,-2.101435
RIPS,643.8419,-1.05912,0.7666229,-2.101396
RIPS,643.8493,-1.059091,0.7665988,-2.101321
RIPS,643.8577,-1.059078,0.7665519,-2.101254
RIPS,643.8658,-1.059112,0.766559,-2.101167
RIPS,643.8742,-1.059101,0.7665483,-2.101132
RIPS,643.8834,-1.059124,0.7665259,-2.101143
RIPS,643.8912,-1.059139,0.7664987,-2.101249
RIPS,643.8993,-1.059114,0.7665298,-2.101282
RIPS,643.9081,-1.058985,0.7665243,-2.101298
RIPS,643.9162,-1.058995,0.7665658,-2.101305
RIPS,643.9255,-1.059064,0.7665526,-2.101233
RIPS,643.9324,-1.059067,0.7665689,-2.101195
RIPS,643.9409,-1.059189,0.7664588,-2.101178
RIPS,643.9489,-1.059185,0.76644,-2.101139
RIPS,643.9578,-1.059165,0.7663305,-2.101085
RIPS,643.9659,-1.05905,0.7662863,-2.101149
RIPS,643.9751,-1.05903,0.7662439,-2.101127
RIPS,643.9833,-1.058913,0.7661727,-2.101104
RIPS,643.9908,-1.058907,0.7661827,-2.1011
RIPS,643.9991,-1.05889,0.7662129,-2.101097
RIPS,644.0082,-1.058845,0.7662486,-2.100979
RIPS,644.0159,-1.058835,0.7663254,-2.100935
RIPS,644.0244,-1.058821,0.7662483,-2.100932
RIPS,644.0327,-1.05882,0.7662742,-2.100893
RIPS,644.041,-1.058801,0.7662787,-2.100892
RIPS,644.05,-1.058796,0.766279,-2.100902
RIPS,644.0576,-1.058772,0.7662762,-2.100964
RIPS,644.0658,-1.058823,0.7662082,-2.100831
RIPS,644.0742,-1.058807,0.7661487,-2.100834
RIPS,644.0827,-1.058815,0.7660953,-2.100801
RIPS,644.0911,-1.058797,0.7660453,-2.100739
RIPS,644.099,-1.058823,0.7661608,-2.100666
RIPS,644.1083,-1.058939,0.7661507,-2.100646
RIPS,644.1171,-1.058934,0.7661276,-2.100548
RIPS,644.1258,-1.058897,0.7661258,-2.100541
RIPS,644.1358,-1.058903,0.7661426,-2.100515
RIPS,644.1451,-1.058894,0.7660159,-2.100473
RIPS,644.1504,-1.05885,0.7660116,-2.100565
RIPS,644.1558,-1.058855,0.7660013,-2.100543
RIPS,644.1638,-1.058799,0.7659703,-2.100631
RIPS,644.1727,-1.058791,0.7659051,-2.100628
RIPS,644.181,-1.058743,0.7659286,-2.100609
RIPS,644.1884,-1.058723,0.7658791,-2.10056
RIPS,644.1971,-1.058706,0.7658311,-2.100471
RIPS,644.2075,-1.058778,0.765884,-2.1003
RIPS,644.2135,-1.058724,0.765813,-2.100193
RIPS,644.2223,-1.058707,0.7657108,-2.10016
RIPS,644.2303,-1.058685,0.7656674,-2.100132
RIPS,644.239,-1.058671,0.7655638,-2.100123
RIPS,644.247,-1.058697,0.7655078,-2.100228
RIPS,644.2554,-1.058712,0.76552,-2.100313
RIPS,644.2639,-1.058651,0.7655309,-2.10037
RIPS,644.272,-1.058635,0.7655792,-2.100398
RIPS,644.2803,-1.058605,0.7656834,-2.100359
RIPS,644.2891,-1.058612,0.7656906,-2.100313
RIPS,644.2968,-1.058503,0.7657204,-2.100216
RIPS,644.3054,-1.058477,0.765746,-2.100164
RIPS,644.3142,-1.05845,0.7657701,-2.100138
RIPS,644.3218,-1.058429,0.7657818,-2.100095
RIPS,644.3305,-1.058426,0.7657489,-2.10012
RIPS,644.3388,-1.058554,0.7656254,-2.10012
RIPS,644.3469,-1.058547,0.7656016,-2.10021
RIPS,644.3555,-1.05855,0.7655799,-2.1003
RIPS,644.3637,-1.058663,0.7655734,-2.100319
RIPS,644.3721,-1.058661,0.7655706,-2.100322
RIPS,644.3804,-1.058733,0.7656578,-2.100263
RIPS,644.3892,-1.058744,0.7656634,-2.100247
RIPS,644.3971,-1.058792,0.7657609,-2.100074
RIPS,644.406,-1.058809,0.7657391,-2.100053
RIPS,644.4136,-1.058815,0.7656874,-2.100006
RIPS,644.4221,-1.058778,0.7656129,-2.100053
RIPS,644.4305,-1.058786,0.7655268,-2.100093
RIPS,644.4399,-1.058736,0.765377,-2.100114
RIPS,644.4498,-1.058727,0.7653031,-2.100199
RIPS,644.4556,-1.058694,0.7652801,-2.100228
RIPS,644.4646,-1.058664,0.7652138,-2.100235
RIPS,644.4732,-1.058672,0.7652159,-2.100212
RIPS,644.4814,-1.058668,0.7652371,-2.100135
RIPS,644.4901,-1.058657,0.7651858,-2.100066
RIPS,644.4983,-1.058655,0.7651155,-2.099989
RIPS,644.5071,-1.058668,0.7650291,-2.099984
RIPS,644.5153,-1.058725,0.7649373,-2.100045
RIPS,644.5248,-1.058825,0.7649361,-2.099992
RIPS,644.5316,-1.058832,0.7649303,-2.100099
RIPS,644.54,-1.058884,0.7647918,-2.100177
RIPS,644.5485,-1.058901,0.7648758,-2.10025
RIPS,644.5569,-1.058907,0.7648991,-2.100296
RIPS,644.5649,-1.058893,0.7649546,-2.100341
RIPS,644.5738,-1.058836,0.7649769,-2.100292
RIPS,644.5823,-1.058903,0.7651126,-2.100261
RIPS,644.5921,-1.058915,0.7650803,-2.100216
RIPS,644.601,-1.05895,0.7650739,-2.100243
RIPS,644.6072,-1.058964,0.7650472,-2.100218
RIPS,644.6149,-1.05899,0.7649938,-2.1002
RIPS,644.6232,-1.059004,0.7649245,-2.100185
RIPS,644.6313,-1.059015,0.7648624,-2.100151
RIPS,644.64,-1.059084,0.7647561,-2.100131
RIPS,644.6484,-1.059074,0.7646731,-2.100114
RIPS,644.6564,-1.059067,0.7646449,-2.100033
RIPS,644.6646,-1.05909,0.7645573,-2.099982
RIPS,644.6731,-1.059066,0.7644621,-2.099926
RIPS,644.6813,-1.059118,0.7643772,-2.099874
RIPS,644.6898,-1.059059,0.7642709,-2.099794
RIPS,644.6978,-1.059042,0.7640727,-2.09979
RIPS,644.7065,-1.059041,0.7638746,-2.099741
RIPS,644.7156,-1.059062,0.7635323,-2.099686
RIPS,644.7237,-1.059057,0.7631921,-2.099652
RIPS,644.7314,-1.059066,0.7627767,-2.099569
RIPS,644.7401,-1.059142,0.7624687,-2.099485
RIPS,644.7479,-1.059157,0.7621929,-2.099458
RIPS,644.7568,-1.059137,0.7620021,-2.099436
RIPS,644.7645,-1.05916,0.7618098,-2.09937
RIPS,644.7734,-1.059129,0.7616966,-2.099315
RIPS,644.7823,-1.059053,0.7615268,-2.099284
RIPS,644.7896,-1.058988,0.7615331,-2.099211
RIPS,644.798,-1.059122,0.7616561,-2.099272
RIPS,644.8073,-1.059193,0.7618811,-2.099423
RIPS,644.8147,-1.059288,0.762177,-2.099762
RIPS,644.8232,-1.059608,0.7626305,-2.100315
RIPS,644.8314,-1.059666,0.7629643,-2.100912
RIPS,644.8401,-1.059826,0.7634124,-2.101606
RIPS,644.8481,-1.059834,0.7637612,-2.101995
RIPS,644.8564,-1.059815,0.7641833,-2.102246
RIPS,644.8648,-1.059726,0.7645484,-2.102219
RIPS,644.8733,-1.059663,0.7648938,-2.101973
RIPS,644.8815,-1.059516,0.7651828,-2.101609
RIPS,644.8904,-1.059393,0.7655055,-2.101099
RIPS,644.8983,-1.059285,0.7657408,-2.100949
RIPS,644.9073,-1.059259,0.7660492,-2.100868
RIPS,644.9159,-1.059249,0.7664194,-2.100814
RIPS,644.9243,-1.059237,0.7667006,-2.100835
RIPS,644.9325,-1.059193,0.76719,-2.100839
RIPS,644.9405,-1.059004,0.767666,-2.100931
RIPS,644.949,-1.058691,0.7680823,-2.100783
RIPS,644.9574,-1.058507,0.7685639,-2.100638
RIPS,644.9658,-1.058323,0.7689313,-2.100394
RIPS,644.9743,-1.058225,0.769276,-2.100149
RIPS,644.983,-1.058149,0.7695259,-2.09991
RIPS,644.9908,-1.058138,0.7699053,-2.099641
RIPS,644.9991,-1.058132,0.7701479,-2.099406
RIPS,645.0078,-1.058185,0.7705681,-2.099203
RIPS,645.0157,-1.058224,0.7709875,-2.099
RIPS,645.0245,-1.05832,0.7715313,-2.098772
RIPS,645.0322,-1.058275,0.7721201,-2.09854
RIPS,645.0414,-1.058322,0.7727401,-2.098206
RIPS,645.0491,-1.058253,0.7734068,-2.098035
RIPS,645.0573,-1.058211,0.7739621,-2.097925
RIPS,645.0656,-1.058246,0.7744906,-2.097986
RIPS,645.074,-1.058277,0.7749578,-2.098066
RIPS,645.0829,-1.058402,0.7753595,-2.098281
RIPS,645.0908,-1.058461,0.7757772,-2.098459
RIPS,645.0988,-1.058405,0.7760226,-2.098588
RIPS,645.1077,-1.058424,0.7763074,-2.098858
RIPS,645.1167,-1.058459,0.7765636,-2.098992
RIPS,645.1255,-1.058462,0.77674,-2.099005
RIPS,645.1325,-1.058401,0.7769017,-2.099034
RIPS,645.1418,-1.0585,0.7770337,-2.098969
RIPS,645.1494,-1.058419,0.7771215,-2.098901
RIPS,645.1575,-1.05839,0.7772706,-2.098964
RIPS,645.1656,-1.058395,0.7772721,-2.099045
RIPS,645.1746,-1.058315,0.7771671,-2.099235
RIPS,645.1831,-1.058278,0.7771229,-2.099438
RIPS,645.1907,-1.0583,0.7770349,-2.099777
RIPS,645.1992,-1.058314,0.7767537,-2.100003
RIPS,645.2087,-1.058293,0.7765844,-2.100203
RIPS,645.2167,-1.058255,0.7764335,-2.100404
RIPS,645.2242,-1.058213,0.7762926,-2.100478
RIPS,645.2322,-1.0582,0.7761272,-2.100617
RIPS,645.241,-1.058091,0.7757851,-2.100747
RIPS,645.2492,-1.058045,0.7754174,-2.100935
RIPS,645.2573,-1.058058,0.7749342,-2.101147
RIPS,645.2655,-1.057978,0.7743918,-2.101407
RIPS,645.2741,-1.05795,0.7740242,-2.101532
RIPS,645.2823,-1.057873,0.7734511,-2.101615
RIPS,645.2908,-1.057753,0.7730464,-2.101445
RIPS,645.2987,-1.057683,0.7726439,-2.101295
RIPS,645.3077,-1.057546,0.7723116,-2.100982
RIPS,645.3158,-1.057351,0.7720412,-2.100427
RIPS,645.325,-1.057211,0.7718343,-2.100057
RIPS,645.3325,-1.057085,0.7716619,-2.099729
RIPS,645.3408,-1.056961,0.7715579,-2.09973
RIPS,645.3495,-1.056974,0.7715948,-2.099734
RIPS,645.3573,-1.057088,0.7716783,-2.100099
RIPS,645.3655,-1.057371,0.7718877,-2.100774
RIPS,645.3743,-1.057536,0.7720383,-2.101161
RIPS,645.3826,-1.057821,0.7722481,-2.102093
RIPS,645.3908,-1.057979,0.7724904,-2.102731
RIPS,645.3989,-1.058138,0.7727625,-2.10316
RIPS,645.4078,-1.058092,0.773092,-2.103463
RIPS,645.4153,-1.058017,0.7735063,-2.103537
RIPS,645.424,-1.057855,0.773894,-2.103479
RIPS,645.4323,-1.057727,0.7743076,-2.10332
RIPS,645.4412,-1.057625,0.774666,-2.103081
RIPS,645.4492,-1.057605,0.7750635,-2.102873
RIPS,645.4578,-1.057829,0.7754685,-2.102882
RIPS,645.4655,-1.05798,0.775794,-2.102864
RIPS,645.4743,-1.058065,0.7760406,-2.102879
RIPS,645.4825,-1.058205,0.7762073,-2.103088
RIPS,645.4908,-1.058293,0.7762742,-2.103235
RIPS,645.4988,-1.058404,0.7764072,-2.103493
RIPS,645.5081,-1.058422,0.7764437,-2.103577
RIPS,645.5162,-1.058395,0.7764729,-2.103594
RIPS,645.5249,-1.058359,0.7764529,-2.103465
RIPS,645.5327,-1.058282,0.7763699,-2.103128
RIPS,645.5406,-1.058151,0.7763053,-2.102856
RIPS,645.5489,-1.058123,0.7762502,-2.10252
RIPS,645.5575,-1.058107,0.77606,-2.102287
RIPS,645.5657,-1.058089,0.7760283,-2.102074
RIPS,645.5742,-1.058056,0.7760209,-2.101903
RIPS,645.5825,-1.058017,0.7759821,-2.101804
RIPS,645.5906,-1.057944,0.775911,-2.101815
RIPS,645.5989,-1.057928,0.7758712,-2.101821
RIPS,645.6079,-1.057877,0.7756923,-2.102003
RIPS,645.6154,-1.057924,0.7755784,-2.101999
RIPS,645.6244,-1.057926,0.7754484,-2.102139
RIPS,645.6321,-1.057954,0.7753131,-2.102132
RIPS,645.641,-1.058015,0.7751729,-2.10199
RIPS,645.6491,-1.058035,0.7751483,-2.101767
RIPS,645.6572,-1.05805,0.7750778,-2.101488
RIPS,645.6655,-1.057988,0.77518,-2.101128
RIPS,645.6742,-1.058048,0.7751867,-2.10095
RIPS,645.6823,-1.058032,0.7751236,-2.100781
RIPS,645.6908,-1.058064,0.7749187,-2.10078
RIPS,645.6986,-1.058035,0.7746336,-2.101336
RIPS,645.7079,-1.05811,0.7741653,-2.101728
RIPS,645.7156,-1.058228,0.7738166,-2.101927
RIPS,645.7255,-1.058202,0.7734215,-2.102506
RIPS,645.7328,-1.058256,0.7730745,-2.102663
RIPS,645.7406,-1.058128,0.7728999,-2.102491
RIPS,645.7485,-1.057976,0.7728683,-2.102
RIPS,645.7575,-1.057914,0.7726223,-2.101412
RIPS,645.7656,-1.057872,0.7725956,-2.100606
RIPS,645.7745,-1.057896,0.7723078,-2.100162
RIPS,645.7831,-1.058045,0.7719132,-2.100151
RIPS,645.7905,-1.058229,0.7715306,-2.100368
RIPS,645.7988,-1.058484,0.7711145,-2.100921
RIPS,645.8077,-1.058548,0.7707535,-2.101581
RIPS,645.8157,-1.058409,0.7705033,-2.102132
RIPS,645.8237,-1.058356,0.7701532,-2.102533
RIPS,645.832,-1.0583,0.7699333,-2.10263
RIPS,645.8411,-1.058297,0.7697474,-2.102247
RIPS,645.8492,-1.05838,0.7697254,-2.101491
RIPS,645.8574,-1.058417,0.7695913,-2.101231
RIPS,645.8657,-1.058437,0.7696803,-2.1009
RIPS,645.8738,-1.058371,0.769847,-2.10093
RIPS,645.8821,-1.058421,0.770092,-2.101136
RIPS,645.8907,-1.058467,0.7703708,-2.101688
RIPS,645.8989,-1.058624,0.7706901,-2.102477
RIPS,645.9074,-1.058879,0.7709371,-2.103352
RIPS,645.9161,-1.059095,0.7713131,-2.103987
RIPS,645.925,-1.05913,0.7716758,-2.104331
RIPS,645.9323,-1.059129,0.7720301,-2.104318
RIPS,645.9404,-1.059097,0.7722895,-2.10394
RIPS,645.9486,-1.059004,0.7726046,-2.103471
RIPS,645.9573,-1.0588,0.772755,-2.103056
RIPS,645.9658,-1.058753,0.7730051,-2.102912
RIPS,645.9742,-1.058824,0.7732382,-2.10297
RIPS,645.9831,-1.058829,0.7734175,-2.10295
RIPS,645.9908,-1.058758,0.7735016,-2.1032
RIPS,645.9988,-1.058756,0.7737419,-2.103407
RIPS,646.0075,-1.058593,0.7738491,-2.103438
RIPS,646.0153,-1.058454,0.7739714,-2.103657
RIPS,646.0242,-1.058468,0.7741329,-2.103731
RIPS,646.0319,-1.058458,0.7743376,-2.103562
RIPS,646.0409,-1.058442,0.774565,-2.103334
RIPS,646.0496,-1.058501,0.7748309,-2.103027
RIPS,646.0573,-1.058437,0.7751023,-2.102822
RIPS,646.0655,-1.058431,0.7754151,-2.102565
RIPS,646.0737,-1.058358,0.7755807,-2.102477
RIPS,646.082,-1.058327,0.7757485,-2.102488
RIPS,646.0906,-1.058263,0.7759673,-2.102703
RIPS,646.0988,-1.0582,0.7760474,-2.102981
RIPS,646.1074,-1.058165,0.7761309,-2.103348
RIPS,646.1166,-1.058116,0.7762519,-2.103612
RIPS,646.1249,-1.05818,0.7762941,-2.104048
RIPS,646.134,-1.058174,0.7763868,-2.104283
RIPS,646.1418,-1.058191,0.7764287,-2.104464
RIPS,646.1489,-1.058125,0.7765767,-2.104573
RIPS,646.1572,-1.058097,0.7766212,-2.104434
RIPS,646.1654,-1.058039,0.7766362,-2.104476
RIPS,646.1742,-1.05798,0.7766811,-2.104303
RIPS,646.1831,-1.057868,0.776652,-2.104238
RIPS,646.1904,-1.05777,0.7765922,-2.104134
RIPS,646.1988,-1.057832,0.7765493,-2.103919
RIPS,646.208,-1.05794,0.776471,-2.10387
RIPS,646.217,-1.057902,0.7763244,-2.103886
RIPS,646.2239,-1.058097,0.7762377,-2.104022
RIPS,646.2322,-1.058174,0.7761758,-2.104139
RIPS,646.2407,-1.058219,0.7760224,-2.104321
RIPS,646.2494,-1.058204,0.7758781,-2.104501
RIPS,646.2571,-1.05817,0.7756959,-2.104687
RIPS,646.2656,-1.058089,0.7753848,-2.104896
RIPS,646.274,-1.058019,0.7749782,-2.105078
RIPS,646.2819,-1.058008,0.7745767,-2.105235
RIPS,646.2911,-1.057955,0.7741323,-2.105289
RIPS,646.2992,-1.057868,0.773638,-2.105267
RIPS,646.3077,-1.057845,0.7730779,-2.105014
RIPS,646.3156,-1.057872,0.7724757,-2.104823
RIPS,646.325,-1.057898,0.7721441,-2.104478
RIPS,646.3324,-1.057872,0.7718996,-2.103971
RIPS,646.3406,-1.057759,0.7717128,-2.103597
RIPS,646.3486,-1.057615,0.7715949,-2.10308
RIPS,646.3571,-1.057488,0.7716502,-2.102617
RIPS,646.3655,-1.057372,0.7716649,-2.102401
RIPS,646.3751,-1.057345,0.7717146,-2.102495
RIPS,646.3823,-1.057432,0.7715619,-2.102848
RIPS,646.3904,-1.057572,0.7713881,-2.103549
RIPS,646.3988,-1.057606,0.7713051,-2.104057
RIPS,646.4077,-1.057828,0.7712937,-2.105334
RIPS,646.4156,-1.057959,0.7714323,-2.106133
RIPS,646.4238,-1.057977,0.7716604,-2.106634
RIPS,646.4323,-1.058053,0.7718565,-2.106645
RIPS,646.441,-1.057976,0.7721995,-2.106346
RIPS,646.4492,-1.057922,0.7726096,-2.105677
RIPS,646.4576,-1.057862,0.7729341,-2.10495
RIPS,646.4659,-1.057812,0.7733159,-2.104286
RIPS,646.4739,-1.057817,0.7735891,-2.104131
RIPS,646.4827,-1.057877,0.7739766,-2.104307
RIPS,646.4911,-1.057911,0.7742307,-2.104738
RIPS,646.4987,-1.057897,0.7744527,-2.105262
RIPS,646.5079,-1.057982,0.7746507,-2.105757
RIPS,646.5165,-1.057975,0.7747581,-2.105952
RIPS,646.5251,-1.057998,0.7748551,-2.105957
RIPS,646.5323,-1.058007,0.7749411,-2.105503
RIPS,646.5406,-1.057926,0.7750788,-2.104818
RIPS,646.5487,-1.057807,0.7751425,-2.103986
RIPS,646.5572,-1.057698,0.7752395,-2.103169
RIPS,646.5657,-1.057617,0.7752438,-2.102704
RIPS,646.5742,-1.057539,0.7751338,-2.102509
RIPS,646.583,-1.057535,0.7750936,-2.102509
RIPS,646.5902,-1.057632,0.7749432,-2.102642
RIPS,646.5988,-1.057728,0.7749173,-2.102868
RIPS,646.6075,-1.057812,0.7749494,-2.102993
RIPS,646.6152,-1.057884,0.7748811,-2.102955
RIPS,646.6238,-1.057889,0.7749921,-2.102569
RIPS,646.6319,-1.057855,0.775018,-2.102285
RIPS,646.6412,-1.057815,0.7751175,-2.101817
RIPS,646.6498,-1.057725,0.7752101,-2.101371
RIPS,646.657,-1.057789,0.7753553,-2.10094
RIPS,646.6654,-1.057769,0.7754338,-2.100914
RIPS,646.6736,-1.057783,0.7754654,-2.100859
RIPS,646.6825,-1.057753,0.7755066,-2.101118
RIPS,646.6907,-1.057801,0.77544,-2.101223
RIPS,646.6984,-1.05764,0.7753707,-2.101254
RIPS,646.7074,-1.057538,0.7752411,-2.101253
RIPS,646.7163,-1.057422,0.7750188,-2.10114
RIPS,646.725,-1.057352,0.7748681,-2.100913
RIPS,646.7322,-1.057342,0.7747586,-2.100776
RIPS,646.741,-1.057367,0.7746328,-2.100567
RIPS,646.7485,-1.057411,0.7745301,-2.100376
RIPS,646.7571,-1.057459,0.7745023,-2.100209
RIPS,646.7651,-1.05745,0.7745544,-2.099874
RIPS,646.7745,-1.057475,0.7744927,-2.099581
RIPS,646.783,-1.057511,0.7743205,-2.099258
RIPS,646.7903,-1.057435,0.7740257,-2.099051
RIPS,646.7986,-1.057457,0.7737623,-2.098892
RIPS,646.8077,-1.057487,0.7735846,-2.098977
RIPS,646.8149,-1.057566,0.7733552,-2.099373
RIPS,646.8237,-1.057664,0.7729606,-2.09996
RIPS,646.8318,-1.057933,0.7725339,-2.100334
RIPS,646.8408,-1.058024,0.7721528,-2.100605
RIPS,646.8495,-1.058105,0.7717206,-2.100569
RIPS,646.857,-1.058192,0.7713598,-2.100297
RIPS,646.8651,-1.058338,0.7710959,-2.099904
RIPS,646.8737,-1.058508,0.7707465,-2.099418
RIPS,646.8816,-1.058558,0.7704127,-2.099108
RIPS,646.8907,-1.058536,0.770032,-2.09894
RIPS,646.8987,-1.058365,0.7696548,-2.098931
RIPS,646.9072,-1.058167,0.7693522,-2.099097
RIPS,646.916,-1.057989,0.7693396,-2.09956
RIPS,646.9245,-1.057853,0.7694557,-2.099997
RIPS,646.9323,-1.057847,0.7697399,-2.100412
RIPS,646.9404,-1.057932,0.7699502,-2.100896
RIPS,646.9485,-1.058073,0.7701682,-2.101285
RIPS,646.9571,-1.058344,0.7703392,-2.101687
RIPS,646.9651,-1.058664,0.7705541,-2.102078
RIPS,646.9744,-1.058947,0.7708079,-2.10251
RIPS,646.9829,-1.059114,0.7711565,-2.102805
RIPS,646.9906,-1.059142,0.7715893,-2.102991
RIPS,646.9984,-1.059077,0.7720193,-2.102887
RIPS,647.0079,-1.058898,0.7724739,-2.102636
RIPS,647.0151,-1.058774,0.7729063,-2.102437
RIPS,647.0239,-1.058598,0.7732437,-2.102214
RIPS,647.0317,-1.058507,0.7734705,-2.102337
RIPS,647.0407,-1.05844,0.7737261,-2.102628
RIPS,647.0494,-1.058407,0.7738389,-2.103034
RIPS,647.0569,-1.058456,0.7739527,-2.103496
RIPS,647.0652,-1.057907,0.7740059,-2.103636
RIPS,647.0736,-1.058053,0.7740328,-2.103821
RIPS,647.0816,-1.058187,0.7741847,-2.103875
RIPS,647.0906,-1.058333,0.7743576,-2.103754
RIPS,647.0985,-1.058473,0.7745782,-2.103575
RIPS,647.1074,-1.058594,0.7748316,-2.103358
RIPS,647.1161,-1.058693,0.7750981,-2.10312
RIPS,647.1248,-1.05878,0.7753797,-2.103026
RIPS,647.1324,-1.058782,0.7755987,-2.103102
RIPS,647.1414,-1.058735,0.7758,-2.103298
RIPS,647.1486,-1.058612,0.7759864,-2.10358
RIPS,647.1569,-1.05849,0.7761116,-2.103898
RIPS,647.1652,-1.058399,0.7763153,-2.104287
RIPS,647.174,-1.058423,0.7764355,-2.104559
RIPS,647.1827,-1.058399,0.7765825,-2.10481
RIPS,647.1902,-1.058574,0.7766426,-2.104934
RIPS,647.1987,-1.058658,0.7767153,-2.104837
RIPS,647.2078,-1.058718,0.7767284,-2.104726
RIPS,647.2151,-1.058758,0.776844,-2.104717
RIPS,647.2239,-1.058714,0.7768657,-2.104496
RIPS,647.2319,-1.058727,0.776863,-2.104399
RIPS,647.2408,-1.0586,0.7767844,-2.104366
RIPS,647.2495,-1.058567,0.776675,-2.104318
RIPS,647.2568,-1.05839,0.7764921,-2.104419
RIPS,647.265,-1.058234,0.7763874,-2.104491
RIPS,647.2739,-1.058002,0.7763401,-2.104611
RIPS,647.2819,-1.057864,0.7762625,-2.104693
RIPS,647.2906,-1.057759,0.7762299,-2.104652
RIPS,647.2986,-1.057585,0.7761285,-2.104678
RIPS,647.3074,-1.057397,0.77605,-2.10469
RIPS,647.3154,-1.057292,0.7760116,-2.10457
RIPS,647.3249,-1.057206,0.7758259,-2.104473
RIPS,647.3321,-1.057133,0.7756903,-2.10435
RIPS,647.3404,-1.057174,0.7755084,-2.104305
RIPS,647.3486,-1.057193,0.7752172,-2.104352
RIPS,647.3569,-1.057184,0.7748929,-2.104325
RIPS,647.3654,-1.057278,0.7745566,-2.104588
RIPS,647.3741,-1.057292,0.7743485,-2.104877
RIPS,647.3821,-1.057218,0.7740389,-2.105047
RIPS,647.3901,-1.057159,0.7736325,-2.105228
RIPS,647.3989,-1.057096,0.7732385,-2.105348
RIPS,647.4074,-1.056986,0.772876,-2.105286
RIPS,647.4153,-1.056935,0.7726099,-2.1051
RIPS,647.4236,-1.056688,0.7723503,-2.104548
RIPS,647.432,-1.056538,0.7721528,-2.104319
RIPS,647.4407,-1.056364,0.7720597,-2.103764
RIPS,647.4494,-1.056157,0.7719624,-2.103484
RIPS,647.457,-1.056116,0.7717937,-2.10332
RIPS,647.4652,-1.056067,0.7717427,-2.103299
RIPS,647.4735,-1.056152,0.7717553,-2.103458
RIPS,647.4818,-1.056229,0.7717766,-2.103863
RIPS,647.4908,-1.056371,0.7719021,-2.104302
RIPS,647.4985,-1.056437,0.7719616,-2.104807
RIPS,647.5073,-1.056437,0.7722021,-2.105156
RIPS,647.5164,-1.056511,0.7724733,-2.105276
RIPS,647.5244,-1.056557,0.7728776,-2.105065
RIPS,647.5322,-1.056548,0.7732008,-2.104859
RIPS,647.5402,-1.056558,0.7735715,-2.104539
RIPS,647.5483,-1.056579,0.7738552,-2.104341
RIPS,647.5572,-1.056512,0.7740704,-2.104083
RIPS,647.5652,-1.056505,0.7742151,-2.103999
RIPS,647.5742,-1.056535,0.7744109,-2.104016
RIPS,647.5828,-1.056534,0.7745431,-2.104121
RIPS,647.5901,-1.056552,0.7746941,-2.104182
RIPS,647.5985,-1.056619,0.774825,-2.104238
RIPS,647.6075,-1.056634,0.775014,-2.104229
RIPS,647.6151,-1.056656,0.7751853,-2.104005
RIPS,647.6235,-1.056658,0.7753194,-2.103755
RIPS,647.6319,-1.056536,0.7754223,-2.103488
RIPS,647.6407,-1.056568,0.7755121,-2.103283
RIPS,647.6495,-1.056509,0.7755592,-2.102982
RIPS,647.6569,-1.056421,0.7755698,-2.102778
RIPS,647.665,-1.056384,0.7756589,-2.102641
RIPS,647.674,-1.056429,0.7757215,-2.102467
RIPS,647.6817,-1.056431,0.775741,-2.102288
RIPS,647.6906,-1.056387,0.775642,-2.102032
RIPS,647.6984,-1.056466,0.7756364,-2.101771
RIPS,647.7074,-1.056486,0.7754537,-2.101453
RIPS,647.7159,-1.056522,0.7752908,-2.101074
RIPS,647.7244,-1.056612,0.775184,-2.100667
RIPS,647.7316,-1.056804,0.7751369,-2.100262
RIPS,647.7402,-1.056924,0.7753678,-2.10003
RIPS,647.7482,-1.057153,0.7755861,-2.099839
RIPS,647.7573,-1.057359,0.7757732,-2.099666
RIPS,647.7654,-1.057522,0.7758847,-2.099638
RIPS,647.7743,-1.057768,0.7759208,-2.099725
RIPS,647.7823,-1.057967,0.7757548,-2.099714
RIPS,647.7902,-1.058071,0.7755916,-2.099811
RIPS,647.7983,-1.058112,0.7754854,-2.099767
RIPS,647.8073,-1.058097,0.7753815,-2.099586
RIPS,647.8154,-1.057846,0.7751791,-2.099233
RIPS,647.8237,-1.057698,0.7750198,-2.098894
RIPS,647.8318,-1.057506,0.7749287,-2.098738
RIPS,647.8408,-1.057415,0.7748812,-2.098384
RIPS,647.8494,-1.057398,0.7749338,-2.098218
RIPS,647.8566,-1.057365,0.7750226,-2.098225
RIPS,647.8651,-1.05743,0.7750247,-2.098279
RIPS,647.8735,-1.057568,0.7749709,-2.098414
RIPS,647.8815,-1.057762,0.7747324,-2.098881
RIPS,647.8906,-1.057905,0.774462,-2.09902
RIPS,647.8986,-1.058013,0.774171,-2.09916
RIPS,647.9072,-1.058023,0.7737534,-2.098965
RIPS,647.916,-1.057968,0.7733966,-2.098785
RIPS,656.3472,-1.065336,0.774999,-2.083617
RIPS,656.3589,-1.064949,0.7750784,-2.083554
RIPS,656.3641,-1.065047,0.7752169,-2.083691
RIPS,656.3698,-1.064955,0.7752577,-2.083682
RIPS,656.3754,-1.064792,0.7753227,-2.083609
RIPS,656.3839,-1.064746,0.7754334,-2.083684
RIPS,656.3923,-1.064537,0.7754988,-2.083635
RIPS,656.4007,-1.064459,0.7755454,-2.0836
RIPS,656.4086,-1.064181,0.7756019,-2.08353
RIPS,656.4171,-1.064071,0.7756895,-2.083468
RIPS,656.4256,-1.063923,0.7756842,-2.083394
RIPS,656.4347,-1.063626,0.7757014,-2.083299
RIPS,656.4433,-1.063503,0.7756365,-2.083255
RIPS,656.4524,-1.063456,0.775545,-2.083176
RIPS,656.4584,-1.063334,0.7754937,-2.083197
RIPS,656.4675,-1.063262,0.7754527,-2.083272
RIPS,656.4766,-1.063049,0.7753015,-2.083227
RIPS,656.4839,-1.062947,0.775259,-2.083247
RIPS,656.4919,-1.062844,0.7752143,-2.083169
RIPS,656.5001,-1.062703,0.7753038,-2.083131
RIPS,656.5089,-1.062708,0.7753477,-2.083001
RIPS,656.517,-1.06255,0.775395,-2.082921
RIPS,656.5257,-1.062439,0.7753364,-2.082736
RIPS,656.5339,-1.062067,0.7753206,-2.082671
RIPS,656.5421,-1.061909,0.7752771,-2.082622
RIPS,656.5504,-1.061777,0.7752013,-2.082636
RIPS,656.5591,-1.06175,0.7751131,-2.082852
RIPS,656.5669,-1.061577,0.7751166,-2.082912
RIPS,656.5754,-1.061445,0.7750404,-2.082938
RIPS,656.5839,-1.061256,0.7750384,-2.08295
RIPS,656.5925,-1.061027,0.7750522,-2.082994
RIPS,656.6021,-1.060815,0.7749791,-2.082911
RIPS,656.6097,-1.060812,0.7749822,-2.082917
RIPS,656.6177,-1.060622,0.7750178,-2.082863
RIPS,656.6252,-1.060424,0.7750453,-2.082821
RIPS,656.6351,-1.060239,0.7749896,-2.082891
RIPS,656.6421,-1.060067,0.7749918,-2.082932
RIPS,656.6503,-1.059965,0.7749519,-2.082916
RIPS,656.6594,-1.059791,0.7749411,-2.082973
RIPS,656.6672,-1.059623,0.7749293,-2.08303
RIPS,656.6765,-1.059693,0.7749749,-2.083139
RIPS,656.6841,-1.059527,0.7749515,-2.083131
RIPS,656.692,-1.059267,0.774966,-2.083092
RIPS,656.7,-1.059083,0.7750247,-2.083094
RIPS,656.7086,-1.058602,0.7749789,-2.083088
RIPS,656.7172,-1.058371,0.7749872,-2.083091
RIPS,656.7263,-1.058152,0.7749815,-2.083105
RIPS,656.7337,-1.057972,0.7749511,-2.083216
RIPS,656.7419,-1.057724,0.7749485,-2.083227
RIPS,656.7501,-1.057137,0.7748398,-2.083136
RIPS,656.759,-1.056911,0.774646,-2.083179
RIPS,656.767,-1.056756,0.7745312,-2.083219
RIPS,656.7755,-1.056548,0.774394,-2.08326
RIPS,656.7839,-1.056349,0.7743554,-2.083308
RIPS,656.7926,-1.056253,0.7742079,-2.083226
RIPS,656.8011,-1.056063,0.7741799,-2.083254
RIPS,656.8094,-1.055887,0.7741199,-2.083347
RIPS,656.8187,-1.0557,0.7740107,-2.083365
RIPS,656.8262,-1.055467,0.7739652,-2.083363
RIPS,656.8362,-1.055228,0.7738358,-2.083354
RIPS,656.8438,-1.055014,0.7737977,-2.08339
RIPS,656.8521,-1.054793,0.7737296,-2.083413
RIPS,656.8613,-1.054467,0.7737068,-2.083418
RIPS,656.869,-1.053107,0.7736812,-2.082977
RIPS,656.8779,-1.052988,0.7737306,-2.083081
RIPS,656.8858,-1.052799,0.7737619,-2.083123
RIPS,656.8941,-1.052652,0.7738541,-2.083161
RIPS,656.9025,-1.052451,0.7738925,-2.083178
RIPS,656.9109,-1.0523,0.7738366,-2.083158
RIPS,656.9192,-1.052058,0.7738518,-2.0832
RIPS,656.9283,-1.051845,0.7738302,-2.083206
RIPS,656.9359,-1.051913,0.7737489,-2.083487
RIPS,656.9443,-1.051677,0.7737341,-2.083613
RIPS,656.9525,-1.051534,0.773744,-2.083655
RIPS,656.9608,-1.051311,0.7737601,-2.083823
RIPS,656.9691,-1.051106,0.7738476,-2.083935
RIPS,656.9774,-1.051015,0.7737271,-2.083882
RIPS,656.9859,-1.050832,0.773627,-2.083873
RIPS,656.9946,-1.050547,0.7735596,-2.083823
RIPS,657.0023,-1.050326,0.7734281,-2.083738
RIPS,657.0109,-1.050113,0.7733563,-2.083724
RIPS,657.0193,-1.049887,0.7731292,-2.083722
RIPS,657.0272,-1.049727,0.7730513,-2.083802
RIPS,657.0367,-1.049528,0.7729031,-2.083992
RIPS,657.0438,-1.049397,0.7729362,-2.084305
RIPS,657.0527,-1.049393,0.7728918,-2.084419
RIPS,657.0606,-1.049229,0.7728521,-2.084605
RIPS,657.0693,-1.049061,0.7728276,-2.08472
RIPS,657.0786,-1.04888,0.7729405,-2.084711
RIPS,657.0862,-1.048691,0.7729246,-2.084633
RIPS,657.094,-1.048452,0.7729592,-2.084543
RIPS,657.1033,-1.048286,0.7729892,-2.084497
RIPS,657.1111,-1.048121,0.7730587,-2.084444
RIPS,657.1195,-1.047934,0.7730887,-2.084453
RIPS,657.1288,-1.04778,0.7732254,-2.084506
RIPS,657.1362,-1.04761,0.7733503,-2.084612
RIPS,657.1445,-1.047503,0.7735001,-2.084718
RIPS,657.1533,-1.047326,0.7737796,-2.084826
RIPS,657.1613,-1.047142,0.7741379,-2.084905
RIPS,657.1694,-1.046895,0.7745713,-2.085034
RIPS,657.1774,-1.046756,0.7751719,-2.085093
RIPS,657.1862,-1.046604,0.7756675,-2.085123
RIPS,657.1943,-1.046447,0.7760683,-2.08514
RIPS,657.2027,-1.046288,0.7763216,-2.085139
RIPS,657.2109,-1.046157,0.7764192,-2.085104
RIPS,657.2193,-1.046014,0.7764782,-2.085093
RIPS,657.2275,-1.045972,0.7765248,-2.085056
RIPS,657.237,-1.045873,0.7764837,-2.085041
RIPS,657.2441,-1.045792,0.7765955,-2.085029
RIPS,657.2524,-1.045788,0.7766245,-2.085058
RIPS,657.2618,-1.045775,0.7767469,-2.085108
RIPS,657.2692,-1.045782,0.7768332,-2.085122
RIPS,657.2779,-1.045794,0.7770144,-2.085181
RIPS,657.2859,-1.045808,0.7771661,-2.085309
RIPS,657.2939,-1.045791,0.777264,-2.085286
RIPS,657.3025,-1.045784,0.7772062,-2.08518
RIPS,657.3111,-1.04586,0.7771628,-2.085083
RIPS,657.3193,-1.045815,0.7771512,-2.085014
RIPS,657.3276,-1.045658,0.7772943,-2.085026
RIPS,657.3358,-1.045528,0.7774859,-2.085005
RIPS,657.3444,-1.045345,0.7777056,-2.085001
RIPS,657.3523,-1.045238,0.7779511,-2.084957
RIPS,657.3607,-1.045126,0.7780575,-2.084916
RIPS,657.3694,-1.044943,0.7781831,-2.084838
RIPS,657.3775,-1.044814,0.7783384,-2.084786
RIPS,657.3859,-1.044627,0.778396,-2.084738
RIPS,657.3945,-1.044526,0.7784226,-2.084692
RIPS,657.4026,-1.044392,0.7784728,-2.084697
RIPS,657.4107,-1.044238,0.7785371,-2.08469
RIPS,657.4194,-1.04394,0.778574,-2.084623
RIPS,657.4272,-1.043835,0.7786282,-2.084484
RIPS,657.4371,-1.043572,0.7786624,-2.084365
RIPS,657.444,-1.043374,0.778725,-2.084174
RIPS,657.4533,-1.043224,0.7788317,-2.083951
RIPS,657.4612,-1.043032,0.7788749,-2.083606
RIPS,657.4695,-1.042903,0.778945,-2.083302
RIPS,657.4778,-1.042786,0.7790835,-2.082779
RIPS,657.4859,-1.042486,0.7792524,-2.082473
RIPS,657.4941,-1.042361,0.7794096,-2.082197
RIPS,657.5024,-1.042263,0.7797027,-2.082033
RIPS,657.5107,-1.042126,0.7799603,-2.081876
RIPS,657.5192,-1.042101,0.780167,-2.081789
RIPS,657.5278,-1.041944,0.7803503,-2.081661
RIPS,657.5358,-1.041763,0.7806497,-2.081526
RIPS,657.5439,-1.041499,0.7808319,-2.081455
RIPS,657.5524,-1.041097,0.7809876,-2.081375
RIPS,657.5607,-1.040843,0.7811613,-2.081215
RIPS,657.5696,-1.040778,0.7812466,-2.080884
RIPS,657.5775,-1.040749,0.781368,-2.080526
RIPS,657.5859,-1.04074,0.7815091,-2.080039
RIPS,657.5945,-1.040722,0.7816485,-2.079685
RIPS,657.6022,-1.040721,0.7818166,-2.079419
RIPS,657.6108,-1.040491,0.7820784,-2.079273
RIPS,657.6193,-1.04033,0.7823233,-2.079191
RIPS,657.6282,-1.039856,0.7825574,-2.079255
RIPS,657.637,-1.0396,0.7828031,-2.079202
RIPS,657.6443,-1.039357,0.7830353,-2.07911
RIPS,657.6525,-1.039248,0.7832375,-2.078801
RIPS,657.6611,-1.039319,0.7835662,-2.078442
RIPS,657.6692,-1.039497,0.7838826,-2.077997
RIPS,657.6777,-1.039671,0.7841334,-2.077508
RIPS,657.6859,-1.039841,0.7844184,-2.077202
RIPS,657.6942,-1.040219,0.7846417,-2.076952
RIPS,657.7027,-1.040467,0.7848789,-2.076778
RIPS,657.7108,-1.040624,0.785158,-2.076862
RIPS,657.7191,-1.040781,0.785475,-2.076999
RIPS,657.728,-1.040956,0.7856829,-2.077227
RIPS,657.7358,-1.041124,0.7859229,-2.077497
RIPS,657.7438,-1.041262,0.7859794,-2.077596
RIPS,657.7526,-1.041488,0.7859957,-2.077322
RIPS,657.7606,-1.041675,0.7859499,-2.077106
RIPS,657.769,-1.041888,0.7858726,-2.076873
RIPS,657.7772,-1.042059,0.785737,-2.076686
RIPS,657.7858,-1.042264,0.7857285,-2.076502
RIPS,657.7949,-1.042438,0.7855875,-2.076531
RIPS,657.8024,-1.042672,0.7854927,-2.076543
RIPS,657.8108,-1.043042,0.7854273,-2.076614
RIPS,657.8188,-1.043406,0.7854009,-2.076743
RIPS,657.8274,-1.043937,0.7853799,-2.076999
RIPS,657.8365,-1.044635,0.7854349,-2.077229
RIPS,657.844,-1.045239,0.7853931,-2.077486
RIPS,657.8525,-1.045953,0.7853732,-2.077858
RIPS,657.8614,-1.046497,0.7853311,-2.078189
RIPS,657.8693,-1.046997,0.7852396,-2.078474
RIPS,657.8781,-1.047541,0.785167,-2.078876
RIPS,657.8859,-1.048161,0.7850905,-2.079124
RIPS,657.8942,-1.04866,0.7849869,-2.079338
RIPS,657.9023,-1.049083,0.7849182,-2.07914
RIPS,657.9108,-1.049584,0.7848973,-2.078976
RIPS,657.9196,-1.0501,0.784955,-2.078714
RIPS,657.9279,-1.050679,0.7849855,-2.078432
RIPS,657.9357,-1.051238,0.7850578,-2.078285
RIPS,657.9442,-1.051804,0.7850512,-2.078047
RIPS,657.9525,-1.052405,0.78512,-2.078064
RIPS,657.9609,-1.053014,0.7852185,-2.078151
RIPS,657.9691,-1.053548,0.7853105,-2.078341
RIPS,657.9773,-1.054224,0.7853851,-2.078687
RIPS,657.9863,-1.054866,0.7854642,-2.078981
RIPS,657.9947,-1.055358,0.785548,-2.079384
RIPS,658.0021,-1.055817,0.7857025,-2.079658
RIPS,658.011,-1.05631,0.7858686,-2.07984
RIPS,658.0189,-1.056743,0.785975,-2.080008
RIPS,658.0272,-1.057196,0.7860355,-2.080121
RIPS,658.037,-1.057566,0.7861681,-2.080273
RIPS,658.0441,-1.057939,0.7862362,-2.080396
RIPS,658.0531,-1.058272,0.7862107,-2.080308
RIPS,658.0616,-1.058651,0.7862135,-2.080369
RIPS,658.0694,-1.059141,0.7861806,-2.080429
RIPS,658.0784,-1.059601,0.7861289,-2.080526
RIPS,658.0859,-1.060051,0.7861039,-2.080617
RIPS,658.0941,-1.060444,0.7861372,-2.080733
RIPS,658.1031,-1.060719,0.7862517,-2.080994
RIPS,658.1108,-1.060994,0.7864165,-2.081176
RIPS,658.1192,-1.061264,0.7864555,-2.08133
RIPS,658.1281,-1.06223,0.7864688,-2.081917
RIPS,658.1358,-1.062456,0.7864336,-2.08206
RIPS,658.1443,-1.062584,0.7863269,-2.082238
RIPS,658.1529,-1.062741,0.7861937,-2.082426
RIPS,658.1606,-1.062412,0.7859759,-2.082388
RIPS,658.1693,-1.06247,0.7857515,-2.082538
RIPS,658.1774,-1.062489,0.7855911,-2.082654
RIPS,658.186,-1.062425,0.7854635,-2.082815
RIPS,658.1949,-1.06237,0.7852904,-2.082803
RIPS,658.2026,-1.062259,0.785144,-2.082689
RIPS,658.211,-1.062189,0.7849568,-2.08248
RIPS,658.2195,-1.061955,0.7847642,-2.082078
RIPS,658.2274,-1.061756,0.7846211,-2.082014
RIPS,658.237,-1.061502,0.7844011,-2.081642
RIPS,658.2439,-1.061285,0.7842815,-2.081532
RIPS,658.2526,-1.061121,0.7840874,-2.081432
RIPS,658.2617,-1.060945,0.7840286,-2.081564
RIPS,658.2692,-1.060847,0.7839655,-2.081627
RIPS,658.2778,-1.060705,0.7839302,-2.08173
RIPS,658.2858,-1.060491,0.7839325,-2.081752
RIPS,658.2939,-1.060297,0.7840207,-2.081725
RIPS,658.3022,-1.060085,0.7840725,-2.081641
RIPS,658.3107,-1.059934,0.7841179,-2.081552
RIPS,658.3196,-1.059707,0.7841967,-2.081308
RIPS,658.3281,-1.05953,0.7842454,-2.081163
RIPS,658.3354,-1.059406,0.7842483,-2.081008
RIPS,658.3441,-1.05933,0.784287,-2.080912
RIPS,658.3531,-1.059316,0.784216,-2.080807
RIPS,658.3608,-1.059273,0.784202,-2.080826
RIPS,658.3691,-1.059228,0.7841855,-2.080915
RIPS,658.3779,-1.059178,0.7841853,-2.081004
RIPS,658.386,-1.059032,0.7841572,-2.081083
RIPS,658.3954,-1.059025,0.7842053,-2.0812
RIPS,658.4022,-1.058968,0.7841267,-2.081264
RIPS,658.4105,-1.058926,0.7840961,-2.081385
RIPS,658.4193,-1.058836,0.7839642,-2.081442
RIPS,658.4276,-1.058685,0.7838523,-2.081501
RIPS,658.4371,-1.058572,0.7836589,-2.08148
RIPS,658.4438,-1.058335,0.7834122,-2.081296
RIPS,658.4526,-1.058208,0.7831522,-2.081277
RIPS,658.4605,-1.058085,0.7827086,-2.081246
RIPS,658.4695,-1.057984,0.7823852,-2.081179
RIPS,658.4781,-1.057873,0.7820936,-2.0812
RIPS,658.4858,-1.057787,0.7817626,-2.081148
RIPS,658.4936,-1.05767,0.7814391,-2.081085
RIPS,658.5024,-1.057748,0.7810675,-2.081154
RIPS,658.5105,-1.057713,0.780702,-2.081193
RIPS,658.5195,-1.057666,0.7803875,-2.081254
RIPS,658.5275,-1.0578,0.7800988,-2.081575
RIPS,658.5354,-1.057746,0.7797134,-2.081745
RIPS,658.5443,-1.057699,0.7794483,-2.082067
RIPS,658.5522,-1.057657,0.7791805,-2.082396
RIPS,658.5612,-1.057609,0.778884,-2.08274
RIPS,658.5692,-1.058171,0.7786109,-2.083212
RIPS,658.5776,-1.05821,0.7784339,-2.08363
RIPS,658.586,-1.058234,0.7782407,-2.084032
RIPS,658.5945,-1.058348,0.7782381,-2.084489
RIPS,658.6027,-1.05832,0.7781556,-2.08497
RIPS,658.6104,-1.058438,0.7779724,-2.085428
RIPS,658.619,-1.058495,0.7777465,-2.085821
RIPS,658.6279,-1.058575,0.777356,-2.086268
RIPS,658.6368,-1.058605,0.7769651,-2.086646
RIPS,658.6453,-1.05866,0.7766482,-2.087073
RIPS,658.6541,-1.058632,0.7761932,-2.0874
RIPS,658.6615,-1.058352,0.775967,-2.08753
RIPS,658.6691,-1.058149,0.7758557,-2.08757
RIPS,658.678,-1.058083,0.775767,-2.087725
RIPS,658.6861,-1.057949,0.7757912,-2.087911
RIPS,658.6939,-1.05797,0.7758569,-2.088302
RIPS,658.7028,-1.058011,0.7758438,-2.088762
RIPS,658.7104,-1.057893,0.77593,-2.089262
RIPS,658.7193,-1.057915,0.7760331,-2.089761
RIPS,658.7278,-1.057804,0.776199,-2.090257
RIPS,658.7357,-1.057798,0.7764442,-2.090582
RIPS,658.7437,-1.057735,0.7767009,-2.090951
RIPS,658.7521,-1.057708,0.7769046,-2.091193
RIPS,658.7605,-1.057654,0.7771772,-2.091357
RIPS,658.769,-1.057628,0.7773546,-2.091558
RIPS,658.7775,-1.057695,0.7774941,-2.091838
RIPS,658.7861,-1.057734,0.7775559,-2.092154
RIPS,658.7942,-1.057728,0.7776669,-2.092521
RIPS,658.8019,-1.057807,0.7777312,-2.093013
RIPS,658.8106,-1.057729,0.7778206,-2.093349
RIPS,658.8188,-1.057675,0.777953,-2.093628
RIPS,658.8271,-1.057584,0.7781094,-2.093758
RIPS,658.8369,-1.057474,0.7782089,-2.09365
RIPS,658.8435,-1.057435,0.7784269,-2.093489
RIPS,658.8521,-1.057328,0.7786154,-2.093325
RIPS,658.8615,-1.05721,0.7787252,-2.09321
RIPS,658.8685,-1.057119,0.7788309,-2.093225
RIPS,658.8777,-1.057023,0.7789105,-2.093548
RIPS,658.8856,-1.056995,0.7789011,-2.093723
RIPS,658.8939,-1.056944,0.7788536,-2.094241
RIPS,658.9022,-1.056865,0.7788127,-2.094926
RIPS,658.9102,-1.056737,0.7788287,-2.095419
RIPS,658.9186,-1.056667,0.778734,-2.095791
RIPS,658.9279,-1.056622,0.7786897,-2.096104
RIPS,658.9352,-1.056627,0.7785283,-2.09624
RIPS,658.9437,-1.056713,0.7784184,-2.096249
RIPS,658.9521,-1.056754,0.778183,-2.096366
RIPS,658.9603,-1.056769,0.7777736,-2.096412
RIPS,658.9686,-1.056819,0.7773121,-2.09655
RIPS,658.9771,-1.056886,0.7768784,-2.096747
RIPS,658.9855,-1.056881,0.7763218,-2.096863
RIPS,658.994,-1.056865,0.7758014,-2.096906
RIPS,659.0019,-1.057012,0.7753448,-2.096807
RIPS,659.0106,-1.057002,0.7748762,-2.096794
RIPS,659.0187,-1.057086,0.774376,-2.0969
RIPS,659.0267,-1.057111,0.7738654,-2.097295
RIPS,659.0367,-1.057205,0.7733186,-2.097733
RIPS,659.0437,-1.057306,0.7728766,-2.098322
RIPS,659.052,-1.057339,0.7726405,-2.098953
RIPS,659.0607,-1.057473,0.7724358,-2.099618
RIPS,659.0689,-1.057394,0.7722587,-2.100146
RIPS,659.0782,-1.057351,0.7721531,-2.100489
RIPS,659.0856,-1.057216,0.7721232,-2.100483
RIPS,659.0935,-1.057104,0.7721877,-2.100157
RIPS,659.102,-1.056875,0.772502,-2.099465
RIPS,659.1102,-1.056835,0.772674,-2.099094
RIPS,659.119,-1.056791,0.7729874,-2.098807
RIPS,659.1279,-1.056759,0.7732767,-2.098667
RIPS,659.1384,-1.056776,0.7736083,-2.098746
RIPS,659.148,-1.056789,0.7738925,-2.099055
RIPS,659.1545,-1.05682,0.7740936,-2.100225
RIPS,659.1606,-1.056872,0.7742507,-2.100316
RIPS,659.1665,-1.056898,0.7743044,-2.100744
RIPS,659.1749,-1.05701,0.7742201,-2.101216
RIPS,659.1829,-1.057003,0.7740614,-2.101246
RIPS,659.1916,-1.056987,0.7737929,-2.101297
RIPS,659.1997,-1.05694,0.7736673,-2.100363
RIPS,659.2079,-1.05696,0.7733915,-2.099678
RIPS,659.2164,-1.056914,0.7732561,-2.098903
RIPS,659.2247,-1.056835,0.7731847,-2.098355
RIPS,659.2338,-1.056825,0.773119,-2.097876
RIPS,659.2415,-1.056805,0.7730655,-2.097682
RIPS,659.2495,-1.056799,0.7730756,-2.097613
RIPS,659.2584,-1.056832,0.773073,-2.098164
RIPS,659.2664,-1.05684,0.7730522,-2.098263
RIPS,659.2762,-1.056912,0.7730845,-2.099114
RIPS,659.2832,-1.056988,0.7731332,-2.099527
RIPS,659.2913,-1.057003,0.7730926,-2.09992
RIPS,659.2996,-1.057096,0.7731081,-2.100008
RIPS,659.3082,-1.057135,0.7730733,-2.100116
RIPS,659.3167,-1.057088,0.7731458,-2.099864
RIPS,659.325,-1.057167,0.773236,-2.09973
RIPS,659.3335,-1.057155,0.773312,-2.0996
RIPS,659.3413,-1.057163,0.7733545,-2.099653
RIPS,659.3495,-1.057158,0.7734636,-2.099818
RIPS,659.3589,-1.057234,0.7734166,-2.100026
RIPS,659.3663,-1.057287,0.7733696,-2.100241
RIPS,659.3746,-1.057342,0.7733165,-2.100494
RIPS,659.3829,-1.057415,0.7732648,-2.100705
RIPS,659.3917,-1.057411,0.7731595,-2.100816
RIPS,659.3995,-1.057396,0.7731509,-2.100787
RIPS,659.408,-1.057352,0.7730469,-2.100712
RIPS,659.4165,-1.057315,0.7730194,-2.100523
RIPS,659.4246,-1.057195,0.7730126,-2.100422
RIPS,659.4337,-1.05719,0.773052,-2.100144
RIPS,659.4416,-1.057159,0.7730396,-2.100068
RIPS,659.45,-1.057158,0.7730721,-2.100141
RIPS,659.4589,-1.057194,0.773077,-2.10026
RIPS,659.467,-1.057243,0.7730808,-2.100244
RIPS,659.4763,-1.057276,0.773092,-2.100409
RIPS,659.4842,-1.057284,0.7730544,-2.10051
RIPS,659.4923,-1.057285,0.7729988,-2.100435
RIPS,659.501,-1.057282,0.7729394,-2.100367
RIPS,659.5093,-1.057236,0.7728581,-2.100198
RIPS,659.5182,-1.057248,0.7727731,-2.100092
RIPS,659.5267,-1.057281,0.7726759,-2.099898
RIPS,659.5348,-1.057264,0.7726815,-2.09985
RIPS,659.543,-1.057261,0.7726442,-2.099783
RIPS,659.552,-1.057253,0.772631,-2.099833
RIPS,659.5602,-1.05725,0.772578,-2.099788
RIPS,659.569,-1.057268,0.7725517,-2.099839
RIPS,659.5768,-1.057275,0.7724996,-2.099856
RIPS,659.5856,-1.057267,0.7724762,-2.099908
RIPS,659.5942,-1.057291,0.7723587,-2.099955
RIPS,659.6022,-1.057298,0.7723029,-2.099959
RIPS,659.6102,-1.057302,0.7722854,-2.1
RIPS,659.6187,-1.057342,0.7722484,-2.099997
RIPS,659.6271,-1.057342,0.7722075,-2.100001
RIPS,659.6367,-1.057368,0.7722089,-2.099978
RIPS,659.6443,-1.057359,0.7722054,-2.099944
RIPS,659.6522,-1.057393,0.7721987,-2.099886
RIPS,659.6608,-1.057471,0.7722269,-2.09981
RIPS,659.6685,-1.057483,0.7722026,-2.099824
RIPS,659.6775,-1.057516,0.7721316,-2.099834
RIPS,659.6852,-1.05746,0.7721275,-2.099941
RIPS,659.6937,-1.057467,0.7721367,-2.100008
RIPS,659.702,-1.057422,0.7721332,-2.100123
RIPS,659.7104,-1.057396,0.7721161,-2.100174
RIPS,659.7189,-1.057455,0.7722023,-2.100102
RIPS,659.7272,-1.057445,0.7723434,-2.100005
RIPS,659.7353,-1.057462,0.7725807,-2.099846
RIPS,659.7437,-1.057477,0.7729062,-2.099663
RIPS,659.752,-1.057518,0.7731426,-2.09939
RIPS,659.7604,-1.057468,0.7734867,-2.099174
RIPS,659.7686,-1.057492,0.773775,-2.098984
RIPS,659.7769,-1.057439,0.7740466,-2.099006
RIPS,659.7854,-1.057517,0.7743089,-2.099149
RIPS,659.7938,-1.057549,0.7744032,-2.099485
RIPS,659.8019,-1.057632,0.7744693,-2.09975
RIPS,659.8099,-1.057674,0.7744406,-2.100019
RIPS,659.8183,-1.057728,0.7744052,-2.100132
RIPS,659.827,-1.057791,0.7744117,-2.100046
RIPS,659.8365,-1.057858,0.7743948,-2.099759
RIPS,659.8433,-1.057919,0.7743511,-2.099447
RIPS,659.8519,-1.058041,0.7741902,-2.099106
RIPS,659.8607,-1.058186,0.7740117,-2.098952
RIPS,659.8685,-1.058271,0.7738303,-2.098982
RIPS,659.8774,-1.058348,0.7735676,-2.098996
RIPS,659.8851,-1.058408,0.7732815,-2.099142
RIPS,659.8932,-1.058445,0.7729292,-2.0995
RIPS,659.9028,-1.058399,0.7726681,-2.099962
RIPS,659.9099,-1.05837,0.7724906,-2.100214
RIPS,659.9182,-1.058165,0.7725167,-2.100093
RIPS,659.9276,-1.058062,0.7725748,-2.099817
RIPS,659.9351,-1.057904,0.7728202,-2.099389
RIPS,659.9432,-1.057748,0.7730311,-2.098839
RIPS,659.9518,-1.057612,0.7733437,-2.098416
RIPS,659.9602,-1.057495,0.7736471,-2.098328
RIPS,659.9683,-1.057443,0.7739555,-2.098635
RIPS,659.9765,-1.057421,0.7741459,-2.098822
RIPS,659.9853,-1.057746,0.7743976,-2.099667
RIPS,659.9938,-1.057884,0.7746363,-2.100395
RIPS,660.0024,-1.058195,0.7749401,-2.100988
RIPS,660.0101,-1.058366,0.7753,-2.101384
RIPS,660.0185,-1.058465,0.7757342,-2.10145
RIPS,660.0266,-1.058547,0.7759973,-2.101405
RIPS,660.0353,-1.058499,0.7762369,-2.100322
RIPS,660.0431,-1.058202,0.7764215,-2.099267
RIPS,660.0515,-1.058161,0.7765972,-2.098786
RIPS,660.0609,-1.057931,0.7767245,-2.098421
RIPS,660.0682,-1.057995,0.7769448,-2.098298
RIPS,660.0774,-1.058059,0.77716,-2.098084
RIPS,660.0854,-1.058244,0.7773597,-2.098491
RIPS,660.0931,-1.058367,0.7776254,-2.098586
RIPS,660.1014,-1.058453,0.7778227,-2.098917
RIPS,660.11,-1.058463,0.7780592,-2.098955
RIPS,660.1185,-1.058487,0.7782795,-2.09893
RIPS,660.1271,-1.058434,0.7785101,-2.098813
RIPS,660.135,-1.058327,0.7786558,-2.098642
RIPS,660.1436,-1.058283,0.77892,-2.09854
RIPS,660.1516,-1.058182,0.7790459,-2.098481
RIPS,660.16,-1.058213,0.7791947,-2.098462
RIPS,660.1683,-1.058222,0.7793384,-2.098599
RIPS,660.1766,-1.05836,0.7794986,-2.098749
RIPS,660.1852,-1.058324,0.7796606,-2.098982
RIPS,660.1938,-1.058292,0.7798294,-2.099189
RIPS,660.2015,-1.058316,0.7798719,-2.099206
RIPS,660.2101,-1.058194,0.7798976,-2.099319
RIPS,660.2186,-1.057971,0.7799798,-2.09937
RIPS,660.2264,-1.057833,0.7800375,-2.099367
RIPS,660.2365,-1.057749,0.7800611,-2.099435
RIPS,660.2433,-1.05753,0.7800573,-2.099636
RIPS,660.2523,-1.057513,0.7799159,-2.09979
RIPS,660.2607,-1.057442,0.7795779,-2.09993
RIPS,660.2687,-1.05741,0.7792075,-2.100247
RIPS,660.2778,-1.057452,0.7786683,-2.100514
RIPS,660.2851,-1.057413,0.7781076,-2.100775
RIPS,660.2935,-1.057304,0.7776093,-2.100801
RIPS,660.3016,-1.057228,0.7770017,-2.10066
RIPS,660.3101,-1.05709,0.7764285,-2.100234
RIPS,660.319,-1.057068,0.7760178,-2.099842
RIPS,660.3271,-1.056984,0.7757127,-2.099494
RIPS,660.3354,-1.056865,0.7754312,-2.099109
RIPS,660.3434,-1.056574,0.7752689,-2.098901
RIPS,660.3522,-1.056422,0.7752073,-2.098575
RIPS,660.3605,-1.056214,0.7752512,-2.098551
RIPS,660.3683,-1.056078,0.7755651,-2.098752
RIPS,660.3768,-1.056002,0.7759039,-2.099146
RIPS,660.3857,-1.056088,0.7763174,-2.099807
RIPS,660.3942,-1.056222,0.7767273,-2.100637
RIPS,660.4022,-1.056397,0.777167,-2.101506
RIPS,660.4102,-1.056501,0.7775651,-2.102123
RIPS,660.4189,-1.056691,0.7780272,-2.102803
RIPS,660.4265,-1.056913,0.7784136,-2.103008
RIPS,660.4367,-1.057039,0.7786086,-2.102563
RIPS,660.4438,-1.057094,0.7789062,-2.101858
RIPS,660.452,-1.057057,0.7790424,-2.101562
RIPS,660.4603,-1.05702,0.7791888,-2.101019
RIPS,660.4683,-1.057029,0.7792875,-2.100672
RIPS,660.4778,-1.057022,0.7793281,-2.100737
RIPS,660.4854,-1.057155,0.7792957,-2.100927
RIPS,660.4934,-1.05726,0.7792174,-2.101246
RIPS,660.5018,-1.057303,0.7792429,-2.101463
RIPS,660.5104,-1.057386,0.7791993,-2.102048
RIPS,660.5184,-1.05746,0.7790853,-2.102324
RIPS,660.5275,-1.057502,0.7789847,-2.102539
RIPS,660.535,-1.057482,0.7787542,-2.102437
RIPS,660.5432,-1.057458,0.7785407,-2.10216
RIPS,660.5514,-1.057273,0.7783144,-2.101582
RIPS,660.5605,-1.057125,0.7781908,-2.101087
RIPS,660.5684,-1.056969,0.778154,-2.100577
RIPS,660.5769,-1.056901,0.7782595,-2.100234
RIPS,660.5851,-1.056926,0.7782695,-2.099793
RIPS,660.5937,-1.056995,0.7782611,-2.099684
RIPS,660.6018,-1.057192,0.7781061,-2.09976
RIPS,660.6101,-1.057427,0.7778273,-2.09989
RIPS,660.6184,-1.057657,0.7775787,-2.100233
RIPS,660.6265,-1.057757,0.7772443,-2.100686
RIPS,660.636,-1.057726,0.776848,-2.101028
RIPS,660.6439,-1.057615,0.7766127,-2.101273
RIPS,660.6519,-1.057282,0.7764965,-2.101213
RIPS,660.6609,-1.057037,0.7765467,-2.101244
RIPS,660.668,-1.056931,0.7767588,-2.100794
RIPS,660.6771,-1.056908,0.7767432,-2.100564
RIPS,660.6855,-1.05706,0.776655,-2.100173
RIPS,660.693,-1.057349,0.7765544,-2.099904
RIPS,660.7017,-1.057796,0.7763509,-2.099972
RIPS,660.71,-1.0581,0.7761968,-2.100128
RIPS,660.7184,-1.058219,0.7759001,-2.10044
RIPS,660.727,-1.058126,0.7753975,-2.100738
RIPS,660.7349,-1.057873,0.774761,-2.101024
RIPS,660.7434,-1.05752,0.7742073,-2.101212
RIPS,660.7517,-1.057042,0.7738288,-2.101001
RIPS,660.7602,-1.056805,0.7735639,-2.100918
RIPS,660.7684,-1.056517,0.7733993,-2.100191
RIPS,660.7766,-1.05646,0.7732912,-2.099652
RIPS,660.7851,-1.056529,0.7731672,-2.099168
RIPS,660.7933,-1.056736,0.772981,-2.098933
RIPS,660.8017,-1.057043,0.7728429,-2.098984
RIPS,660.8098,-1.057313,0.7727731,-2.099267
RIPS,660.8182,-1.057466,0.7727692,-2.099738
RIPS,660.8266,-1.057551,0.772846,-2.100391
RIPS,660.8364,-1.057507,0.7730265,-2.101132
RIPS,660.8463,-1.05735,0.7733002,-2.101836
RIPS,660.8554,-1.057204,0.7735577,-2.102472
RIPS,660.8615,-1.057026,0.7739328,-2.102762
RIPS,660.8674,-1.056883,0.7743279,-2.102832
RIPS,660.8754,-1.056853,0.7747905,-2.102888
RIPS,660.8829,-1.056834,0.7753142,-2.102399
RIPS,660.8912,-1.056767,0.7758738,-2.101742
RIPS,660.8994,-1.056854,0.7764606,-2.101183
RIPS,660.9078,-1.056786,0.7769269,-2.100532
RIPS,660.916,-1.056751,0.7773185,-2.100425
RIPS,660.9253,-1.056726,0.7775995,-2.100389
RIPS,660.9329,-1.056635,0.7777976,-2.100621
RIPS,660.9411,-1.0565,0.7778894,-2.100998
RIPS,660.9493,-1.056323,0.7780424,-2.101446
RIPS,660.9581,-1.05605,0.7781092,-2.101801
RIPS,660.9661,-1.055887,0.7782661,-2.102051
RIPS,660.9742,-1.055796,0.7784683,-2.102185
RIPS,660.9828,-1.055816,0.778724,-2.101918
RIPS,660.9916,-1.055881,0.7789547,-2.101494
RIPS,660.9994,-1.055941,0.7791859,-2.100913
RIPS,661.0076,-1.056129,0.779438,-2.100198
RIPS,661.0162,-1.05609,0.779515,-2.099898
RIPS,661.0244,-1.056178,0.7796465,-2.099683
RIPS,661.0328,-1.056137,0.7797331,-2.099582
RIPS,661.0412,-1.056039,0.7798139,-2.100069
RIPS,661.049,-1.056013,0.7798958,-2.100525
RIPS,661.0582,-1.05592,0.7799635,-2.100873
RIPS,661.0661,-1.055977,0.7800168,-2.101323
RIPS,661.0753,-1.05609,0.7801208,-2.101451
RIPS,661.0828,-1.056208,0.7801828,-2.101556
RIPS,661.0909,-1.056364,0.7800913,-2.101434
RIPS,661.0994,-1.056517,0.7800722,-2.101188
RIPS,661.1076,-1.056561,0.7799956,-2.101067
RIPS,661.1156,-1.056692,0.7798887,-2.100866
RIPS,661.1246,-1.056688,0.7798128,-2.10083
RIPS,661.1328,-1.056855,0.779714,-2.100943
RIPS,661.1417,-1.056886,0.779654,-2.101102
RIPS,661.1499,-1.056986,0.779631,-2.101294
RIPS,661.1586,-1.057156,0.7794942,-2.101433
RIPS,661.1669,-1.057315,0.7794109,-2.101589
RIPS,661.1756,-1.057403,0.77926,-2.101644
RIPS,661.1839,-1.057441,0.7790691,-2.101572
RIPS,661.1923,-1.057426,0.7787085,-2.101509
RIPS,661.2018,-1.057402,0.7783347,-2.10128
RIPS,661.2093,-1.057412,0.7779734,-2.101073
RIPS,661.2175,-1.057351,0.7776568,-2.100914
RIPS,661.2263,-1.057363,0.777374,-2.100824
RIPS,661.2347,-1.057381,0.7770329,-2.100837
RIPS,661.2429,-1.05741,0.7767378,-2.100871
RIPS,661.2516,-1.057423,0.7764632,-2.100941
RIPS,661.2601,-1.057323,0.7760817,-2.100995
RIPS,661.268,-1.057256,0.7757344,-2.101017
RIPS,661.2775,-1.057092,0.7754545,-2.10102
RIPS,661.2851,-1.057016,0.7753234,-2.101004
RIPS,661.2932,-1.056971,0.7751634,-2.100974
RIPS,661.3018,-1.056982,0.7751908,-2.100999
RIPS,661.3098,-1.057097,0.7753544,-2.1009
RIPS,661.3185,-1.057211,0.7756644,-2.100912
RIPS,661.3271,-1.057319,0.7760831,-2.101019
RIPS,661.335,-1.05732,0.7764987,-2.101357
RIPS,661.3436,-1.057368,0.7768295,-2.102104
RIPS,661.3517,-1.057216,0.7771618,-2.102747
RIPS,661.3602,-1.057184,0.7774298,-2.103385
RIPS,661.3686,-1.057174,0.7777187,-2.103819
RIPS,661.3768,-1.057114,0.7779799,-2.104073
RIPS,661.3848,-1.057123,0.7781309,-2.10377
RIPS,661.3942,-1.057132,0.7782928,-2.103166
RIPS,661.4022,-1.057117,0.7784621,-2.102358
RIPS,661.4098,-1.057091,0.7786861,-2.101497
RIPS,661.4186,-1.057066,0.7788135,-2.100634
RIPS,661.4266,-1.057029,0.7789357,-2.10004
RIPS,661.4364,-1.057008,0.7790406,-2.099732
RIPS,661.4435,-1.057003,0.7791415,-2.099767
RIPS,661.4517,-1.05705,0.7792377,-2.100127
RIPS,661.4607,-1.057084,0.7793025,-2.100487
RIPS,661.4683,-1.057123,0.7793139,-2.1009
RIPS,661.4773,-1.05723,0.7793308,-2.100898
RIPS,661.4852,-1.057264,0.7793602,-2.100713
RIPS,661.4933,-1.05727,0.7793158,-2.100512
RIPS,661.5015,-1.057223,0.779292,-2.099791
RIPS,661.5099,-1.057123,0.7793621,-2.099163
RIPS,661.5184,-1.057089,0.7793194,-2.098552
RIPS,661.5268,-1.056967,0.7794148,-2.097762
RIPS,661.5347,-1.056958,0.7794539,-2.097195
RIPS,661.5429,-1.056988,0.7795054,-2.096849
RIPS,661.5515,-1.057105,0.779559,-2.096769
RIPS,661.5599,-1.057301,0.7796048,-2.097227
RIPS,661.5683,-1.057435,0.7795181,-2.097358
RIPS,661.5765,-1.057631,0.7793918,-2.097951
RIPS,661.5847,-1.057619,0.7792946,-2.098309
RIPS,661.5945,-1.057689,0.7791963,-2.098319
RIPS,661.6012,-1.057557,0.77917,-2.098336
RIPS,661.6095,-1.057391,0.7792456,-2.098137
RIPS,661.618,-1.057279,0.7793285,-2.097825
RIPS,661.6262,-1.057296,0.7793376,-2.097412
RIPS,661.6363,-1.057355,0.7792287,-2.097122
RIPS,661.6449,-1.057531,0.7789991,-2.096921
RIPS,661.6516,-1.057702,0.7786528,-2.097008
RIPS,661.6603,-1.057683,0.7784752,-2.097421
RIPS,661.6686,-1.057662,0.7782326,-2.098116
RIPS,661.6769,-1.057445,0.7778659,-2.098651
RIPS,661.6848,-1.057165,0.7775609,-2.099037
RIPS,661.6933,-1.056899,0.7772324,-2.099154
RIPS,661.7015,-1.056728,0.7770147,-2.099165
RIPS,661.7098,-1.056645,0.7769081,-2.09838
RIPS,661.7181,-1.056634,0.7767677,-2.097875
RIPS,661.7264,-1.05678,0.7765177,-2.097552
RIPS,661.7349,-1.056909,0.7762162,-2.097631
RIPS,661.7431,-1.057063,0.7758591,-2.098053
RIPS,661.7515,-1.057105,0.7755419,-2.098364
RIPS,661.7596,-1.057107,0.7752357,-2.099291
RIPS,661.7679,-1.057037,0.7749407,-2.099807
RIPS,661.7764,-1.056844,0.7746726,-2.100441
RIPS,661.7848,-1.056709,0.7744786,-2.100696
RIPS,661.7935,-1.056563,0.7743354,-2.100304
RIPS,661.8011,-1.056527,0.7743055,-2.099897
RIPS,661.8098,-1.056455,0.7744539,-2.099356
RIPS,661.8181,-1.056361,0.7746693,-2.098872
RIPS,661.8261,-1.056314,0.7749467,-2.098541
RIPS,661.8359,-1.056377,0.7753385,-2.098605
RIPS,661.843,-1.056501,0.7757323,-2.098804
RIPS,661.8523,-1.056552,0.7760603,-2.09923
RIPS,661.8598,-1.056466,0.7763454,-2.099864
RIPS,661.868,-1.056473,0.7765346,-2.10021
RIPS,661.977,-1.056381,0.7767524,-2.100389
RIPS,661.985,-1.056279,0.7768891,-2.098244
RIPS,661.9908,-1.056133,0.779114,-2.099947
RIPS,661.9998,-1.056144,0.7792349,-2.100056
RIPS,662.0073,-1.056099,0.7793378,-2.100193
RIPS,662.0157,-1.056019,0.7793872,-2.100166
RIPS,662.0242,-1.055857,0.7794182,-2.099857
RIPS,662.0326,-1.055779,0.7794276,-2.099441
RIPS,662.0407,-1.055638,0.7795384,-2.099062
RIPS,662.0491,-1.055593,0.7796234,-2.098745
RIPS,662.0575,-1.055488,0.7797099,-2.098599
RIPS,662.0656,-1.055423,0.7797447,-2.098593
RIPS,662.0747,-1.055374,0.7797268,-2.098756
RIPS,662.0826,-1.055367,0.7797125,-2.09927
RIPS,662.091,-1.055314,0.7797987,-2.099626
RIPS,662.0989,-1.055333,0.7797569,-2.099818
RIPS,662.1075,-1.055354,0.7797459,-2.100049
RIPS,662.1159,-1.055335,0.7796904,-2.100008
RIPS,662.1245,-1.055324,0.7796592,-2.099939
RIPS,662.1326,-1.055388,0.7797818,-2.09979
RIPS,662.141,-1.055354,0.7794377,-2.099542
RIPS,662.1492,-1.055395,0.7792375,-2.099507
RIPS,662.1579,-1.055395,0.7790871,-2.099555
RIPS,662.1656,-1.055323,0.7788914,-2.099854
RIPS,662.1743,-1.055292,0.7785275,-2.100044
RIPS,662.1824,-1.055301,0.7781035,-2.100535
RIPS,662.1916,-1.055293,0.7777179,-2.100764
RIPS,662.1993,-1.055267,0.7771772,-2.101049
RIPS,662.2075,-1.055213,0.7765747,-2.101246
RIPS,662.2159,-1.055252,0.7761741,-2.101185
RIPS,662.2244,-1.055145,0.7759461,-2.100956
RIPS,662.2325,-1.055028,0.7757533,-2.100574
RIPS,662.2408,-1.054899,0.7756352,-2.10007
RIPS,662.2491,-1.054785,0.7755138,-2.099764
RIPS,662.2579,-1.054667,0.7755779,-2.09946
RIPS,662.2659,-1.054583,0.7757714,-2.099555
RIPS,662.2748,-1.054561,0.7760123,-2.099705
RIPS,662.2832,-1.054559,0.7762522,-2.100496
RIPS,662.2909,-1.054628,0.7765934,-2.101141
RIPS,662.2992,-1.054676,0.7768567,-2.101828
RIPS,662.3074,-1.054678,0.7770841,-2.102301
RIPS,662.3159,-1.054834,0.7771348,-2.102648
RIPS,662.3243,-1.054952,0.7772021,-2.102646
RIPS,662.3327,-1.055169,0.7772775,-2.102451
RIPS,662.3408,-1.055372,0.7773412,-2.101986
RIPS,662.3494,-1.055607,0.777392,-2.101548
RIPS,662.3586,-1.05565,0.7772785,-2.101234
RIPS,662.366,-1.055731,0.7773156,-2.101086
RIPS,662.3745,-1.055591,0.7772197,-2.101386
RIPS,662.3824,-1.055618,0.7772092,-2.101587
RIPS,662.3915,-1.055514,0.7771913,-2.101805
RIPS,662.3995,-1.055506,0.777187,-2.101906
RIPS,662.4074,-1.055474,0.7770999,-2.101819
RIPS,662.4161,-1.055467,0.7771018,-2.101731
RIPS,662.4243,-1.055462,0.7771614,-2.10136
RIPS,662.4322,-1.055491,0.7771165,-2.101018
RIPS,662.4411,-1.05549,0.7771968,-2.100656
RIPS,662.449,-1.055486,0.77722,-2.100382
RIPS,662.4581,-1.055549,0.7772271,-2.100186
RIPS,662.4659,-1.055533,0.7773629,-2.100186
RIPS,662.4749,-1.055521,0.7773332,-2.100184
RIPS,662.4827,-1.055457,0.7772871,-2.100324
RIPS,662.491,-1.055392,0.7773252,-2.100394
RIPS,662.499,-1.055369,0.7772992,-2.100394
RIPS,662.5096,-1.055393,0.7771974,-2.100273
RIPS,662.5181,-1.055596,0.7773095,-2.099768
RIPS,662.5267,-1.055735,0.7772405,-2.0993
RIPS,662.5346,-1.05591,0.777324,-2.099033
RIPS,662.5429,-1.056038,0.7774549,-2.098689
RIPS,662.5512,-1.056002,0.7774791,-2.09862
RIPS,662.5598,-1.056045,0.7774023,-2.098633
RIPS,662.5679,-1.05597,0.777379,-2.09885
RIPS,662.5765,-1.055871,0.7771902,-2.099052
RIPS,662.5845,-1.055765,0.7770763,-2.099291
RIPS,662.5938,-1.05568,0.7771009,-2.099428
RIPS,662.6013,-1.055663,0.7770932,-2.099324
RIPS,662.6096,-1.055728,0.7770635,-2.098665
RIPS,662.618,-1.055742,0.7770718,-2.098076
RIPS,662.6262,-1.055831,0.7770186,-2.097706
RIPS,662.6356,-1.055862,0.7769054,-2.097229
RIPS,662.6441,-1.055908,0.7767656,-2.097014
RIPS,662.6515,-1.056131,0.7764938,-2.09731
RIPS,662.6636,-1.056166,0.7762858,-2.097699
RIPS,662.6756,-1.056247,0.7761319,-2.098281
RIPS,662.6821,-1.05632,0.7759851,-2.09855
RIPS,662.6927,-1.056374,0.7759565,-2.098372
RIPS,662.7018,-1.056462,0.7757028,-2.097356
RIPS,662.7097,-1.05652,0.7753623,-2.096921
RIPS,662.7178,-1.056454,0.7750594,-2.096459
RIPS,662.7267,-1.056577,0.7747974,-2.096193
RIPS,662.735,-1.05662,0.7745167,-2.096287
RIPS,662.7431,-1.05671,0.7742257,-2.096842
RIPS,662.7513,-1.056786,0.7739445,-2.097138
RIPS,662.7596,-1.056726,0.7735659,-2.097338
RIPS,662.768,-1.056654,0.7730884,-2.097328
RIPS,662.7761,-1.056594,0.7726526,-2.09705
RIPS,662.7844,-1.056483,0.7721904,-2.096662
RIPS,662.7935,-1.056418,0.7718645,-2.096299
RIPS,662.8013,-1.056401,0.7715854,-2.096002
RIPS,662.8093,-1.056507,0.7713189,-2.095951
RIPS,662.8177,-1.056521,0.7710585,-2.095956
RIPS,662.8263,-1.05666,0.7710487,-2.096285
RIPS,662.8354,-1.056692,0.7709607,-2.096426
RIPS,662.843,-1.056782,0.7708814,-2.096677
RIPS,662.8511,-1.056816,0.770872,-2.096812
RIPS,662.8601,-1.056846,0.7708144,-2.096821
RIPS,662.8676,-1.05682,0.7708386,-2.096788
RIPS,662.877,-1.05677,0.7709219,-2.09677
RIPS,662.8848,-1.056728,0.7709783,-2.096728
RIPS,662.8926,-1.056682,0.7710359,-2.096699
RIPS,662.901,-1.056579,0.7712371,-2.096717
RIPS,662.9099,-1.05646,0.7714085,-2.096697
RIPS,662.9179,-1.056377,0.771678,-2.096756
RIPS,662.9269,-1.05626,0.7719791,-2.09674
RIPS,662.9346,-1.056088,0.7723035,-2.096828
RIPS,662.9427,-1.056022,0.7726424,-2.096845
RIPS,662.951,-1.055952,0.7729176,-2.096933
RIPS,662.9597,-1.055938,0.7730976,-2.097057
RIPS,662.9677,-1.055993,0.773162,-2.09726
RIPS,662.9763,-1.055965,0.7731758,-2.097326
RIPS,662.9846,-1.05594,0.7729378,-2.09731
RIPS,662.9934,-1.055929,0.7728355,-2.09729
RIPS,663.0012,-1.055959,0.7727296,-2.09707
RIPS,663.0095,-1.055937,0.7726387,-2.096888
RIPS,663.0179,-1.055954,0.7725503,-2.096673
RIPS,663.0258,-1.055956,0.7726158,-2.096464
RIPS,663.0355,-1.055996,0.7725723,-2.096358
RIPS,663.0427,-1.056014,0.7725978,-2.096352
RIPS,663.051,-1.056026,0.7726743,-2.096451
RIPS,663.0601,-1.056046,0.7727027,-2.096604
RIPS,663.0677,-1.056022,0.7726325,-2.096746
RIPS,663.077,-1.056013,0.7726297,-2.096864
RIPS,663.0846,-1.056035,0.7724958,-2.096842
RIPS,663.0925,-1.056059,0.7725337,-2.096707
RIPS,663.1012,-1.055928,0.7725979,-2.096514
RIPS,663.1094,-1.055928,0.7725925,-2.096223
RIPS,663.118,-1.0559,0.7726411,-2.096083
RIPS,663.1262,-1.055836,0.772742,-2.09593
RIPS,663.1345,-1.055835,0.7727147,-2.095836
RIPS,663.1429,-1.055838,0.7726499,-2.095858
RIPS,663.1514,-1.055858,0.7727485,-2.09591
RIPS,663.1596,-1.055879,0.7727424,-2.096066
RIPS,663.1675,-1.055867,0.7727589,-2.096132
RIPS,663.1763,-1.055857,0.7728059,-2.096203
RIPS,663.1843,-1.055855,0.7727968,-2.096165
RIPS,663.1932,-1.055866,0.772687,-2.096058
RIPS,663.201,-1.055883,0.7726929,-2.095875
RIPS,663.2095,-1.055941,0.7726925,-2.095663
RIPS,663.2181,-1.055964,0.7726988,-2.095536
RIPS,663.2259,-1.055964,0.7726919,-2.095387
RIPS,663.2354,-1.055981,0.77275,-2.095262
RIPS,663.2432,-1.056062,0.7727135,-2.095319
RIPS,663.251,-1.056064,0.772778,-2.095378
RIPS,663.2593,-1.056109,0.7727805,-2.09546
RIPS,663.2677,-1.056152,0.7727928,-2.095452
RIPS,663.277,-1.056182,0.7727751,-2.095464
RIPS,663.2845,-1.056178,0.7728111,-2.095441
RIPS,663.2927,-1.056173,0.7727888,-2.095362
RIPS,663.3033,-1.056166,0.7727635,-2.095202
RIPS,663.3102,-1.056141,0.7727439,-2.09496
RIPS,663.3181,-1.056127,0.772752,-2.09481
RIPS,663.3267,-1.056103,0.7727768,-2.094696
RIPS,663.3346,-1.056075,0.7728108,-2.094653
RIPS,663.3429,-1.056101,0.7727581,-2.094641
RIPS,663.3513,-1.056132,0.7726676,-2.094797
RIPS,663.3596,-1.05617,0.7726339,-2.094897
RIPS,663.3677,-1.056263,0.7725899,-2.09495
RIPS,663.3766,-1.056282,0.772591,-2.094974
RIPS,663.3873,-1.056307,0.7725753,-2.094954
RIPS,663.3989,-1.056356,0.7725751,-2.094877
RIPS,663.4075,-1.05631,0.772621,-2.094656
RIPS,663.4158,-1.056314,0.7726384,-2.094489
RIPS,663.4246,-1.056326,0.7727203,-2.094428
RIPS,663.4322,-1.056317,0.7727209,-2.094387
RIPS,663.4423,-1.056317,0.7727076,-2.094408
RIPS,663.4491,-1.056347,0.7726371,-2.09435
RIPS,663.4576,-1.056351,0.7726284,-2.09437
RIPS,663.4656,-1.056313,0.7726099,-2.094317
RIPS,663.4752,-1.05633,0.7726147,-2.094249
RIPS,663.4824,-1.05635,0.7726201,-2.094049
RIPS,663.4906,-1.056393,0.7727324,-2.09392
RIPS,663.4988,-1.056421,0.7728003,-2.093778
RIPS,663.5073,-1.056507,0.7728924,-2.093703
RIPS,663.516,-1.056504,0.7730805,-2.0936
RIPS,663.5242,-1.056512,0.7731133,-2.093488
RIPS,663.5324,-1.05654,0.7731925,-2.093306
RIPS,663.5421,-1.056564,0.7731742,-2.093208
RIPS,663.5521,-1.056574,0.7731136,-2.093209
RIPS,663.559,-1.056611,0.7731512,-2.093204
RIPS,663.5656,-1.056556,0.773181,-2.093239
RIPS,663.574,-1.056614,0.7730518,-2.093358
RIPS,663.582,-1.056617,0.7730441,-2.093381
RIPS,663.5908,-1.056547,0.7731047,-2.093394
RIPS,663.5991,-1.05654,0.7730805,-2.093343
RIPS,663.6073,-1.056477,0.7731963,-2.093297
RIPS,663.6155,-1.056463,0.7731851,-2.093089
RIPS,663.624,-1.056434,0.7731542,-2.092972
RIPS,663.6321,-1.056411,0.7731422,-2.092826
RIPS,663.6414,-1.056404,0.7731225,-2.092692
RIPS,663.649,-1.056495,0.7729931,-2.092546
RIPS,663.6579,-1.056492,0.7729777,-2.092499
RIPS,663.6658,-1.056589,0.7730051,-2.092524
RIPS,663.6743,-1.056594,0.7729243,-2.092531
RIPS,663.6826,-1.056603,0.7729623,-2.092494
RIPS,663.6924,-1.0566,0.7731178,-2.092375
RIPS,663.7013,-1.056613,0.7731549,-2.092299
RIPS,663.7072,-1.056503,0.7734061,-2.092099
RIPS,663.7155,-1.056499,0.7734786,-2.092019
RIPS,663.7244,-1.05654,0.7735266,-2.091931
RIPS,663.7321,-1.056588,0.7735679,-2.092028
RIPS,663.7403,-1.056639,0.7736205,-2.092022
RIPS,663.7487,-1.056611,0.7736832,-2.092015
RIPS,663.758,-1.056666,0.7737551,-2.091924
RIPS,663.7662,-1.056706,0.7737989,-2.091849
RIPS,663.7744,-1.056855,0.7738813,-2.091752
RIPS,663.7828,-1.056906,0.7739841,-2.091668
RIPS,663.7914,-1.056816,0.774078,-2.091634
RIPS,663.7996,-1.056827,0.7741144,-2.091639
RIPS,663.8077,-1.05676,0.7742146,-2.091426
RIPS,663.816,-1.056755,0.7742115,-2.091411
RIPS,663.8248,-1.056749,0.7741807,-2.091408
RIPS,663.8339,-1.056757,0.7741637,-2.09131
RIPS,663.8417,-1.056753,0.7741179,-2.091155
RIPS,663.85,-1.056789,0.7740278,-2.091121
RIPS,663.8591,-1.05678,0.7741116,-2.091012
RIPS,663.8667,-1.056705,0.7741778,-2.090876
RIPS,663.8765,-1.056668,0.774291,-2.09075
RIPS,663.8838,-1.0566,0.7744015,-2.090688
RIPS,663.892,-1.056646,0.7745262,-2.090666
RIPS,663.9002,-1.056731,0.7745735,-2.090739
RIPS,663.9088,-1.056599,0.7746519,-2.090655
RIPS,663.9167,-1.056643,0.7746293,-2.090659
RIPS,663.9261,-1.056689,0.7745467,-2.090608
RIPS,663.9337,-1.056661,0.7745593,-2.090475
RIPS,663.9418,-1.057097,0.774461,-2.090493
RIPS,663.9502,-1.057137,0.7744153,-2.090423
RIPS,663.9587,-1.057181,0.7744042,-2.090338
RIPS,663.9667,-1.057167,0.7744071,-2.090352
RIPS,663.9755,-1.05724,0.7744458,-2.090313
RIPS,663.9835,-1.057303,0.7745864,-2.090375
RIPS,663.993,-1.057365,0.7746004,-2.090351
RIPS,664.0005,-1.057399,0.7746483,-2.090372
RIPS,664.0087,-1.05751,0.7746994,-2.090459
RIPS,664.0178,-1.057552,0.7747146,-2.09046
RIPS,664.0258,-1.057608,0.7745705,-2.090454
RIPS,664.0355,-1.057662,0.7744989,-2.090481
RIPS,664.0425,-1.057696,0.7743867,-2.090464
RIPS,664.0507,-1.057811,0.7742428,-2.090487
RIPS,664.0596,-1.057854,0.7742099,-2.090459
RIPS,664.0673,-1.05811,0.7742786,-2.090586
RIPS,664.0771,-1.058206,0.7742974,-2.090523
RIPS,664.0844,-1.058276,0.7742928,-2.090521
RIPS,664.0923,-1.058503,0.7743506,-2.090563
RIPS,664.1013,-1.058591,0.7743305,-2.090535
RIPS,664.1094,-1.058871,0.774307,-2.090508
RIPS,664.1174,-1.05892,0.7743116,-2.090438
RIPS,664.1266,-1.059246,0.7741975,-2.090609
RIPS,664.1345,-1.059298,0.7741747,-2.09062
RIPS,664.1426,-1.05936,0.7741906,-2.090707
RIPS,664.1509,-1.059694,0.7741927,-2.091068
RIPS,664.1597,-1.059784,0.774218,-2.091235
RIPS,664.1676,-1.060201,0.7743714,-2.09146
RIPS,664.1758,-1.060304,0.774396,-2.091632
RIPS,664.1841,-1.060415,0.7744676,-2.09176
RIPS,664.193,-1.060523,0.7744694,-2.091845
RIPS,664.2007,-1.060607,0.7744303,-2.091744
RIPS,664.2095,-1.06054,0.7744509,-2.091607
RIPS,664.2175,-1.060601,0.7745168,-2.091474
RIPS,664.2258,-1.060673,0.7744294,-2.091465
RIPS,664.2359,-1.06074,0.7744697,-2.091401
RIPS,664.2428,-1.060724,0.7745422,-2.091465
RIPS,664.2509,-1.060831,0.7746076,-2.091591
RIPS,664.2595,-1.060898,0.7748195,-2.091651
RIPS,664.2678,-1.060619,0.7750188,-2.091707
RIPS,664.2768,-1.060645,0.775152,-2.091831
RIPS,664.2846,-1.060203,0.7752541,-2.091794
RIPS,664.2926,-1.06022,0.77526,-2.091854
RIPS,664.3011,-1.060186,0.7751896,-2.091883
RIPS,664.3092,-1.060116,0.7750387,-2.091801
RIPS,664.3179,-1.060098,0.7749787,-2.091736
RIPS,664.3262,-1.059784,0.7748802,-2.09149
RIPS,664.3342,-1.059786,0.7748606,-2.091375
RIPS,664.3426,-1.059836,0.7749133,-2.09124
RIPS,664.351,-1.059434,0.7749595,-2.090814
RIPS,664.3593,-1.059532,0.7750159,-2.090672
RIPS,664.3675,-1.059419,0.7751488,-2.090366
RIPS,664.3759,-1.059491,0.7750888,-2.090262
RIPS,664.3845,-1.059261,0.77507,-2.090273
RIPS,664.393,-1.059251,0.7750201,-2.090334
RIPS,664.4011,-1.059255,0.7749511,-2.090515
RIPS,664.4091,-1.059198,0.7747988,-2.090658
RIPS,664.4178,-1.059151,0.7747005,-2.090769
RIPS,664.4263,-1.059114,0.7745647,-2.090763
RIPS,664.4359,-1.05916,0.7745527,-2.09075
RIPS,664.4434,-1.059244,0.7745451,-2.090651
RIPS,664.4515,-1.059148,0.7746758,-2.090277
RIPS,664.4666,-1.059309,0.7747731,-2.090084
RIPS,664.4769,-1.059244,0.7748975,-2.089876
RIPS,664.4828,-1.059317,0.7749784,-2.090077
RIPS,664.4908,-1.059296,0.7749184,-2.090139
RIPS,664.4992,-1.059366,0.774794,-2.090371
RIPS,664.5074,-1.059259,0.7745956,-2.090593
RIPS,664.5155,-1.059265,0.7744404,-2.09067
RIPS,664.5242,-1.059284,0.7743112,-2.090714
RIPS,664.5324,-1.059317,0.7742218,-2.090481
RIPS,664.5406,-1.059387,0.7742077,-2.09036
RIPS,664.5489,-1.059271,0.7742159,-2.090072
RIPS,664.5578,-1.059373,0.7742579,-2.090046
RIPS,664.5655,-1.059479,0.7742897,-2.090058
RIPS,664.574,-1.059524,0.774388,-2.090313
RIPS,664.5823,-1.059577,0.7743746,-2.090404
RIPS,664.5905,-1.059341,0.7743774,-2.090321
RIPS,664.5992,-1.059348,0.7742826,-2.090429
RIPS,664.6074,-1.059266,0.774194,-2.090395
RIPS,664.6183,-1.059279,0.7741879,-2.090274
RIPS,664.6282,-1.059297,0.774192,-2.090174
RIPS,664.6351,-1.059362,0.7741677,-2.089938
RIPS,664.6416,-1.05932,0.7741742,-2.089625
RIPS,664.6495,-1.059387,0.7743279,-2.089545
RIPS,664.6577,-1.059449,0.7743583,-2.089528
RIPS,664.6664,-1.059296,0.7744125,-2.08952
RIPS,664.6748,-1.059301,0.7743675,-2.089597
RIPS,664.6822,-1.05938,0.7743486,-2.089888
RIPS,664.6902,-1.059351,0.7742324,-2.089928
RIPS,664.6988,-1.059305,0.7742022,-2.089966
RIPS,664.7072,-1.0593,0.7741532,-2.089906
RIPS,664.7155,-1.059287,0.7740735,-2.089756
RIPS,664.7242,-1.059331,0.7740106,-2.089523
RIPS,664.7321,-1.059375,0.7739279,-2.089365
RIPS,664.74,-1.059422,0.7739272,-2.089208
RIPS,664.7485,-1.059557,0.7739382,-2.089272
RIPS,664.7578,-1.059581,0.7739214,-2.089379
RIPS,664.7656,-1.059589,0.7738683,-2.089452
RIPS,664.7735,-1.059575,0.7738,-2.089602
RIPS,664.7818,-1.059566,0.7737284,-2.089717
RIPS,664.791,-1.059505,0.7736343,-2.089809
RIPS,664.7984,-1.059461,0.7735931,-2.089803
RIPS,664.8068,-1.059499,0.7735523,-2.089717
RIPS,664.8152,-1.059486,0.7735274,-2.089557
RIPS,664.8238,-1.059415,0.7735393,-2.089444
RIPS,664.832,-1.059422,0.7736827,-2.089385
RIPS,664.8405,-1.059485,0.7737185,-2.089377
RIPS,664.8486,-1.05948,0.7738107,-2.089372
RIPS,664.8571,-1.059479,0.7738412,-2.089401
RIPS,664.8657,-1.059627,0.7738531,-2.08955
RIPS,664.8743,-1.059591,0.7738556,-2.089664
RIPS,664.8819,-1.059611,0.7738459,-2.089663
RIPS,664.8903,-1.059577,0.7738155,-2.089701
RIPS,664.8984,-1.059546,0.7738018,-2.08968
RIPS,664.9073,-1.059255,0.7737811,-2.089479
RIPS,664.9153,-1.059235,0.7737978,-2.08937
RIPS,664.9256,-1.059281,0.773839,-2.089324
RIPS,664.9321,-1.059267,0.773801,-2.089253
RIPS,664.9404,-1.059455,0.7737512,-2.089303
RIPS,664.9493,-1.059408,0.7736958,-2.089252
RIPS,664.9581,-1.059455,0.7736476,-2.089251
RIPS,664.9659,-1.059433,0.7735503,-2.089328
RIPS,664.9747,-1.059494,0.7735167,-2.089391
RIPS,664.9831,-1.059486,0.7734222,-2.089424
RIPS,664.9919,-1.059483,0.7733907,-2.089426
RIPS,665.0003,-1.059568,0.7733452,-2.089425
RIPS,665.0082,-1.059426,0.7733745,-2.089308
RIPS,665.0172,-1.059372,0.7733412,-2.089238
RIPS,665.0256,-1.059213,0.773398,-2.089069
RIPS,665.0349,-1.059175,0.7734048,-2.089023
RIPS,665.0425,-1.059058,0.7734118,-2.088974
RIPS,665.0509,-1.059019,0.7734405,-2.088982
RIPS,665.0591,-1.05899,0.7734561,-2.088979
RIPS,665.0679,-1.059039,0.7733892,-2.089047
RIPS,665.0768,-1.059002,0.773421,-2.089044
RIPS,665.0839,-1.058913,0.7734023,-2.08898
RIPS,665.0925,-1.05888,0.7732838,-2.088932
RIPS,665.1006,-1.058776,0.7732859,-2.088821
RIPS,665.1089,-1.058748,0.7732876,-2.088814
RIPS,665.1176,-1.058719,0.7733105,-2.08879
RIPS,665.1259,-1.058955,0.7733908,-2.088909
RIPS,665.1343,-1.058926,0.7733711,-2.088866
RIPS,665.1426,-1.058881,0.7733147,-2.08887
RIPS,665.1506,-1.058873,0.7733323,-2.088817
RIPS,665.1592,-1.058844,0.7733331,-2.088799
RIPS,665.1673,-1.058989,0.7732858,-2.088893
RIPS,665.1756,-1.058976,0.7732682,-2.088841
RIPS,665.1841,-1.058782,0.7731821,-2.088763
RIPS,665.1926,-1.058774,0.7731243,-2.088753
RIPS,665.201,-1.058767,0.7731492,-2.088753
RIPS,665.2089,-1.059066,0.7731249,-2.088873
RIPS,665.2173,-1.059075,0.7731248,-2.088928
RIPS,665.2258,-1.059059,0.7731428,-2.088995
RIPS,665.2352,-1.05903,0.7731549,-2.088969
RIPS,665.2426,-1.058926,0.7731443,-2.088958
RIPS,665.2509,-1.058895,0.7730802,-2.088926
RIPS,665.2595,-1.058856,0.773025,-2.088871
RIPS,665.2676,-1.058918,0.772867,-2.088922
RIPS,665.2766,-1.05888,0.7728313,-2.088887
RIPS,665.2841,-1.059119,0.7727716,-2.089061
RIPS,665.2923,-1.059076,0.7727405,-2.089062
RIPS,665.301,-1.05897,0.7726745,-2.088964
RIPS,665.309,-1.058936,0.7727008,-2.088926
RIPS,665.3171,-1.0589,0.7727467,-2.088883
RIPS,665.3262,-1.059067,0.7728157,-2.088935
RIPS,665.3342,-1.059041,0.7727861,-2.088886
RIPS,665.3423,-1.059015,0.7727004,-2.088809
RIPS,665.3508,-1.058959,0.7725774,-2.088753
RIPS,665.3594,-1.058934,0.7724576,-2.088734
RIPS,665.3671,-1.059164,0.7723545,-2.088916
RIPS,665.376,-1.059176,0.7723398,-2.088907
RIPS,665.384,-1.059135,0.7723546,-2.08889
RIPS,665.3929,-1.059126,0.7723283,-2.08881
RIPS,665.4006,-1.059089,0.7723358,-2.08871
RIPS,665.4092,-1.059068,0.7723629,-2.088626
RIPS,665.4174,-1.059039,0.7723635,-2.088554
RIPS,665.4258,-1.05904,0.7723801,-2.08852
RIPS,665.4351,-1.059046,0.7723462,-2.088575
RIPS,665.4425,-1.059166,0.7722415,-2.08871
RIPS,665.4508,-1.059149,0.7721739,-2.088773
RIPS,665.4594,-1.059185,0.7721174,-2.088758
RIPS,665.4673,-1.059202,0.7721136,-2.088831
RIPS,665.4768,-1.059223,0.7721436,-2.088873
RIPS,665.4846,-1.05928,0.7722621,-2.088721
RIPS,665.4924,-1.059289,0.7722776,-2.088635
RIPS,665.5011,-1.059515,0.7722231,-2.088718
RIPS,665.509,-1.059507,0.7721553,-2.088614
RIPS,665.5177,-1.059502,0.7720873,-2.088545
RIPS,665.526,-1.059458,0.7720086,-2.088532
RIPS,665.5345,-1.05946,0.7719401,-2.088532
RIPS,665.5424,-1.059714,0.771953,-2.088757
RIPS,665.551,-1.059722,0.7719056,-2.088783
RIPS,665.5593,-1.05971,0.7718811,-2.088792
RIPS,665.5673,-1.059747,0.7718608,-2.088876
RIPS,665.5758,-1.059838,0.7719274,-2.088927
RIPS,665.5845,-1.059914,0.7719893,-2.088877
RIPS,665.5925,-1.059977,0.7720326,-2.088896
RIPS,665.601,-1.060156,0.7720595,-2.088868
RIPS,665.6091,-1.06019,0.7721331,-2.088854
RIPS,665.6176,-1.060404,0.7721573,-2.088998
RIPS,665.6259,-1.060433,0.7721271,-2.088951
RIPS,665.6348,-1.060459,0.7721081,-2.08892
RIPS,665.6436,-1.060372,0.772128,-2.088891
RIPS,665.6509,-1.06038,0.7721013,-2.08888
RIPS,665.6603,-1.060385,0.7721051,-2.088872
RIPS,665.6678,-1.060311,0.7720847,-2.0888
RIPS,665.677,-1.060316,0.7720643,-2.088794
RIPS,665.6844,-1.060449,0.7720792,-2.088869
RIPS,665.6921,-1.060466,0.7720677,-2.08888
RIPS,665.701,-1.060531,0.7720955,-2.089031
RIPS,665.7089,-1.06054,0.7720691,-2.089043
RIPS,665.7173,-1.060557,0.7720774,-2.089068
RIPS,665.726,-1.060479,0.7720282,-2.088919
RIPS,665.734,-1.060492,0.7720439,-2.088855
RIPS,665.7426,-1.060661,0.7720577,-2.088807
RIPS,665.7506,-1.060648,0.7719541,-2.088738
RIPS,665.7593,-1.060663,0.7719641,-2.088782
RIPS,665.7676,-1.060656,0.7719685,-2.08881
RIPS,665.7756,-1.060658,0.7720159,-2.088869
RIPS,665.7841,-1.060499,0.7721183,-2.088764
RIPS,665.7933,-1.060511,0.7721073,-2.088836
RIPS,665.8007,-1.060562,0.7721103,-2.088917
RIPS,665.8089,-1.060569,0.7721346,-2.088924
RIPS,665.8171,-1.060578,0.7721289,-2.088889
RIPS,665.8258,-1.060468,0.7720938,-2.088798
RIPS,665.8351,-1.060488,0.7720441,-2.088768
RIPS,665.8425,-1.060561,0.7720571,-2.088861
RIPS,665.8506,-1.06057,0.7719598,-2.088866
RIPS,665.8591,-1.060693,0.7719614,-2.088967
RIPS,665.8674,-1.060706,0.7719557,-2.089014
RIPS,665.8765,-1.060714,0.7719537,-2.089079
RIPS,665.8842,-1.060689,0.7719708,-2.08905
RIPS,665.8923,-1.060695,0.771952,-2.089071
RIPS,665.9009,-1.060892,0.7719947,-2.089054
RIPS,665.909,-1.060917,0.7721101,-2.089083
RIPS,665.9172,-1.060944,0.7720782,-2.089055
RIPS,665.9262,-1.060843,0.7719539,-2.089022
RIPS,665.9344,-1.060854,0.7719469,-2.088994
RIPS,665.9424,-1.060655,0.771901,-2.089009
RIPS,665.9507,-1.060684,0.7718406,-2.089006
RIPS,665.9592,-1.060705,0.7718216,-2.089009
RIPS,665.9677,-1.060804,0.7717676,-2.089015
RIPS,665.9756,-1.060831,0.7717875,-2.089042
RIPS,665.9839,-1.060634,0.7718909,-2.088937
RIPS,665.9939,-1.060652,0.771905,-2.088926
RIPS,666.0051,-1.060957,0.7718486,-2.089085
RIPS,666.0148,-1.060969,0.7719262,-2.089092
RIPS,666.0237,-1.061202,0.7718619,-2.089228
RIPS,666.0318,-1.061244,0.7717779,-2.089234
RIPS,666.0402,-1.061377,0.7717517,-2.089271
RIPS,666.0483,-1.061408,0.7716984,-2.08928
RIPS,666.0576,-1.061465,0.7716881,-2.089306
RIPS,666.0649,-1.061819,0.7716388,-2.089437
RIPS,666.0741,-1.061863,0.7716069,-2.089445
RIPS,666.0817,-1.062127,0.7716388,-2.089521
RIPS,666.0901,-1.062159,0.7716864,-2.089537
RIPS,666.0983,-1.062175,0.7716827,-2.089453
RIPS,666.1067,-1.062218,0.7716577,-2.089449
RIPS,666.1149,-1.062254,0.7716721,-2.089461
RIPS,666.124,-1.062509,0.7716553,-2.089566
RIPS,666.132,-1.06255,0.7716564,-2.089571
RIPS,666.1403,-1.062387,0.7716651,-2.089442
RIPS,666.1486,-1.062422,0.771678,-2.089451
RIPS,666.1574,-1.06248,0.7717647,-2.08946
RIPS,666.1648,-1.062668,0.7718049,-2.089475
RIPS,666.1735,-1.062714,0.7718327,-2.089473
RIPS,666.1818,-1.062836,0.7718279,-2.089625
RIPS,666.1902,-1.062865,0.7718637,-2.089589
RIPS,666.1989,-1.062952,0.771841,-2.089664
RIPS,666.207,-1.062976,0.7718245,-2.089664
RIPS,666.2151,-1.063253,0.7718038,-2.089834
RIPS,666.2235,-1.063296,0.7717708,-2.089866
RIPS,666.2316,-1.063355,0.7717883,-2.089898
RIPS,666.2401,-1.06319,0.7718747,-2.089855
RIPS,666.2482,-1.063249,0.77192,-2.089832
RIPS,666.2568,-1.063258,0.7720116,-2.089762
RIPS,666.2654,-1.063305,0.7720857,-2.089698
RIPS,666.274,-1.063348,0.7722231,-2.089593
RIPS,666.2821,-1.063348,0.772371,-2.089544
RIPS,666.2902,-1.063419,0.7725807,-2.089567
RIPS,666.2987,-1.063522,0.7728129,-2.089588
RIPS,666.3069,-1.063578,0.7730044,-2.089689
RIPS,666.3152,-1.063612,0.7732484,-2.089778
RIPS,666.3239,-1.063847,0.7736102,-2.089989
RIPS,666.3322,-1.063873,0.7740361,-2.090038
RIPS,666.3403,-1.063766,0.7744697,-2.089876
RIPS,666.3483,-1.063772,0.7750317,-2.089832
RIPS,666.3572,-1.063797,0.7756039,-2.089772
RIPS,666.3652,-1.063401,0.7763133,-2.089524
RIPS,666.3742,-1.063413,0.7771419,-2.089517
RIPS,666.3823,-1.063515,0.7778956,-2.089474
RIPS,666.3921,-1.063515,0.7785804,-2.089393
RIPS,666.3992,-1.063521,0.7791162,-2.089262
RIPS,666.4081,-1.063312,0.779564,-2.089059
RIPS,666.4164,-1.063327,0.7801096,-2.088903
RIPS,666.425,-1.063403,0.7807432,-2.088835
RIPS,666.4341,-1.063442,0.7815001,-2.088721
RIPS,666.4423,-1.063608,0.7823591,-2.088683
RIPS,666.4509,-1.063626,0.783229,-2.088614
RIPS,666.4603,-1.06362,0.783919,-2.088565
RIPS,666.4675,-1.063539,0.784529,-2.088364
RIPS,666.4765,-1.063058,0.7849271,-2.087967
RIPS,666.484,-1.062963,0.7852413,-2.087596
RIPS,666.4925,-1.062876,0.7853369,-2.087175
RIPS,666.5007,-1.062857,0.7853224,-2.086641
RIPS,666.5089,-1.062866,0.7850944,-2.086272
RIPS,666.5173,-1.063149,0.784967,-2.086041
RIPS,666.5263,-1.063189,0.7845822,-2.085815
RIPS,666.5347,-1.063209,0.7844304,-2.085509
RIPS,666.5429,-1.062855,0.7843608,-2.085061
RIPS,666.5509,-1.06291,0.7842132,-2.084676
RIPS,666.5596,-1.062908,0.7840272,-2.084271
RIPS,666.5675,-1.062985,0.7838021,-2.083791
RIPS,666.5757,-1.062784,0.7832307,-2.08315
RIPS,666.5841,-1.062859,0.7825566,-2.082661
RIPS,666.593,-1.062939,0.7820225,-2.082223
RIPS,666.6008,-1.062837,0.7816241,-2.081705
RIPS,666.6095,-1.062922,0.7812766,-2.081286
RIPS,666.6177,-1.06263,0.7810321,-2.080704
RIPS,666.6259,-1.062751,0.7807415,-2.080343
RIPS,666.6353,-1.062873,0.7802646,-2.079924
RIPS,666.6436,-1.062902,0.7798136,-2.079448
RIPS,666.651,-1.063019,0.7792477,-2.078946
RIPS,666.6655,-1.063061,0.7786772,-2.078356
RIPS,666.6773,-1.06335,0.777905,-2.077749
RIPS,666.6843,-1.06369,0.7769786,-2.077039
RIPS,666.6924,-1.063815,0.776572,-2.076533
RIPS,666.701,-1.064038,0.7753114,-2.078561
RIPS,666.7088,-1.064256,0.7748573,-2.07976
RIPS,666.7175,-1.064341,0.7746401,-2.080374
RIPS,666.7269,-1.06444,0.7746884,-2.080853
RIPS,666.7338,-1.064533,0.7748048,-2.081043
RIPS,666.7425,-1.064255,0.7748789,-2.080802
RIPS,666.7509,-1.064235,0.7750424,-2.08079
RIPS,666.7593,-1.064286,0.7752807,-2.080607
RIPS,666.7672,-1.06426,0.775516,-2.080339
RIPS,666.7758,-1.064265,0.7757074,-2.079863
RIPS,666.7842,-1.064256,0.7759948,-2.079378
RIPS,666.7931,-1.064298,0.7763102,-2.078761
RIPS,666.8005,-1.064462,0.7767261,-2.078136
RIPS,666.8091,-1.064559,0.7772404,-2.077453
RIPS,666.8174,-1.064675,0.7777584,-2.076844
RIPS,666.8256,-1.064774,0.7784924,-2.076139
RIPS,666.8345,-1.064846,0.7790896,-2.075392
RIPS,666.8428,-1.064999,0.7799582,-2.074758
RIPS,666.8505,-1.064959,0.7804152,-2.073825
RIPS,666.8597,-1.064859,0.7808975,-2.072913
RIPS,666.8675,-1.064801,0.7814142,-2.071962
RIPS,666.8769,-1.064754,0.7820967,-2.07131
RIPS,666.8839,-1.064644,0.7822413,-2.071698
RIPS,666.8922,-1.064511,0.7820284,-2.073064
RIPS,666.9006,-1.064369,0.7823046,-2.073328
RIPS,666.9094,-1.064321,0.7826244,-2.07336
RIPS,666.917,-1.064431,0.7827026,-2.073108
RIPS,666.9263,-1.064592,0.7826617,-2.072929
RIPS,666.934,-1.064645,0.7816332,-2.074867
RIPS,666.9427,-1.064752,0.7801688,-2.076903
RIPS,666.9507,-1.065074,0.7790095,-2.078082
RIPS,666.9595,-1.065467,0.7780744,-2.07928
RIPS,666.9675,-1.065665,0.7773434,-2.08036
RIPS,666.9755,-1.065813,0.7768598,-2.080957
RIPS,666.9837,-1.065987,0.7766921,-2.081414
RIPS,666.9924,-1.066047,0.7766469,-2.081987
RIPS,667.0023,-1.065964,0.7766931,-2.082494
RIPS,667.0087,-1.06596,0.7764894,-2.082934
RIPS,667.0173,-1.065865,0.7761145,-2.08314
RIPS,667.0256,-1.065898,0.7757488,-2.083462
RIPS,667.0338,-1.065925,0.7758091,-2.083931
RIPS,667.0427,-1.065668,0.7758086,-2.083849
RIPS,667.0506,-1.06559,0.77637,-2.083998
RIPS,667.0589,-1.065848,0.776525,-2.083788
RIPS,667.0676,-1.065984,0.776787,-2.084108
RIPS,667.0764,-1.066,0.7767061,-2.084119
RIPS,667.0848,-1.065937,0.7764163,-2.083871
RIPS,667.0923,-1.066113,0.7765356,-2.084132
RIPS,667.1008,-1.065892,0.7763334,-2.084202
RIPS,667.1088,-1.06591,0.7763175,-2.084381
RIPS,667.1172,-1.065985,0.776326,-2.08474
RIPS,667.1265,-1.066139,0.77657,-2.08485
RIPS,667.134,-1.066229,0.7768571,-2.084883
RIPS,667.1425,-1.066371,0.777093,-2.084861
RIPS,667.1503,-1.066316,0.7772871,-2.084576
RIPS,667.1591,-1.066376,0.7776168,-2.084348
RIPS,667.1671,-1.066195,0.7777886,-2.084183
RIPS,667.1757,-1.066043,0.7779052,-2.084045
RIPS,667.1838,-1.065693,0.7781076,-2.084025
RIPS,667.1926,-1.065327,0.7782795,-2.084017
RIPS,667.2003,-1.064905,0.7784231,-2.084065
RIPS,667.2091,-1.064887,0.7786725,-2.08423
RIPS,667.217,-1.064683,0.7787545,-2.084217
RIPS,667.2258,-1.064545,0.7790862,-2.084047
RIPS,667.2346,-1.064409,0.7791598,-2.083951
RIPS,667.2427,-1.064141,0.7792168,-2.083751
RIPS,667.2504,-1.063993,0.7794746,-2.083654
RIPS,667.2592,-1.06375,0.7798116,-2.083624
RIPS,667.2672,-1.06332,0.7801182,-2.083409
RIPS,667.2764,-1.06294,0.7805434,-2.083241
RIPS,667.2839,-1.062548,0.7809819,-2.083137
RIPS,667.2924,-1.062278,0.7813712,-2.083067
RIPS,667.3006,-1.062102,0.7814707,-2.082996
RIPS,667.3088,-1.062064,0.781541,-2.083046
RIPS,667.3172,-1.062088,0.7814118,-2.083052
RIPS,667.3268,-1.062078,0.7811524,-2.083078
RIPS,667.3337,-1.061958,0.7811278,-2.08301
RIPS,667.3423,-1.061909,0.7809152,-2.08297
RIPS,667.3503,-1.061762,0.7808385,-2.082756
RIPS,667.3593,-1.061516,0.7806656,-2.082721
RIPS,667.3671,-1.061422,0.7805936,-2.082653
RIPS,667.3756,-1.061345,0.7806092,-2.08257
RIPS,667.3839,-1.061267,0.780748,-2.082588
RIPS,667.3923,-1.061159,0.7806356,-2.082661
RIPS,667.4014,-1.061067,0.7805629,-2.082693
RIPS,667.4089,-1.060916,0.7804634,-2.082715
RIPS,667.4171,-1.060821,0.7804417,-2.082737
RIPS,667.4254,-1.060631,0.7805756,-2.082624
RIPS,667.4338,-1.060472,0.7807135,-2.082489
RIPS,667.4422,-1.060236,0.7807424,-2.082132
RIPS,667.451,-1.059991,0.7808365,-2.081918
RIPS,667.4591,-1.059765,0.7810366,-2.081644
RIPS,667.4671,-1.059577,0.7813972,-2.081418
RIPS,667.4766,-1.059422,0.7816103,-2.081234
RIPS,667.4839,-1.059271,0.7818854,-2.081021
RIPS,667.4921,-1.059123,0.782091,-2.080795
RIPS,667.5005,-1.058913,0.7823528,-2.080682
RIPS,667.5085,-1.058923,0.782451,-2.080492
RIPS,667.5173,-1.058887,0.7825431,-2.080323
RIPS,667.5258,-1.058897,0.782571,-2.080141
RIPS,667.5342,-1.059051,0.7825339,-2.079896
RIPS,667.5422,-1.059039,0.7825311,-2.079694
RIPS,667.5507,-1.059016,0.7822946,-2.0795
RIPS,667.5592,-1.059016,0.7820766,-2.079351
RIPS,667.5674,-1.059002,0.7820583,-2.079158
RIPS,667.5753,-1.058941,0.7821169,-2.07886
RIPS,667.5844,-1.058872,0.7822551,-2.07865
RIPS,667.593,-1.058834,0.7825534,-2.078337
RIPS,667.6006,-1.058758,0.7828695,-2.078112
RIPS,667.6088,-1.058686,0.7832084,-2.07787
RIPS,667.6172,-1.05865,0.7834313,-2.077647
RIPS,667.6259,-1.058632,0.7836668,-2.077454
RIPS,667.6349,-1.058808,0.7840448,-2.077358
RIPS,667.6428,-1.058825,0.7842562,-2.077204
RIPS,667.6506,-1.058836,0.7844084,-2.077069
RIPS,667.6601,-1.058753,0.784556,-2.076931
RIPS,667.6672,-1.058769,0.7846376,-2.076756
RIPS,667.6776,-1.058749,0.7846066,-2.076565
RIPS,667.6846,-1.058792,0.7847186,-2.076447
RIPS,667.6923,-1.058749,0.7848955,-2.076316
RIPS,667.7009,-1.058649,0.7850488,-2.076078
RIPS,667.7089,-1.05845,0.7851136,-2.07575
RIPS,667.7175,-1.058399,0.7848827,-2.075438
RIPS,667.7262,-1.05846,0.784755,-2.075365
RIPS,667.7339,-1.058513,0.7846875,-2.075255
RIPS,667.7422,-1.058585,0.7844872,-2.075234
RIPS,667.7503,-1.058592,0.7844651,-2.07511
RIPS,667.7592,-1.058539,0.7845361,-2.075035
RIPS,667.7671,-1.058614,0.7845377,-2.07495
RIPS,667.7754,-1.058552,0.7846998,-2.074885
RIPS,667.7835,-1.05866,0.7848549,-2.07486
RIPS,667.7931,-1.058708,0.7849486,-2.07484
RIPS,667.8019,-1.058797,0.7850055,-2.07489
RIPS,667.809,-1.058891,0.7850918,-2.07492
RIPS,667.8169,-1.058883,0.7850103,-2.074914
RIPS,667.8253,-1.058946,0.7850332,-2.07495
RIPS,667.8346,-1.059012,0.7851084,-2.074978
RIPS,667.8424,-1.059003,0.7851537,-2.075042
RIPS,667.8502,-1.059107,0.7851335,-2.07515
RIPS,667.8591,-1.059211,0.7851054,-2.075254
RIPS,667.8671,-1.059304,0.7850054,-2.0754
RIPS,667.8766,-1.059382,0.7849325,-2.075529
RIPS,667.8836,-1.059375,0.7847576,-2.07569
RIPS,667.892,-1.059363,0.7846969,-2.075809
RIPS,667.9002,-1.059326,0.7845321,-2.075928
RIPS,667.9086,-1.05934,0.7846151,-2.076032
RIPS,667.9171,-1.059339,0.7846355,-2.07616
RIPS,667.926,-1.059357,0.7847485,-2.076281
RIPS,667.9335,-1.059351,0.7847986,-2.076426
RIPS,667.9421,-1.059356,0.7845868,-2.07655
RIPS,667.95,-1.059359,0.7842956,-2.076615
RIPS,667.959,-1.059432,0.7842751,-2.076622
RIPS,667.9672,-1.059328,0.7840709,-2.076653
RIPS,667.9755,-1.059323,0.7840131,-2.076644
RIPS,667.9836,-1.05924,0.7839741,-2.076678
RIPS,667.993,-1.059439,0.7839397,-2.076688
RIPS,668.0052,-1.059604,0.7839312,-2.076865
RIPS,668.0141,-1.059845,0.7838182,-2.077
RIPS,668.023,-1.060191,0.7832856,-2.077158
RIPS,668.0314,-1.060406,0.7830213,-2.077527
RIPS,668.04,-1.060529,0.7827412,-2.077704
RIPS,668.048,-1.060729,0.7825037,-2.077911
RIPS,668.0572,-1.060877,0.7822186,-2.078141
RIPS,668.0649,-1.06098,0.7818259,-2.078386
RIPS,668.0733,-1.060953,0.7813709,-2.078486
RIPS,668.0816,-1.060826,0.7809979,-2.078558
RIPS,668.0898,-1.060721,0.7809157,-2.078557
RIPS,668.098,-1.060699,0.7809101,-2.078737
RIPS,668.1067,-1.060775,0.780857,-2.078941
RIPS,668.1147,-1.060847,0.7807001,-2.079161
RIPS,668.1247,-1.060954,0.7804624,-2.079435
RIPS,668.1314,-1.061114,0.7799945,-2.079722
RIPS,668.14,-1.061293,0.7795635,-2.08003
RIPS,668.1482,-1.061381,0.779112,-2.080364
RIPS,668.1572,-1.061502,0.7787168,-2.080789
RIPS,668.1646,-1.061641,0.7781921,-2.081183
RIPS,668.1732,-1.061726,0.7776408,-2.081678
RIPS,668.1812,-1.061825,0.777114,-2.082078
RIPS,668.1901,-1.061956,0.7766569,-2.082552
RIPS,668.1983,-1.06199,0.7761698,-2.08296
RIPS,668.2068,-1.062075,0.7758027,-2.083316
RIPS,668.2148,-1.062209,0.7753512,-2.083778
RIPS,668.2231,-1.062237,0.7749223,-2.084168
RIPS,668.2313,-1.062329,0.774574,-2.084797
RIPS,668.2397,-1.062345,0.7742279,-2.085284
RIPS,668.2482,-1.062326,0.7738469,-2.085763
RIPS,668.2571,-1.062424,0.7734689,-2.086333
RIPS,668.265,-1.062546,0.7730985,-2.086924
RIPS,668.2735,-1.062604,0.7726775,-2.087496
RIPS,668.2814,-1.062847,0.7722921,-2.088161
RIPS,668.2897,-1.062972,0.7718086,-2.088817
RIPS,668.2986,-1.063078,0.7712024,-2.089465
RIPS,668.3082,-1.063211,0.7706306,-2.090066
RIPS,668.3176,-1.063272,0.7701583,-2.090702
RIPS,668.3237,-1.063317,0.7695999,-2.09121
RIPS,668.3319,-1.06338,0.7692806,-2.09184
RIPS,668.3398,-1.063469,0.7688139,-2.092475
RIPS,668.3478,-1.063545,0.7683138,-2.093147
RIPS,668.3574,-1.063639,0.7678263,-2.093836
RIPS,668.3652,-1.063732,0.7674225,-2.094486
RIPS,668.3737,-1.063957,0.7670457,-2.095201
RIPS,668.3823,-1.064124,0.7665481,-2.095989
RIPS,668.3912,-1.064295,0.7659734,-2.096779
RIPS,668.3993,-1.064579,0.7655037,-2.097666
RIPS,668.4073,-1.064781,0.764764,-2.098572
RIPS,668.4157,-1.064973,0.7641695,-2.099391
RIPS,668.4243,-1.065174,0.7636071,-2.100141
RIPS,668.4322,-1.065283,0.7631758,-2.100908
RIPS,668.4409,-1.065408,0.7628433,-2.101473
RIPS,668.4488,-1.065458,0.762584,-2.102082
RIPS,668.4576,-1.065597,0.7623429,-2.102638
RIPS,668.4656,-1.065761,0.7620061,-2.10319
RIPS,668.4772,-1.065888,0.7616343,-2.103708
RIPS,668.4853,-1.065983,0.7612164,-2.104242
RIPS,668.491,-1.066074,0.7609135,-2.104607
RIPS,668.4988,-1.066195,0.7605888,-2.104992
RIPS,668.5073,-1.066313,0.7603857,-2.105326
RIPS,668.5154,-1.066519,0.7602079,-2.105631
RIPS,668.5244,-1.066651,0.7600309,-2.105823
RIPS,668.5319,-1.066848,0.7598776,-2.106027
RIPS,668.5404,-1.066987,0.7596829,-2.106218
RIPS,668.5486,-1.067136,0.7595526,-2.106398
RIPS,668.5578,-1.06728,0.7594742,-2.106555
RIPS,668.5654,-1.067377,0.7593958,-2.106621
RIPS,668.5747,-1.067563,0.7593749,-2.106657
RIPS,668.5823,-1.06768,0.7594514,-2.106704
RIPS,668.5914,-1.067831,0.7595621,-2.106693
RIPS,668.5997,-1.067913,0.7595614,-2.106759
RIPS,668.6105,-1.067982,0.7596217,-2.106693
RIPS,668.6199,-1.068038,0.7596315,-2.106591
RIPS,668.6255,-1.068115,0.7596818,-2.106519
RIPS,668.6344,-1.068266,0.7597498,-2.106301
RIPS,668.6434,-1.068362,0.7597298,-2.106185
RIPS,668.6495,-1.068375,0.759831,-2.105987
RIPS,668.6573,-1.068384,0.7598948,-2.105797
RIPS,668.6652,-1.06842,0.7599463,-2.105546
RIPS,668.6743,-1.068441,0.7601037,-2.105299
RIPS,668.6827,-1.068409,0.7602865,-2.105153
RIPS,668.6896,-1.068334,0.7604991,-2.105032
RIPS,668.6984,-1.068333,0.7606489,-2.104934
RIPS,668.7067,-1.068313,0.7609277,-2.104819
RIPS,668.7153,-1.068259,0.7612023,-2.10475
RIPS,668.7233,-1.06833,0.761529,-2.104563
RIPS,668.7315,-1.068306,0.761755,-2.104415
RIPS,668.7399,-1.068443,0.76189,-2.104191
RIPS,668.7482,-1.068567,0.7620878,-2.103816
RIPS,668.7575,-1.068709,0.762318,-2.103351
RIPS,668.7647,-1.068833,0.7624431,-2.102971
RIPS,668.7729,-1.068955,0.7626747,-2.102445
RIPS,668.7814,-1.069026,0.7630178,-2.101853
RIPS,668.7897,-1.069111,0.7633557,-2.101094
RIPS,668.7981,-1.069163,0.7637479,-2.100569
RIPS,668.8063,-1.06915,0.764181,-2.100104
RIPS,668.8146,-1.069108,0.7646336,-2.099706
RIPS,668.8231,-1.069079,0.7650474,-2.099299
RIPS,668.8311,-1.068888,0.7654504,-2.098653
RIPS,668.8401,-1.068814,0.7659216,-2.097953
RIPS,668.8478,-1.06873,0.7664228,-2.097148
RIPS,668.8568,-1.068701,0.7670252,-2.096129
RIPS,668.8647,-1.068684,0.7676434,-2.095061
RIPS,668.8729,-1.06866,0.769212,-2.092491
RIPS,668.8814,-1.068665,0.7691981,-2.092303
RIPS,668.8895,-1.068635,0.769303,-2.091798
RIPS,668.8978,-1.068516,0.7694952,-2.091273
RIPS,668.9062,-1.068366,0.7697654,-2.090621
RIPS,668.9146,-1.068166,0.77024,-2.089874
RIPS,668.924,-1.067964,0.7707373,-2.089111
RIPS,668.9315,-1.067739,0.7708716,-2.089163
RIPS,668.94,-1.067651,0.771063,-2.089321
RIPS,668.9484,-1.06757,0.7711107,-2.08935
RIPS,668.9578,-1.067671,0.7710807,-2.089596
RIPS,668.9656,-1.067667,0.7710233,-2.089623
RIPS,668.9742,-1.06778,0.7709365,-2.089675
RIPS,668.9822,-1.067816,0.7709164,-2.089593
RIPS,668.9916,-1.068022,0.7709833,-2.089703
RIPS,669.0001,-1.067997,0.7709915,-2.089612
RIPS,669.0082,-1.067982,0.7709796,-2.089532
RIPS,669.0166,-1.067876,0.770864,-2.089572
RIPS,669.025,-1.067759,0.7707545,-2.089447
RIPS,669.0336,-1.067641,0.7707106,-2.089471
RIPS,669.0419,-1.067507,0.7706732,-2.089475
RIPS,669.0497,-1.067525,0.7708415,-2.08963
RIPS,669.059,-1.06743,0.7710757,-2.08969
RIPS,669.0668,-1.067343,0.7712882,-2.089888
RIPS,669.0783,-1.067442,0.7715605,-2.09003
RIPS,669.0877,-1.067335,0.7717626,-2.089853
RIPS,669.0928,-1.0673,0.7718308,-2.089631
RIPS,669.0978,-1.067272,0.7719074,-2.089504
RIPS,669.1064,-1.067221,0.7717712,-2.089173
RIPS,669.1142,-1.067153,0.7716196,-2.088849
RIPS,669.1235,-1.06709,0.7715213,-2.088754
RIPS,669.1312,-1.067079,0.7715544,-2.088894
RIPS,669.1396,-1.067069,0.7716398,-2.088928
RIPS,669.1478,-1.067092,0.7717615,-2.089012
RIPS,669.157,-1.066975,0.7718148,-2.088755
RIPS,669.1646,-1.067077,0.771871,-2.088826
RIPS,669.1728,-1.067218,0.7717948,-2.088655
RIPS,669.181,-1.067254,0.7717002,-2.088599
RIPS,669.1898,-1.066999,0.7715362,-2.088141
RIPS,669.1977,-1.066973,0.7714787,-2.088109
RIPS,669.2062,-1.066929,0.7715071,-2.088016
RIPS,669.2147,-1.066946,0.7715879,-2.088324
RIPS,669.223,-1.066987,0.7716432,-2.088369
RIPS,669.231,-1.066899,0.7716763,-2.088317
RIPS,669.2395,-1.066932,0.7717081,-2.088313
RIPS,669.2476,-1.066967,0.7717067,-2.088372
RIPS,669.2566,-1.067226,0.7718306,-2.088827
RIPS,669.2646,-1.067278,0.7717977,-2.088908
RIPS,669.2732,-1.066971,0.7717235,-2.088556
RIPS,669.2811,-1.067009,0.7717967,-2.088677
RIPS,669.2894,-1.067198,0.771997,-2.089009
RIPS,669.2975,-1.067238,0.772153,-2.089207
RIPS,669.3066,-1.067277,0.7722535,-2.089365
RIPS,669.3144,-1.067328,0.772377,-2.089605
RIPS,669.3229,-1.067382,0.7722854,-2.089639
RIPS,669.3312,-1.067593,0.772243,-2.089633
RIPS,669.34,-1.06764,0.772051,-2.089583
RIPS,669.3478,-1.067956,0.7720389,-2.089817
RIPS,669.3566,-1.067972,0.7719459,-2.089792
RIPS,669.3641,-1.067986,0.7719338,-2.089735
RIPS,669.3727,-1.067905,0.7719615,-2.089726
RIPS,669.3815,-1.06795,0.7719671,-2.089746
RIPS,669.3906,-1.068056,0.7721276,-2.089964
RIPS,669.3981,-1.068135,0.7722498,-2.090019
RIPS,669.407,-1.06819,0.7723696,-2.090065
RIPS,669.4151,-1.068259,0.772546,-2.090265
RIPS,669.4238,-1.068295,0.7725778,-2.090353
RIPS,669.4322,-1.06854,0.7725899,-2.090541
RIPS,669.4406,-1.068596,0.7725993,-2.090595
RIPS,669.4491,-1.068327,0.7722976,-2.090041
RIPS,669.4583,-1.068401,0.7722723,-2.090021
RIPS,669.4661,-1.068467,0.7722676,-2.090071
RIPS,669.4752,-1.068346,0.7721917,-2.089951
RIPS,669.483,-1.068354,0.7723212,-2.089956
RIPS,669.4913,-1.0679,0.7722922,-2.089636
RIPS,669.5003,-1.067903,0.7723678,-2.089695
RIPS,669.5083,-1.068104,0.7725152,-2.09007
RIPS,669.5164,-1.068112,0.772504,-2.090123
RIPS,669.5256,-1.068163,0.7724673,-2.090236
RIPS,669.5339,-1.068056,0.7722879,-2.089972
RIPS,669.5415,-1.068097,0.772235,-2.090057
RIPS,669.55,-1.068484,0.7723132,-2.090559
RIPS,669.5585,-1.068495,0.7723253,-2.090595
RIPS,669.5665,-1.068388,0.7723666,-2.090503
RIPS,669.5751,-1.068375,0.7724722,-2.090447
RIPS,669.5833,-1.06839,0.7725502,-2.090424
RIPS,669.5916,-1.06802,0.772406,-2.090055
RIPS,669.6011,-1.068023,0.7724506,-2.090053
RIPS,669.6084,-1.067999,0.7724392,-2.089814
RIPS,669.6166,-1.068027,0.7724276,-2.089851
RIPS,669.6253,-1.068096,0.7723635,-2.089964
RIPS,669.6334,-1.068493,0.7724355,-2.090246
RIPS,669.6425,-1.068518,0.7724372,-2.090204
RIPS,669.6498,-1.068184,0.7723096,-2.089641
RIPS,669.6588,-1.068195,0.7723401,-2.089617
RIPS,669.6669,-1.067864,0.7722888,-2.089105
RIPS,669.6764,-1.067871,0.7723495,-2.089122
RIPS,669.6841,-1.067918,0.7724292,-2.089089
RIPS,669.6934,-1.067501,0.7722999,-2.088635
RIPS,669.7003,-1.067509,0.772338,-2.088571
RIPS,669.7084,-1.067235,0.7722259,-2.088129
RIPS,669.7167,-1.067223,0.7722129,-2.088058
RIPS,669.7256,-1.06719,0.7721627,-2.088055
RIPS,669.7333,-1.067125,0.7721172,-2.087875
RIPS,669.7419,-1.067074,0.7721664,-2.087778
RIPS,669.7498,-1.066765,0.7721159,-2.087345
RIPS,669.7589,-1.06673,0.7721627,-2.087306
RIPS,669.7667,-1.066675,0.7722585,-2.087174
RIPS,669.7753,-1.06653,0.7722359,-2.086925
RIPS,669.7835,-1.066533,0.7721953,-2.08696
RIPS,669.7929,-1.066574,0.7722835,-2.087106
RIPS,669.8007,-1.066604,0.772321,-2.087152
RIPS,669.8085,-1.066419,0.7722567,-2.087062
RIPS,669.8171,-1.066432,0.7723113,-2.087064
RIPS,669.8252,-1.0664,0.7723163,-2.087113
RIPS,669.8336,-1.066385,0.7722959,-2.087206
RIPS,669.8422,-1.066337,0.7722795,-2.087128
RIPS,669.8522,-1.065894,0.7721376,-2.086523
RIPS,669.8625,-1.065876,0.7721234,-2.086431
RIPS,669.868,-1.065483,0.772059,-2.085877
RIPS,669.8735,-1.065453,0.7720575,-2.085955
RIPS,669.881,-1.065402,0.7721165,-2.085932
RIPS,669.8895,-1.065585,0.7722918,-2.086436
RIPS,669.8978,-1.065555,0.7723019,-2.086571
RIPS,669.9059,-1.065532,0.7722665,-2.086756
RIPS,669.9143,-1.065891,0.7723387,-2.087235
RIPS,669.9236,-1.065936,0.772244,-2.087337
RIPS,669.931,-1.066046,0.7721471,-2.087271
RIPS,669.9392,-1.066079,0.7720976,-2.087154
RIPS,669.9479,-1.066474,0.7722201,-2.087648
RIPS,669.9569,-1.066516,0.7722021,-2.087639
RIPS,669.9645,-1.066896,0.7724388,-2.087892
RIPS,669.9726,-1.066923,0.7724139,-2.087904
RIPS,669.9811,-1.066984,0.7723965,-2.088028
RIPS,669.9907,-1.067199,0.7726543,-2.088403
RIPS,669.998,-1.06723,0.7727608,-2.088453
RIPS,670.0063,-1.067051,0.7727647,-2.088437
RIPS,670.0144,-1.067069,0.7727754,-2.08848
RIPS,670.0226,-1.067034,0.7726893,-2.088442
RIPS,670.0307,-1.06729,0.7728488,-2.088581
RIPS,670.0393,-1.067282,0.7726718,-2.088385
RIPS,670.0475,-1.067286,0.7727467,-2.088116
RIPS,670.0563,-1.066967,0.7725807,-2.087271
RIPS,670.0647,-1.067001,0.7727518,-2.08709
RIPS,670.0728,-1.066813,0.7728636,-2.086843
RIPS,670.0812,-1.066887,0.7730492,-2.08675
RIPS,670.0897,-1.066937,0.7732688,-2.086791
RIPS,670.0978,-1.067035,0.7735,-2.086593
RIPS,670.1059,-1.067093,0.7735897,-2.086435
RIPS,670.1143,-1.066936,0.7736828,-2.085798
RIPS,670.123,-1.066913,0.7737922,-2.085382
RIPS,670.131,-1.066764,0.7739693,-2.084967
RIPS,670.14,-1.066685,0.774168,-2.084363
RIPS,670.148,-1.066217,0.7744886,-2.083576
RIPS,670.1571,-1.066119,0.7747662,-2.083128
RIPS,670.1647,-1.06569,0.7753246,-2.081719
RIPS,670.1736,-1.065601,0.7761888,-2.080287
RIPS,670.1816,-1.065519,0.7773982,-2.078668
RIPS,670.1903,-1.065713,0.7779736,-2.078891
RIPS,670.1999,-1.065692,0.7785433,-2.078958
RIPS,670.2072,-1.065724,0.7790604,-2.07896
RIPS,670.2159,-1.065706,0.7795756,-2.078916
RIPS,670.2243,-1.065728,0.779959,-2.07876
RIPS,670.2327,-1.065683,0.7802409,-2.078637
RIPS,670.2412,-1.065615,0.7803572,-2.078471
RIPS,670.2497,-1.065871,0.7806511,-2.078405
RIPS,670.2589,-1.065834,0.7807791,-2.078268
RIPS,670.2668,-1.065503,0.7807187,-2.07806
RIPS,670.2759,-1.065451,0.7805622,-2.077926
RIPS,670.2834,-1.065179,0.7803254,-2.07775
RIPS,670.2916,-1.065106,0.7802158,-2.077577
RIPS,670.3008,-1.065032,0.7803096,-2.077415
RIPS,670.3083,-1.065222,0.7804223,-2.077388
RIPS,670.3165,-1.065155,0.7805947,-2.077259
RIPS,670.325,-1.064964,0.7807165,-2.076943
RIPS,670.3336,-1.064946,0.78076,-2.076727
RIPS,670.3417,-1.06494,0.7807014,-2.076472
RIPS,670.3497,-1.064937,0.780875,-2.07618
RIPS,670.3585,-1.064918,0.7807615,-2.07585
RIPS,670.3665,-1.064764,0.7808142,-2.075434
RIPS,670.3753,-1.064738,0.7811349,-2.075044
RIPS,670.3832,-1.064756,0.7815663,-2.074619
RIPS,670.392,-1.064817,0.782053,-2.074113
RIPS,670.401,-1.064805,0.782288,-2.073613
RIPS,670.4084,-1.064961,0.7823629,-2.073381
RIPS,670.4166,-1.064936,0.7822887,-2.072979
RIPS,670.4248,-1.064497,0.7822306,-2.072341
RIPS,670.4335,-1.064478,0.7819267,-2.071947
RIPS,670.4415,-1.064459,0.781718,-2.071491
RIPS,670.45,-1.064277,0.7814417,-2.071033
RIPS,670.46,-1.064232,0.7812477,-2.070518
RIPS,670.4664,-1.063735,0.7810647,-2.069727
RIPS,670.4761,-1.063818,0.7800175,-2.072094
RIPS,670.4834,-1.063451,0.7796854,-2.072234
RIPS,670.4913,-1.06346,0.7796256,-2.072757
RIPS,670.4999,-1.063401,0.7797807,-2.073215
RIPS,670.5084,-1.063034,0.7796854,-2.072799
RIPS,670.5165,-1.062926,0.7797754,-2.07281
RIPS,670.5255,-1.06275,0.7798047,-2.072562
RIPS,670.5334,-1.062616,0.779734,-2.072358
RIPS,670.5419,-1.062479,0.7796246,-2.072114
RIPS,670.5498,-1.062259,0.7796932,-2.071968
RIPS,670.5585,-1.062105,0.7799542,-2.07167
RIPS,670.5664,-1.062021,0.7803756,-2.071421
RIPS,670.5751,-1.061886,0.780793,-2.070888
RIPS,670.5831,-1.061529,0.7810015,-2.070058
RIPS,670.5924,-1.06141,0.7813869,-2.069463
RIPS,670.5995,-1.061348,0.7817047,-2.068831
RIPS,670.6082,-1.061362,0.7819104,-2.068163
RIPS,670.6168,-1.061313,0.7820759,-2.067549
RIPS,670.6247,-1.061086,0.7822081,-2.066799
RIPS,670.6334,-1.060999,0.7824438,-2.066194
RIPS,670.6422,-1.060892,0.7827806,-2.065619
RIPS,670.6498,-1.060558,0.7832726,-2.064837
RIPS,670.6588,-1.060443,0.7840263,-2.064108
RIPS,670.6665,-1.060291,0.7845554,-2.063399
RIPS,670.6766,-1.060168,0.7849938,-2.062693
RIPS,670.6862,-1.060041,0.7852335,-2.062058
RIPS,670.6926,-1.060433,0.7856708,-2.061776
RIPS,670.6997,-1.060271,0.7858183,-2.061024
RIPS,670.7083,-1.060169,0.7857442,-2.060497
RIPS,670.7166,-1.060018,0.7856937,-2.059951
RIPS,670.7254,-1.059886,0.7858416,-2.059345
RIPS,670.7333,-1.059864,0.7861845,-2.058892
RIPS,670.7417,-1.059876,0.7866099,-2.058382
RIPS,670.7504,-1.060035,0.7872655,-2.057816
RIPS,670.7589,-1.060263,0.7878271,-2.057436
RIPS,670.7672,-1.060364,0.7881519,-2.056923
RIPS,670.775,-1.06053,0.7882683,-2.05657
RIPS,670.784,-1.060719,0.7881376,-2.056389
RIPS,670.7931,-1.060653,0.7877982,-2.056031
RIPS,670.8006,-1.060686,0.7877148,-2.055768
RIPS,670.8084,-1.060627,0.7876943,-2.055357
RIPS,670.8168,-1.060649,0.787864,-2.055059
RIPS,670.8249,-1.060585,0.7881299,-2.054714
RIPS,670.8347,-1.060625,0.7884996,-2.054398
RIPS,670.8429,-1.060709,0.7889398,-2.054104
RIPS,670.8504,-1.06081,0.7894755,-2.053729
RIPS,670.8586,-1.060869,0.7897793,-2.053431
RIPS,670.8666,-1.061024,0.7891831,-2.055111
RIPS,670.8759,-1.061065,0.7892084,-2.055417
RIPS,670.8836,-1.061123,0.7892521,-2.055686
RIPS,670.8919,-1.061161,0.7893553,-2.05574
RIPS,670.8998,-1.061116,0.7892243,-2.055349
RIPS,670.9083,-1.061141,0.7889993,-2.055125
RIPS,670.9177,-1.061155,0.7887399,-2.054899
RIPS,670.9252,-1.061012,0.7885747,-2.054852
RIPS,670.9333,-1.060989,0.78848,-2.054965
RIPS,670.9425,-1.060652,0.7882535,-2.054818
RIPS,670.9498,-1.060739,0.7882277,-2.054949
RIPS,670.9586,-1.060874,0.7880565,-2.054878
RIPS,670.9663,-1.061193,0.7880402,-2.055032
RIPS,670.9749,-1.061222,0.787995,-2.055125
RIPS,670.9834,-1.061312,0.7882224,-2.055263
RIPS,670.9917,-1.061349,0.7883699,-2.055372
RIPS,670.9998,-1.061422,0.7888771,-2.055777
RIPS,671.0087,-1.061494,0.7892706,-2.056135
RIPS,671.0169,-1.061626,0.7894528,-2.056217
RIPS,671.0249,-1.061647,0.7896006,-2.05646
RIPS,671.033,-1.061717,0.7894357,-2.056661
RIPS,671.0416,-1.061831,0.7891469,-2.056738
RIPS,671.05,-1.06181,0.789062,-2.05703
RIPS,671.0583,-1.061838,0.78886,-2.057117
RIPS,671.0662,-1.061852,0.7887055,-2.057214
RIPS,671.0756,-1.061877,0.7887478,-2.057279
RIPS,671.0837,-1.061804,0.7889415,-2.057401
RIPS,671.0916,-1.061855,0.789217,-2.057407
RIPS,671.0997,-1.061802,0.7895313,-2.057256
RIPS,671.1081,-1.061695,0.7898709,-2.057229
RIPS,671.1174,-1.061706,0.7901803,-2.057127
RIPS,671.1245,-1.061783,0.7902994,-2.057397
RIPS,671.1334,-1.061844,0.7897751,-2.058879
RIPS,671.1422,-1.061867,0.7894023,-2.060308
RIPS,671.1494,-1.061939,0.7893596,-2.060101
RIPS,671.1587,-1.061939,0.789117,-2.060396
RIPS,671.1664,-1.061982,0.7890579,-2.05971
RIPS,671.1746,-1.061991,0.7890192,-2.059561
RIPS,671.1831,-1.061969,0.7893834,-2.058103
RIPS,671.191,-1.061958,0.7898201,-2.056732
RIPS,671.1997,-1.06179,0.7897417,-2.056368
RIPS,671.2086,-1.061665,0.7899324,-2.056381
RIPS,671.2168,-1.061662,0.7898799,-2.0567
RIPS,671.2247,-1.061592,0.7894792,-2.057948
RIPS,671.2338,-1.061596,0.7892754,-2.058577
RIPS,671.2418,-1.061657,0.789073,-2.058808
RIPS,671.2499,-1.061663,0.7888769,-2.059309
RIPS,671.2582,-1.061625,0.788693,-2.05959
RIPS,671.267,-1.06169,0.7885516,-2.059713
RIPS,671.2755,-1.061665,0.7884325,-2.059595
RIPS,671.2828,-1.061736,0.7882745,-2.060065
RIPS,671.2914,-1.06181,0.7879251,-2.06096
RIPS,671.2999,-1.061863,0.7876968,-2.0618
RIPS,671.308,-1.061879,0.7875406,-2.062459
RIPS,671.3176,-1.061931,0.7875827,-2.06262
RIPS,671.325,-1.061892,0.7876391,-2.062556
RIPS,671.3331,-1.061889,0.787706,-2.062088
RIPS,671.3423,-1.061898,0.7877471,-2.061898
RIPS,671.3496,-1.061908,0.7877223,-2.061343
RIPS,671.3588,-1.061942,0.7876999,-2.061289
RIPS,671.3672,-1.06192,0.7875996,-2.061706
RIPS,671.3746,-1.061864,0.7873982,-2.062086
RIPS,671.3828,-1.061867,0.7872897,-2.062679
RIPS,671.392,-1.061789,0.7871088,-2.063711
RIPS,671.4019,-1.061758,0.7870078,-2.064281
RIPS,671.4119,-1.061742,0.7869546,-2.064501
RIPS,671.4171,-1.061732,0.7870264,-2.064725
RIPS,671.4232,-1.061574,0.7870778,-2.065022
RIPS,671.4305,-1.06158,0.7870206,-2.065045
RIPS,671.4396,-1.061559,0.7869308,-2.064981
RIPS,671.4473,-1.061673,0.7867423,-2.064771
RIPS,671.4557,-1.061685,0.786639,-2.064708
RIPS,671.4639,-1.061652,0.7865552,-2.064767
RIPS,671.4731,-1.06158,0.7864287,-2.064849
RIPS,671.4809,-1.061531,0.7863628,-2.064831
RIPS,671.4893,-1.061498,0.7863289,-2.064828
RIPS,671.4972,-1.061626,0.7862617,-2.065361
RIPS,671.5056,-1.061758,0.7862412,-2.065557
RIPS,671.5156,-1.061963,0.786426,-2.066148
RIPS,671.5225,-1.062097,0.7864705,-2.066428
RIPS,671.5305,-1.062187,0.7866098,-2.066254
RIPS,671.5396,-1.062159,0.7867208,-2.065938
RIPS,671.5481,-1.062174,0.7868741,-2.065633
RIPS,671.5563,-1.062143,0.7869318,-2.064997
RIPS,671.5643,-1.062038,0.7870859,-2.064316
RIPS,671.5722,-1.062047,0.7871046,-2.063861
RIPS,671.5811,-1.062034,0.7870831,-2.063353
RIPS,671.5892,-1.062086,0.7870634,-2.063009
RIPS,671.5975,-1.06227,0.7871202,-2.063076
RIPS,671.606,-1.062346,0.787117,-2.06312
RIPS,671.6143,-1.062448,0.7871562,-2.063316
RIPS,671.6225,-1.062444,0.7871271,-2.0636
RIPS,671.635,-1.062485,0.7871879,-2.063573
RIPS,671.6423,-1.062563,0.7873048,-2.063319
RIPS,671.6474,-1.062514,0.7876481,-2.062622
RIPS,671.6559,-1.062581,0.7879242,-2.062002
RIPS,671.6641,-1.062606,0.7882352,-2.06116
RIPS,671.6732,-1.062652,0.7886632,-2.060013
RIPS,671.6818,-1.062768,0.7894078,-2.057954
RIPS,671.6893,-1.062808,0.7890894,-2.057992
RIPS,671.6984,-1.062884,0.7887915,-2.058228
RIPS,671.7065,-1.062969,0.7884262,-2.058205
RIPS,671.7162,-1.062886,0.7881139,-2.058328
RIPS,671.7232,-1.062919,0.7878812,-2.05846
RIPS,671.7317,-1.062952,0.7878507,-2.058841
RIPS,671.7402,-1.062921,0.7877586,-2.05899
RIPS,671.7486,-1.062996,0.7876607,-2.059151
RIPS,671.7578,-1.06302,0.7876111,-2.059155
RIPS,671.7657,-1.063126,0.7875944,-2.059409
RIPS,671.7741,-1.063193,0.7874536,-2.059722
RIPS,671.7827,-1.063286,0.7873806,-2.059995
RIPS,671.7911,-1.063422,0.7873273,-2.060289
RIPS,671.7996,-1.063465,0.7871129,-2.060616
RIPS,671.8085,-1.063405,0.7869321,-2.060865
RIPS,671.8165,-1.063259,0.7866051,-2.06108
RIPS,671.8252,-1.063379,0.7862353,-2.06081
RIPS,671.8338,-1.063401,0.785886,-2.061137
RIPS,671.8412,-1.063412,0.7858115,-2.060939
RIPS,671.8507,-1.063518,0.7853278,-2.061285
RIPS,671.8585,-1.063574,0.7848952,-2.061883
RIPS,671.8663,-1.063565,0.7846606,-2.06274
RIPS,671.8751,-1.063696,0.7838084,-2.064769
RIPS,671.8833,-1.063679,0.7833335,-2.066014
RIPS,671.8917,-1.063792,0.7827995,-2.067512
RIPS,671.9,-1.063843,0.7822497,-2.068734
RIPS,671.9088,-1.063853,0.7818399,-2.069671
RIPS,671.9201,-1.063889,0.7813886,-2.070714
RIPS,671.9286,-1.063892,0.7810097,-2.071519
RIPS,671.9351,-1.063835,0.7805882,-2.072378
RIPS,671.9417,-1.063759,0.7802588,-2.073006
RIPS,671.9481,-1.063695,0.7798982,-2.07372
RIPS,671.9568,-1.063705,0.7787901,-2.075759
RIPS,671.9642,-1.063753,0.777712,-2.077726
RIPS,671.9727,-1.063863,0.777124,-2.078807
RIPS,671.9808,-1.063977,0.7766175,-2.079794
RIPS,671.9891,-1.064134,0.7763113,-2.08027
RIPS,671.9972,-1.06424,0.775947,-2.080852
RIPS,672.0064,-1.064466,0.7757027,-2.081071
RIPS,672.0203,-1.064598,0.7758747,-2.080535
RIPS,672.0311,-1.064855,0.7760488,-2.079797
RIPS,672.0394,-1.064898,0.7757531,-2.080277
RIPS,672.0474,-1.064995,0.7752752,-2.081069
RIPS,672.0558,-1.065011,0.7750869,-2.081582
RIPS,672.064,-1.065061,0.7749069,-2.082026
RIPS,672.0734,-1.065123,0.7747304,-2.082504
RIPS,672.0811,-1.065141,0.7745295,-2.08291
RIPS,672.0891,-1.065138,0.7743012,-2.08326
RIPS,672.0975,-1.065231,0.7739596,-2.083534
RIPS,672.1057,-1.065312,0.7737109,-2.083648
RIPS,672.1147,-1.065328,0.7737061,-2.083324
RIPS,672.1221,-1.065234,0.7738405,-2.082842
RIPS,672.1307,-1.065302,0.7733372,-2.083375
RIPS,672.1396,-1.065328,0.7728887,-2.083952
RIPS,672.1476,-1.065325,0.7723821,-2.084491
RIPS,672.1568,-1.065357,0.7719747,-2.085034
RIPS,672.1639,-1.065366,0.7716651,-2.085429
RIPS,672.1722,-1.06539,0.7715397,-2.085841
RIPS,672.1802,-1.065406,0.7715058,-2.086243
RIPS,672.1887,-1.06543,0.7715343,-2.086738
RIPS,672.1974,-1.065415,0.7715546,-2.087271
RIPS,672.2059,-1.065401,0.77155,-2.087747
RIPS,672.2141,-1.065363,0.7717538,-2.08824
RIPS,672.2224,-1.065236,0.7718096,-2.08875
RIPS,672.2302,-1.065241,0.7716352,-2.089138
RIPS,672.2392,-1.065215,0.7713226,-2.089535
RIPS,672.2469,-1.065221,0.7706534,-2.089639
RIPS,672.2558,-1.065228,0.7702152,-2.08989
RIPS,672.2637,-1.065148,0.7696679,-2.089872
RIPS,672.2728,-1.065091,0.7692127,-2.089849
RIPS,672.2804,-1.065149,0.769034,-2.090143
RIPS,672.2889,-1.064997,0.7689743,-2.090275
RIPS,672.2971,-1.065037,0.7689606,-2.090548
RIPS,672.3055,-1.064883,0.7690352,-2.09082
RIPS,672.3149,-1.064728,0.7691951,-2.090996
RIPS,672.3223,-1.064631,0.769249,-2.091231
RIPS,672.3306,-1.064516,0.769195,-2.091384
RIPS,672.3389,-1.064531,0.7691501,-2.091437
RIPS,672.3474,-1.064494,0.7688681,-2.091427
RIPS,672.3561,-1.064517,0.7684698,-2.091486
RIPS,672.3641,-1.064476,0.7683148,-2.091377
RIPS,672.372,-1.064437,0.7682776,-2.091067
RIPS,672.3806,-1.06439,0.7682736,-2.091064
RIPS,672.3893,-1.064349,0.7684073,-2.09096
RIPS,672.397,-1.064288,0.7685842,-2.091035
RIPS,672.4061,-1.064251,0.7686986,-2.091193
RIPS,672.4139,-1.064215,0.7688221,-2.091412
RIPS,672.4221,-1.064041,0.7688282,-2.091324
RIPS,672.4307,-1.063987,0.7688161,-2.09141
RIPS,672.4394,-1.063968,0.7688794,-2.091119
RIPS,672.4476,-1.063907,0.7688518,-2.090884
RIPS,672.4563,-1.063904,0.7689087,-2.090505
RIPS,672.4654,-1.063828,0.7690889,-2.089947
RIPS,672.4766,-1.063773,0.7691615,-2.089678
RIPS,672.4859,-1.063745,0.7692029,-2.089679
RIPS,672.4914,-1.063688,0.7690988,-2.090032
RIPS,672.4969,-1.063667,0.7690206,-2.090398
RIPS,672.5054,-1.063613,0.7689524,-2.09069
RIPS,672.5145,-1.063624,0.7688723,-2.091043
RIPS,672.5221,-1.063506,0.7688977,-2.090945
RIPS,672.5303,-1.063527,0.7688321,-2.090976
RIPS,672.539,-1.063418,0.7688057,-2.090777
RIPS,672.5474,-1.063454,0.768823,-2.090441
RIPS,672.5564,-1.06349,0.7688688,-2.090148
RIPS,672.5639,-1.063319,0.7690057,-2.08965
RIPS,672.572,-1.063379,0.769002,-2.089751
RIPS,672.5803,-1.06333,0.7689781,-2.089859
RIPS,672.5889,-1.063422,0.7689063,-2.090332
RIPS,672.5969,-1.063596,0.7688795,-2.090752
RIPS,672.6058,-1.063674,0.7688977,-2.090989
RIPS,672.6139,-1.063791,0.7688047,-2.091238
RIPS,672.6225,-1.063773,0.7687683,-2.090966
RIPS,672.6318,-1.063866,0.7685939,-2.090905
RIPS,672.6404,-1.063947,0.7684957,-2.090707
RIPS,672.6468,-1.064039,0.7684677,-2.090583
RIPS,672.6554,-1.064312,0.7684816,-2.090891
RIPS,672.6638,-1.064423,0.7684594,-2.091153
RIPS,672.6723,-1.064536,0.7686371,-2.091469
RIPS,672.6806,-1.064421,0.7687089,-2.091538
RIPS,672.6893,-1.064514,0.7688105,-2.091754
RIPS,672.6987,-1.064468,0.7688867,-2.091634
RIPS,672.7066,-1.064509,0.7688457,-2.09158
RIPS,672.7144,-1.064525,0.7687573,-2.091136
RIPS,672.7222,-1.064626,0.7687112,-2.090931
RIPS,672.7303,-1.064677,0.7686943,-2.090552
RIPS,672.739,-1.0648,0.7687761,-2.090131
RIPS,672.7472,-1.06484,0.7687582,-2.090099
RIPS,672.7563,-1.064907,0.7687352,-2.090385
RIPS,672.7639,-1.064806,0.7687489,-2.090778
RIPS,672.7728,-1.064815,0.7688653,-2.091073
RIPS,672.7806,-1.064638,0.7690473,-2.090799
RIPS,672.7894,-1.064651,0.7691469,-2.09089
RIPS,672.7977,-1.064684,0.7692364,-2.090818
RIPS,672.8063,-1.064721,0.7692196,-2.090636
RIPS,672.8149,-1.064728,0.7691537,-2.090363
RIPS,672.8233,-1.064816,0.7691228,-2.090294
RIPS,672.8318,-1.064824,0.7691044,-2.089783
RIPS,672.8406,-1.06484,0.7690077,-2.089981
RIPS,672.8486,-1.064843,0.7690027,-2.090029
RIPS,672.8574,-1.064862,0.768971,-2.090337
RIPS,672.8659,-1.064849,0.7690122,-2.090601
RIPS,672.8749,-1.064808,0.7690366,-2.09086
RIPS,672.8825,-1.064827,0.7691346,-2.090745
RIPS,672.8915,-1.064842,0.769136,-2.090783
RIPS,672.8993,-1.064833,0.7691855,-2.09067
RIPS,672.9074,-1.064858,0.7691612,-2.090666
RIPS,672.9168,-1.064846,0.7690336,-2.090555
RIPS,672.925,-1.064874,0.7690231,-2.090441
RIPS,672.9323,-1.064916,0.7689937,-2.09037
RIPS,672.941,-1.065157,0.7690082,-2.090449
RIPS,672.9495,-1.06517,0.7691107,-2.090546
RIPS,672.9586,-1.065225,0.7691724,-2.090629
RIPS,672.9663,-1.065443,0.7693888,-2.090939
RIPS,672.9745,-1.065429,0.769505,-2.090943
RIPS,672.9828,-1.065336,0.7696629,-2.090996
RIPS,672.9911,-1.065326,0.7696968,-2.090917
RIPS,672.9998,-1.065289,0.7697707,-2.091096
RIPS,673.0087,-1.065315,0.7696984,-2.090983
RIPS,673.0159,-1.065326,0.7695785,-2.091055
RIPS,673.0243,-1.065071,0.7694762,-2.090701
RIPS,673.0333,-1.065096,0.769509,-2.090761
RIPS,673.0411,-1.065147,0.7695356,-2.090795
RIPS,673.0492,-1.06518,0.7697239,-2.09087
RIPS,673.0577,-1.065076,0.7697322,-2.090535
RIPS,673.0662,-1.06512,0.7699322,-2.090465
RIPS,673.0754,-1.065144,0.7700332,-2.090412
RIPS,673.0829,-1.064957,0.7700107,-2.08996
RIPS,673.0914,-1.065004,0.7698613,-2.089743
RIPS,673.1001,-1.065068,0.7698993,-2.089377
RIPS,673.1078,-1.065128,0.7698847,-2.089224
RIPS,673.1166,-1.065299,0.7700323,-2.089368
RIPS,673.1246,-1.065297,0.7700737,-2.089275
RIPS,673.1329,-1.065356,0.7701739,-2.089345
RIPS,673.1421,-1.065232,0.7701433,-2.089276
RIPS,673.1492,-1.065229,0.7704376,-2.089282
RIPS,673.1586,-1.06552,0.7707033,-2.089475
RIPS,673.166,-1.065551,0.7709543,-2.089382
RIPS,673.1743,-1.065557,0.7710983,-2.089265
RIPS,673.1826,-1.065527,0.7711708,-2.088971
RIPS,673.191,-1.065585,0.7711564,-2.088753
RIPS,673.1992,-1.065465,0.7710132,-2.088357
RIPS,673.2081,-1.065519,0.7709776,-2.088274
RIPS,673.2158,-1.065595,0.7708851,-2.088209
RIPS,673.2244,-1.065647,0.7708141,-2.088255
RIPS,673.2328,-1.065694,0.7708735,-2.088226
RIPS,673.2411,-1.065716,0.77083,-2.088264
RIPS,673.2493,-1.065732,0.770938,-2.088142
RIPS,673.258,-1.065607,0.7710255,-2.087796
RIPS,673.2661,-1.065657,0.7711847,-2.087703
RIPS,673.2748,-1.065717,0.7714174,-2.087555
RIPS,673.2827,-1.065764,0.7717211,-2.08745
RIPS,673.291,-1.065833,0.7720214,-2.087338
RIPS,673.2993,-1.065731,0.7724378,-2.087322
RIPS,673.3077,-1.065742,0.7725697,-2.087163
RIPS,673.3167,-1.065665,0.7724782,-2.0869
RIPS,673.3241,-1.065662,0.7722889,-2.086661
RIPS,673.3323,-1.065663,0.7721249,-2.086498
RIPS,673.3417,-1.065677,0.771951,-2.086445
RIPS,673.3495,-1.065688,0.7719428,-2.086431
RIPS,673.3581,-1.065792,0.7720429,-2.08639
RIPS,673.366,-1.065791,0.7723423,-2.086254
RIPS,673.3741,-1.065684,0.7727819,-2.086064
RIPS,673.3824,-1.065658,0.7731033,-2.085882
RIPS,673.3915,-1.065637,0.7734582,-2.085777
RIPS,673.4011,-1.065583,0.7735029,-2.085488
RIPS,673.4138,-1.065588,0.7735004,-2.0853
RIPS,673.419,-1.065474,0.7729331,-2.08489
RIPS,673.4246,-1.065504,0.7730357,-2.084737
RIPS,673.4302,-1.065573,0.7729085,-2.084503
RIPS,673.4392,-1.065585,0.7728868,-2.084131
RIPS,673.447,-1.065603,0.7729313,-2.083888
RIPS,673.4556,-1.06581,0.773239,-2.083784
RIPS,673.4637,-1.06581,0.7735397,-2.083519
RIPS,673.4722,-1.065776,0.7738708,-2.083342
RIPS,673.4807,-1.065974,0.7742767,-2.083368
RIPS,673.4887,-1.065994,0.7744315,-2.083362
RIPS,673.4969,-1.066197,0.7745245,-2.083437
RIPS,673.5056,-1.066281,0.7741821,-2.083372
RIPS,673.5142,-1.066324,0.7741165,-2.08342
RIPS,673.5221,-1.06641,0.7738179,-2.083348
RIPS,673.5302,-1.066447,0.7737266,-2.083249
RIPS,673.5389,-1.066626,0.7739877,-2.083495
RIPS,673.5475,-1.066661,0.7740872,-2.083481
RIPS,673.556,-1.066534,0.7743441,-2.083389
RIPS,673.5637,-1.066499,0.7745648,-2.083443
RIPS,673.5719,-1.066417,0.7747426,-2.083548
RIPS,673.5803,-1.066376,0.7748057,-2.083602
RIPS,673.5888,-1.066286,0.7748373,-2.083858
RIPS,673.597,-1.066326,0.7745292,-2.084243
RIPS,673.6058,-1.066205,0.7744924,-2.084433
RIPS,673.6138,-1.066357,0.773946,-2.084804
RIPS,673.622,-1.066339,0.7734171,-2.08484
RIPS,673.6309,-1.066604,0.773066,-2.084891
RIPS,673.6395,-1.066502,0.772926,-2.084631
RIPS,673.647,-1.066621,0.7728338,-2.084655
RIPS,673.6555,-1.066737,0.772956,-2.084611
RIPS,673.6636,-1.06643,0.7733519,-2.084434
RIPS,673.6724,-1.066253,0.7737114,-2.084329
RIPS,673.6804,-1.065909,0.7741253,-2.084297
RIPS,673.6893,-1.065535,0.7743235,-2.084228
RIPS,673.697,-1.065104,0.774345,-2.084193
RIPS,673.7067,-1.06478,0.7742378,-2.084209
RIPS,673.7188,-1.064466,0.7738807,-2.084194
RIPS,673.7288,-1.064358,0.7731829,-2.084118
RIPS,673.734,-1.064079,0.7728581,-2.08387
RIPS,673.7407,-1.063923,0.7728839,-2.083756
RIPS,673.747,-1.063898,0.77268,-2.083643
RIPS,673.7566,-1.063918,0.772761,-2.083627
RIPS,673.7637,-1.063826,0.7729458,-2.083472
RIPS,673.7719,-1.063741,0.7732549,-2.08338
RIPS,673.7804,-1.063765,0.7737216,-2.083409
RIPS,673.7888,-1.063629,0.7740576,-2.083292
RIPS,673.7971,-1.063365,0.7741494,-2.083161
RIPS,673.8058,-1.063179,0.7740339,-2.08317
RIPS,673.8136,-1.06296,0.7736982,-2.083049
RIPS,673.8221,-1.062884,0.7734422,-2.083135
RIPS,673.8306,-1.062805,0.7731854,-2.083247
RIPS,673.8389,-1.06274,0.7730525,-2.083145
RIPS,673.8471,-1.062642,0.7727992,-2.083223
RIPS,673.8555,-1.062513,0.7726278,-2.083042
RIPS,673.864,-1.062468,0.7725746,-2.083012
RIPS,673.8748,-1.062389,0.7725274,-2.083103
RIPS,673.8853,-1.062238,0.7724671,-2.083268
RIPS,673.8909,-1.062181,0.7724731,-2.083491
RIPS,673.8967,-1.062208,0.7724683,-2.083837
RIPS,673.9052,-1.06212,0.772523,-2.08408
RIPS,673.9146,-1.06207,0.7725143,-2.084256
RIPS,673.9222,-1.062016,0.772635,-2.084347
RIPS,673.9304,-1.061936,0.7727142,-2.084332
RIPS,673.939,-1.061888,0.7727668,-2.08442
RIPS,673.9471,-1.061761,0.7728232,-2.084564
RIPS,673.9562,-1.061571,0.7728789,-2.084651
RIPS,673.9637,-1.061408,0.772795,-2.084685
RIPS,673.9719,-1.060882,0.7723932,-2.084249
RIPS,673.9802,-1.060726,0.772368,-2.084136
RIPS,673.9887,-1.060591,0.7723916,-2.083985
RIPS,673.9969,-1.0604,0.7722038,-2.083742
RIPS,674.0054,-1.060309,0.7719183,-2.083619
RIPS,674.0143,-1.060337,0.7716672,-2.083576
RIPS,674.0222,-1.060339,0.771468,-2.083442
RIPS,674.0302,-1.060302,0.7713461,-2.083331
RIPS,674.0387,-1.059989,0.7711616,-2.082897
RIPS,674.047,-1.059752,0.7714683,-2.082591
RIPS,674.0552,-1.059738,0.7718332,-2.082412
RIPS,674.0638,-1.059678,0.7721743,-2.082247
RIPS,674.0729,-1.059606,0.7723956,-2.082085
RIPS,674.0805,-1.059395,0.7723917,-2.081965
RIPS,674.0884,-1.059306,0.7722878,-2.081927
RIPS,674.0972,-1.059285,0.7720945,-2.082046
RIPS,674.1052,-1.0593,0.7718379,-2.082191
RIPS,674.1143,-1.059579,0.7719018,-2.082461
RIPS,674.1221,-1.059687,0.7718673,-2.082457
RIPS,674.1299,-1.059855,0.7719772,-2.082409
RIPS,674.1394,-1.059901,0.7721222,-2.082374
RIPS,674.1468,-1.060146,0.7722283,-2.082412
RIPS,674.1561,-1.060526,0.7723883,-2.082544
RIPS,674.1635,-1.060638,0.7722862,-2.082553
RIPS,674.1724,-1.060419,0.771957,-2.082343
RIPS,674.1799,-1.060349,0.7719384,-2.082391
RIPS,674.1888,-1.060248,0.7719946,-2.082436
RIPS,674.1968,-1.060284,0.7722618,-2.082654
RIPS,674.2057,-1.060116,0.772411,-2.082626
RIPS,674.2139,-1.060137,0.7726635,-2.082679
RIPS,674.2224,-1.060068,0.7728757,-2.082622
RIPS,674.2307,-1.060094,0.7729951,-2.082639
RIPS,674.2397,-1.060145,0.773025,-2.082567
RIPS,674.2477,-1.060292,0.7729625,-2.082483
RIPS,674.2563,-1.060407,0.7728255,-2.082337
RIPS,674.2653,-1.060556,0.7727165,-2.082195
RIPS,674.2743,-1.060677,0.7725928,-2.082005
RIPS,674.282,-1.060788,0.7725148,-2.08179
RIPS,674.2904,-1.0607,0.7725438,-2.081564
RIPS,674.2991,-1.060609,0.7724116,-2.081259
RIPS,674.3074,-1.060725,0.7724938,-2.081077
RIPS,674.3168,-1.060526,0.7724408,-2.080667
RIPS,674.3243,-1.060543,0.7725341,-2.080541
RIPS,674.3325,-1.060972,0.7729236,-2.080921
RIPS,674.3417,-1.060929,0.7729654,-2.080795
RIPS,674.3493,-1.060847,0.772988,-2.080674
RIPS,674.358,-1.06107,0.7731082,-2.080872
RIPS,674.3655,-1.060992,0.7730897,-2.080862
RIPS,674.374,-1.060621,0.7727467,-2.080403
RIPS,674.3826,-1.060607,0.7726959,-2.080395
RIPS,674.3908,-1.060594,0.7726677,-2.080368
RIPS,674.3988,-1.060847,0.7727293,-2.080547
RIPS,674.4079,-1.060936,0.7727867,-2.080621
RIPS,674.4155,-1.060921,0.7728956,-2.080532
RIPS,674.4241,-1.061015,0.7729729,-2.08065
RIPS,674.4323,-1.06114,0.7730584,-2.080818
RIPS,674.4411,-1.06119,0.7730977,-2.080963
RIPS,674.4489,-1.061241,0.7731447,-2.081027
RIPS,674.4574,-1.06147,0.7731996,-2.081551
RIPS,674.4657,-1.061544,0.7732425,-2.081646
RIPS,674.4755,-1.061679,0.773208,-2.081851
RIPS,674.4822,-1.061835,0.7731447,-2.082004
RIPS,674.4908,-1.061973,0.7730771,-2.082214
RIPS,674.4988,-1.06202,0.7728963,-2.082186
RIPS,674.5075,-1.062136,0.7727336,-2.082376
RIPS,674.5169,-1.062049,0.7726396,-2.082278
RIPS,674.5241,-1.062128,0.7724848,-2.082454
RIPS,674.5323,-1.062122,0.7722914,-2.082493
RIPS,674.5408,-1.062232,0.7721962,-2.082678
RIPS,674.549,-1.062405,0.7721163,-2.082921
RIPS,674.5579,-1.06286,0.7721391,-2.08366
RIPS,674.5654,-1.063061,0.7721037,-2.083868
RIPS,674.5741,-1.063287,0.7720391,-2.084208
RIPS,674.5822,-1.063479,0.7719116,-2.08441
RIPS,674.5906,-1.063483,0.7718733,-2.084287
RIPS,674.5989,-1.06364,0.7717366,-2.084321
RIPS,674.6077,-1.063763,0.7716486,-2.084362
RIPS,674.6154,-1.0638,0.7716022,-2.084361
RIPS,674.6239,-1.06387,0.7715562,-2.084463
RIPS,674.6323,-1.063953,0.7715346,-2.084659
RIPS,674.6425,-1.063984,0.7715474,-2.084908
RIPS,674.6486,-1.064058,0.7715513,-2.08558
RIPS,674.6571,-1.064079,0.7715781,-2.085901
RIPS,674.6655,-1.064116,0.7716001,-2.086231
RIPS,674.6743,-1.064112,0.7715299,-2.086575
RIPS,674.6823,-1.064139,0.7715021,-2.086815
RIPS,674.6909,-1.064017,0.7714661,-2.086614
RIPS,674.6987,-1.064039,0.7714288,-2.086595
RIPS,674.7073,-1.064079,0.7714297,-2.086445
RIPS,674.7169,-1.064476,0.771409,-2.086942
RIPS,674.7241,-1.06452,0.7713569,-2.086908
RIPS,674.7321,-1.064733,0.7712361,-2.087436
RIPS,674.7408,-1.064788,0.7711662,-2.087563
RIPS,674.7489,-1.064855,0.771094,-2.087841
RIPS,674.7578,-1.064921,0.7709981,-2.088001
RIPS,674.7655,-1.064966,0.7709036,-2.088245
RIPS,674.7741,-1.064972,0.7708056,-2.088334
RIPS,674.7824,-1.065001,0.7706735,-2.088388
RIPS,674.7905,-1.064886,0.7705178,-2.088104
RIPS,674.7988,-1.064945,0.7703975,-2.08802
RIPS,674.8106,-1.064999,0.7702816,-2.088012
RIPS,674.8184,-1.064896,0.7701708,-2.08802
RIPS,674.8237,-1.064974,0.7701285,-2.088217
RIPS,674.8307,-1.065019,0.7701818,-2.088477
RIPS,674.8398,-1.065082,0.7702142,-2.088726
RIPS,674.8475,-1.065129,0.7702664,-2.08887
RIPS,674.8561,-1.065444,0.7703022,-2.089201
RIPS,674.8642,-1.065501,0.7703345,-2.089166
RIPS,674.8731,-1.065722,0.7703934,-2.089104
RIPS,674.8812,-1.065762,0.7704066,-2.088957
RIPS,674.8898,-1.065808,0.7704989,-2.088667
RIPS,674.8976,-1.065745,0.7704926,-2.087928
RIPS,674.906,-1.065775,0.7705439,-2.087893
RIPS,674.9167,-1.065775,0.7704741,-2.088176
RIPS,674.924,-1.065792,0.7705009,-2.088442
RIPS,674.931,-1.065877,0.7705587,-2.08897
RIPS,674.9406,-1.065885,0.7706072,-2.089106
RIPS,674.9521,-1.065897,0.7706787,-2.089166
RIPS,674.9628,-1.066133,0.7707195,-2.089434
RIPS,674.9723,-1.065955,0.7705956,-2.088976
RIPS,674.9798,-1.066021,0.7705212,-2.088992
RIPS,674.9882,-1.066038,0.7704446,-2.088874
RIPS,674.9965,-1.065961,0.7703881,-2.089094
RIPS,675.0052,-1.066012,0.7703204,-2.089352
RIPS,675.0135,-1.065838,0.7702723,-2.089097
RIPS,675.0217,-1.065899,0.770228,-2.089401
RIPS,675.0302,-1.065929,0.7702443,-2.089512
RIPS,675.0385,-1.066245,0.7701426,-2.089567
RIPS,675.0466,-1.066284,0.7701099,-2.089581
RIPS,675.0551,-1.06653,0.7701172,-2.089593
RIPS,675.0632,-1.066549,0.7700711,-2.089429
RIPS,675.072,-1.066576,0.7701138,-2.089313
RIPS,675.0803,-1.066596,0.7702098,-2.089073
RIPS,675.0882,-1.06663,0.7702454,-2.089031
RIPS,675.0969,-1.066586,0.7703864,-2.089136
RIPS,675.1051,-1.066624,0.7705011,-2.089257
RIPS,675.1132,-1.066839,0.7706345,-2.089962
RIPS,675.122,-1.066847,0.7707193,-2.090047
RIPS,675.1298,-1.066944,0.7708179,-2.09011
RIPS,675.139,-1.066977,0.7708288,-2.090222
RIPS,675.147,-1.067023,0.7708889,-2.090219
RIPS,675.1556,-1.066883,0.771004,-2.090035
RIPS,675.1631,-1.066877,0.7710049,-2.089984
RIPS,675.1719,-1.066923,0.7709838,-2.090014
RIPS,675.1799,-1.066911,0.7710749,-2.089854
RIPS,675.1881,-1.066931,0.7710503,-2.089768
RIPS,675.1964,-1.066986,0.7710516,-2.089643
RIPS,675.2056,-1.067007,0.7711036,-2.089574
RIPS,675.2133,-1.067265,0.7711402,-2.090201
RIPS,675.2214,-1.067238,0.7711895,-2.09028
RIPS,675.2299,-1.067303,0.7712572,-2.09056
RIPS,675.2386,-1.067212,0.7712332,-2.090608
RIPS,675.2463,-1.067164,0.7713001,-2.09053
RIPS,675.2551,-1.067294,0.771391,-2.090394
RIPS,675.2634,-1.067284,0.7714028,-2.090289
RIPS,675.272,-1.066993,0.7713695,-2.089652
RIPS,675.28,-1.06698,0.7714909,-2.08935
RIPS,675.2881,-1.066752,0.7714834,-2.088908
RIPS,675.2967,-1.066798,0.7715417,-2.088751
RIPS,675.3049,-1.06685,0.7716573,-2.088877
RIPS,675.3135,-1.066898,0.7717034,-2.088906
RIPS,675.3219,-1.066908,0.7717993,-2.08889
RIPS,675.3297,-1.067012,0.7718953,-2.08906
RIPS,675.3388,-1.067007,0.7719388,-2.089026
RIPS,675.3472,-1.067011,0.7719839,-2.088948
RIPS,675.3565,-1.066633,0.772028,-2.088176
RIPS,675.3643,-1.066624,0.7721055,-2.088107
RIPS,675.373,-1.066471,0.7721632,-2.087574
RIPS,675.3813,-1.066459,0.7722527,-2.087478
RIPS,675.39,-1.066206,0.7722938,-2.086847
RIPS,675.3984,-1.066203,0.7723732,-2.086689
RIPS,675.4077,-1.066185,0.7724616,-2.086394
RIPS,675.4183,-1.066124,0.7724856,-2.085954
RIPS,675.4274,-1.066078,0.7725869,-2.085738
RIPS,675.4344,-1.065882,0.7726413,-2.085338
RIPS,675.4415,-1.065895,0.7726884,-2.085287
RIPS,675.4464,-1.065923,0.7727091,-2.085419
RIPS,675.455,-1.065969,0.7728155,-2.085919
RIPS,675.4631,-1.066042,0.7728466,-2.086146
RIPS,675.472,-1.066001,0.7729164,-2.085947
RIPS,675.4801,-1.066074,0.7729418,-2.085974
RIPS,675.4881,-1.066079,0.7729381,-2.085569
RIPS,675.4964,-1.066104,0.7729685,-2.085281
RIPS,675.5048,-1.066165,0.7729858,-2.085176
RIPS,675.5139,-1.066344,0.77297,-2.084951
RIPS,675.5217,-1.066366,0.7729678,-2.084786
RIPS,675.5297,-1.066374,0.7729522,-2.084718
RIPS,675.5384,-1.066426,0.7729946,-2.084662
RIPS,675.5467,-1.066498,0.7729799,-2.084746
RIPS,675.5558,-1.066433,0.7729257,-2.084775
RIPS,675.5635,-1.066536,0.772863,-2.084963
RIPS,675.5714,-1.066565,0.7727888,-2.085295
RIPS,675.5799,-1.066673,0.7727681,-2.085546
RIPS,675.588,-1.066767,0.7727683,-2.085744
RIPS,675.5964,-1.066915,0.7727184,-2.085924
RIPS,675.6057,-1.066987,0.7727191,-2.086014
RIPS,675.6136,-1.067067,0.772734,-2.086027
RIPS,675.6216,-1.067121,0.7727001,-2.086031
RIPS,675.6307,-1.06711,0.7726374,-2.085799
RIPS,675.6406,-1.067166,0.7727152,-2.085562
RIPS,675.6466,-1.067219,0.7727704,-2.085418
RIPS,675.655,-1.067296,0.7728196,-2.085625
RIPS,675.6631,-1.067384,0.772836,-2.085679
RIPS,675.6719,-1.067535,0.7727953,-2.085954
RIPS,675.6801,-1.067613,0.7727886,-2.086035
RIPS,675.6884,-1.067669,0.7727823,-2.086176
RIPS,675.6965,-1.067728,0.7726702,-2.086302
RIPS,675.7054,-1.067786,0.7726501,-2.086342
RIPS,675.7151,-1.067906,0.7726814,-2.086352
RIPS,675.7234,-1.067963,0.7726391,-2.086352
RIPS,675.7306,-1.06802,0.7726282,-2.086396
RIPS,675.7408,-1.068041,0.7727042,-2.086164
RIPS,675.7471,-1.067869,0.7726842,-2.085985
RIPS,675.7571,-1.067863,0.7727081,-2.085976
RIPS,675.7645,-1.067852,0.7727375,-2.085915
RIPS,675.7732,-1.067868,0.7726389,-2.086173
RIPS,675.7814,-1.067876,0.7726197,-2.086263
RIPS,675.79,-1.067872,0.7725995,-2.086482
RIPS,675.7982,-1.067877,0.7725492,-2.086615
RIPS,675.8073,-1.067859,0.7725088,-2.086705
RIPS,675.8151,-1.067856,0.7725723,-2.086506
RIPS,675.8235,-1.06782,0.7725559,-2.086402
RIPS,675.8321,-1.0675,0.7727001,-2.085484
RIPS,675.8407,-1.067451,0.7727323,-2.085294
RIPS,675.8486,-1.067562,0.7727416,-2.085284
RIPS,675.8575,-1.067558,0.7726981,-2.085351
RIPS,675.8658,-1.067428,0.7726175,-2.085121
RIPS,675.8741,-1.067441,0.7724391,-2.085531
RIPS,675.8823,-1.06743,0.7723747,-2.085755
RIPS,675.8904,-1.067316,0.7723308,-2.085802
RIPS,675.899,-1.067342,0.7722456,-2.086053
RIPS,675.9072,-1.067425,0.7722433,-2.086311
RIPS,675.9152,-1.06742,0.772317,-2.086094
RIPS,675.9244,-1.067429,0.7723451,-2.085974
RIPS,675.9324,-1.067287,0.7723451,-2.08543
RIPS,675.9402,-1.067278,0.772367,-2.085164
RIPS,675.9485,-1.06725,0.772376,-2.085177
RIPS,675.9576,-1.067224,0.7723562,-2.085202
RIPS,675.9654,-1.067061,0.772346,-2.085039
RIPS,675.9738,-1.067022,0.7722999,-2.085159
RIPS,675.9821,-1.067015,0.7722949,-2.085405
RIPS,675.9905,-1.06698,0.7723103,-2.085349
RIPS,675.9994,-1.066969,0.7723246,-2.085375
RIPS,676.0074,-1.066834,0.7722956,-2.084973
RIPS,676.0154,-1.066824,0.7723349,-2.084769
RIPS,676.0239,-1.066844,0.7723261,-2.084727
RIPS,676.032,-1.0668,0.7723433,-2.084585
RIPS,676.0406,-1.066795,0.7722813,-2.084701
RIPS,676.0484,-1.066992,0.7722505,-2.085103
RIPS,676.0577,-1.066943,0.7721308,-2.085204
RIPS,676.0654,-1.066907,0.7720061,-2.085323
RIPS,676.075,-1.06673,0.771873,-2.085165
RIPS,676.0823,-1.066729,0.77179,-2.085295
RIPS,676.0905,-1.066882,0.7718448,-2.085701
RIPS,676.0985,-1.066942,0.7719151,-2.085811
RIPS,676.1074,-1.066826,0.7720534,-2.08568
RIPS,676.1153,-1.066872,0.7721826,-2.08564
RIPS,676.1241,-1.066898,0.7723027,-2.085554
RIPS,676.1323,-1.066734,0.7722371,-2.08524
RIPS,676.1407,-1.066649,0.7722309,-2.085118
RIPS,676.1489,-1.066576,0.7720638,-2.085135
RIPS,676.1581,-1.066442,0.7719259,-2.085101
RIPS,676.1654,-1.066486,0.771855,-2.085251
RIPS,676.1741,-1.066279,0.7717863,-2.084931
RIPS,676.1835,-1.066232,0.7717873,-2.084794
RIPS,676.1948,-1.066222,0.7717994,-2.084761
RIPS,676.2017,-1.066246,0.7718823,-2.084769
RIPS,676.2076,-1.066498,0.7719773,-2.085205
RIPS,676.2131,-1.066426,0.772016,-2.085112
RIPS,676.2218,-1.066469,0.7720964,-2.085123
RIPS,676.23,-1.066582,0.7721876,-2.085471
RIPS,676.2383,-1.066558,0.772133,-2.0856
RIPS,676.2465,-1.066385,0.7721483,-2.085392
RIPS,676.2553,-1.066266,0.772128,-2.085308
RIPS,676.2634,-1.066193,0.7721434,-2.085238
RIPS,676.2714,-1.066185,0.7721932,-2.085119
RIPS,676.2802,-1.066094,0.7722388,-2.084948
RIPS,676.288,-1.065931,0.7722976,-2.084557
RIPS,676.2966,-1.06581,0.7724807,-2.084091
RIPS,676.3049,-1.065744,0.772532,-2.083931
RIPS,676.3132,-1.06564,0.7726413,-2.083657
RIPS,676.3217,-1.06558,0.772635,-2.083716
RIPS,676.3303,-1.06563,0.772698,-2.08396
RIPS,676.3381,-1.065621,0.7726415,-2.084211
RIPS,676.3466,-1.065582,0.7726856,-2.08424
RIPS,676.3555,-1.06558,0.7727115,-2.084346
RIPS,676.3633,-1.065576,0.7726881,-2.084404
RIPS,676.3715,-1.065729,0.7727151,-2.084631
RIPS,676.3797,-1.065682,0.7727005,-2.084445
RIPS,676.3885,-1.065576,0.7727086,-2.084271
RIPS,676.3978,-1.065496,0.772816,-2.084013
RIPS,676.4049,-1.065422,0.7728884,-2.08383
RIPS,676.413,-1.065451,0.7729951,-2.084021
RIPS,676.4214,-1.065421,0.7731234,-2.08394
RIPS,676.4298,-1.065422,0.7732679,-2.083843
RIPS,676.4381,-1.065432,0.7734645,-2.083771
RIPS,676.4467,-1.065415,0.7737361,-2.083329
RIPS,676.4556,-1.065484,0.774069,-2.083008
RIPS,676.4631,-1.06552,0.7744308,-2.082537
RIPS,676.4716,-1.06571,0.774836,-2.082112
RIPS,676.48,-1.065763,0.7753993,-2.080906
RIPS,676.4886,-1.065587,0.7761742,-2.079447
RIPS,676.4966,-1.065539,0.7774246,-2.077798
RIPS,676.5052,-1.06558,0.7777165,-2.07762
RIPS,676.5139,-1.065436,0.777994,-2.077177
RIPS,676.523,-1.065401,0.7781212,-2.076804
RIPS,676.5309,-1.065375,0.7780333,-2.076411
RIPS,676.5392,-1.065463,0.77737,-2.07741
RIPS,676.5477,-1.065616,0.7769029,-2.078786
RIPS,676.5569,-1.065696,0.7766747,-2.079303
RIPS,676.5649,-1.065734,0.7764952,-2.07909
RIPS,676.5733,-1.065648,0.7765893,-2.078517
RIPS,676.5818,-1.065581,0.7769654,-2.077249
RIPS,676.5905,-1.065261,0.7782209,-2.074432
RIPS,676.5991,-1.065259,0.778262,-2.074211
RIPS,676.6075,-1.065264,0.7774552,-2.075892
RIPS,676.6154,-1.065395,0.7769081,-2.077482
RIPS,676.6239,-1.065426,0.7766846,-2.078711
RIPS,676.6323,-1.065461,0.7765515,-2.079662
RIPS,676.6423,-1.065464,0.7766271,-2.080133
RIPS,676.6484,-1.065426,0.7767795,-2.08022
RIPS,676.6578,-1.065339,0.7768922,-2.080071
RIPS,676.6655,-1.065299,0.7770979,-2.079662
RIPS,676.6743,-1.065201,0.7773392,-2.079216
RIPS,676.6826,-1.065135,0.7775002,-2.078842
RIPS,676.6902,-1.065093,0.7777713,-2.078458
RIPS,676.6989,-1.065031,0.7779566,-2.078142
RIPS,676.7072,-1.065124,0.7783903,-2.077955
RIPS,676.716,-1.065038,0.7788433,-2.077606
RIPS,676.7241,-1.064942,0.7793668,-2.077208
RIPS,676.7322,-1.065037,0.7800893,-2.076962
RIPS,676.7407,-1.06502,0.7806212,-2.076276
RIPS,676.7485,-1.064646,0.7806406,-2.075353
RIPS,676.7576,-1.064575,0.7807106,-2.074636
RIPS,676.7654,-1.064184,0.780619,-2.073586
RIPS,676.7736,-1.064089,0.7805145,-2.072762
RIPS,676.782,-1.064002,0.7803911,-2.071922
RIPS,676.791,-1.063807,0.7803319,-2.0709
RIPS,676.7989,-1.063653,0.7806427,-2.070006
RIPS,676.8071,-1.063691,0.7808132,-2.069035
RIPS,676.8152,-1.063539,0.7813636,-2.068207
RIPS,676.8237,-1.06338,0.7817746,-2.067137
RIPS,676.8322,-1.063187,0.7823788,-2.066317
RIPS,676.8403,-1.062579,0.7826678,-2.065489
RIPS,676.8486,-1.062319,0.7829919,-2.064892
RIPS,676.8573,-1.062078,0.7832012,-2.064193
RIPS,676.8651,-1.061704,0.7835447,-2.063599
RIPS,676.8742,-1.061515,0.7835013,-2.062965
RIPS,676.882,-1.061346,0.7833848,-2.062452
RIPS,676.8903,-1.061052,0.783455,-2.061927
RIPS,676.8987,-1.061028,0.783473,-2.061627
RIPS,676.9072,-1.061497,0.7838069,-2.061606
RIPS,676.9156,-1.061596,0.7841151,-2.061406
RIPS,676.9247,-1.061665,0.7836576,-2.062719
RIPS,676.9321,-1.061723,0.7834344,-2.062785
RIPS,676.9404,-1.061886,0.7836261,-2.063285
RIPS,676.9484,-1.061849,0.7839646,-2.063434
RIPS,676.9579,-1.061776,0.784393,-2.063485
RIPS,676.965,-1.061315,0.7848977,-2.063468
RIPS,676.9738,-1.061201,0.785301,-2.063521
RIPS,676.9822,-1.06105,0.7856366,-2.063435
RIPS,676.9909,-1.060882,0.7863619,-2.063935
RIPS,676.9984,-1.060759,0.7864775,-2.0638
RIPS,677.0072,-1.0607,0.7863945,-2.063558
RIPS,677.0154,-1.060702,0.7854276,-2.065207
RIPS,677.0236,-1.061303,0.7849783,-2.064841
RIPS,677.0317,-1.061409,0.7844626,-2.065899
RIPS,677.0405,-1.061539,0.7842159,-2.066573
RIPS,677.0485,-1.061758,0.7840698,-2.066786
RIPS,677.0574,-1.061805,0.7841654,-2.066941
RIPS,677.0651,-1.061702,0.7841833,-2.067921
RIPS,677.0746,-1.061671,0.7841461,-2.068168
RIPS,677.0822,-1.061578,0.7841094,-2.068246
RIPS,677.0903,-1.061795,0.7844123,-2.069667
RIPS,677.0988,-1.061563,0.7844332,-2.069824
RIPS,677.1071,-1.060591,0.784305,-2.069546
RIPS,677.1153,-1.060271,0.7839351,-2.069327
RIPS,677.1243,-1.060246,0.7837955,-2.06956
RIPS,677.1323,-1.060307,0.783636,-2.069554
RIPS,677.1402,-1.060253,0.7834323,-2.069494
RIPS,677.1485,-1.060697,0.7830638,-2.069283
RIPS,677.1576,-1.060587,0.7829744,-2.06914
RIPS,677.1653,-1.060571,0.7828099,-2.069384
RIPS,677.1736,-1.061047,0.7825924,-2.069524
RIPS,677.1818,-1.061119,0.7824374,-2.069984
RIPS,677.1904,-1.061041,0.7826514,-2.07118
RIPS,677.199,-1.060902,0.7826959,-2.071545
RIPS,677.2074,-1.060491,0.7829817,-2.072104
RIPS,677.2153,-1.06039,0.7831414,-2.072449
RIPS,677.2236,-1.060186,0.7835376,-2.072819
RIPS,677.2319,-1.060306,0.7836221,-2.072911
RIPS,677.2404,-1.060345,0.7836823,-2.073034
RIPS,677.2485,-1.06047,0.7834423,-2.072916
RIPS,677.2574,-1.060379,0.7833685,-2.072906
RIPS,677.2655,-1.060618,0.7829323,-2.072515
RIPS,677.2743,-1.060549,0.7828681,-2.07231
RIPS,677.2821,-1.060549,0.7827428,-2.072375
RIPS,677.2903,-1.060932,0.7825796,-2.072171
RIPS,677.2986,-1.060939,0.7826862,-2.072066
RIPS,677.3075,-1.060693,0.7830394,-2.07201
RIPS,677.315,-1.060766,0.7834426,-2.071794
RIPS,677.3242,-1.060189,0.7841386,-2.071866
RIPS,677.3319,-1.06027,0.7844924,-2.07152
RIPS,677.3399,-1.060268,0.7847978,-2.071034
RIPS,677.3487,-1.060303,0.7848569,-2.070552
RIPS,677.3579,-1.060332,0.7848722,-2.070106
RIPS,677.365,-1.06069,0.7848196,-2.069696
RIPS,677.3736,-1.060781,0.7848911,-2.069346
RIPS,677.3815,-1.061307,0.7844728,-2.068784
RIPS,677.3906,-1.061406,0.7846079,-2.068561
RIPS,677.3982,-1.061553,0.7847183,-2.068535
RIPS,677.4072,-1.061671,0.7849057,-2.068437
RIPS,677.4149,-1.061736,0.7850261,-2.068365
RIPS,677.4237,-1.061498,0.785226,-2.068392
RIPS,677.432,-1.061394,0.7852365,-2.068123
RIPS,677.4401,-1.061213,0.7853743,-2.06782
RIPS,677.4484,-1.060701,0.7857786,-2.067885
RIPS,677.4575,-1.06051,0.7858142,-2.067671
RIPS,677.465,-1.060507,0.7857389,-2.067545
RIPS,677.4744,-1.060553,0.7856163,-2.067526
RIPS,677.4821,-1.060625,0.78535,-2.067502
RIPS,677.4903,-1.060995,0.7849374,-2.067407
RIPS,677.4984,-1.060962,0.7847795,-2.067468
RIPS,677.5068,-1.061094,0.784457,-2.067249
RIPS,677.5153,-1.061122,0.7845771,-2.067326
RIPS,677.524,-1.061118,0.7846071,-2.06741
RIPS,677.5317,-1.061175,0.7850612,-2.0679
RIPS,677.54,-1.061202,0.7853714,-2.068157
RIPS,677.5486,-1.060962,0.7856046,-2.068562
RIPS,677.5572,-1.060849,0.7855446,-2.068626
RIPS,677.5654,-1.060473,0.7856401,-2.068923
RIPS,677.5739,-1.060335,0.7855095,-2.069113
RIPS,677.5818,-1.060272,0.7853214,-2.069257
RIPS,677.5907,-1.060224,0.7851894,-2.069494
RIPS,677.5986,-1.060206,0.7850993,-2.069636
RIPS,677.607,-1.060374,0.7848929,-2.06971
RIPS,677.6152,-1.060422,0.7849177,-2.069946
RIPS,677.6235,-1.060403,0.7848907,-2.070162
RIPS,677.6318,-1.060479,0.7849075,-2.070145
RIPS,677.6406,-1.060473,0.7850481,-2.070367
RIPS,677.6483,-1.060473,0.7850408,-2.070439
RIPS,677.6578,-1.060437,0.7850314,-2.070408
RIPS,677.6652,-1.060521,0.7849034,-2.070341
RIPS,677.6743,-1.060395,0.7849555,-2.070385
RIPS,677.6816,-1.060386,0.7848756,-2.070271
RIPS,677.6904,-1.060629,0.7846461,-2.070053
RIPS,677.6984,-1.06069,0.7846143,-2.069904
RIPS,677.707,-1.060767,0.7847099,-2.069754
RIPS,677.715,-1.060993,0.7848806,-2.069655
RIPS,677.7247,-1.061034,0.7850307,-2.069651
RIPS,677.7319,-1.061225,0.7851067,-2.0695
RIPS,677.7404,-1.061229,0.7851675,-2.069468
RIPS,677.749,-1.061097,0.7853921,-2.06947
RIPS,677.7608,-1.060828,0.7855266,-2.06935
RIPS,677.7718,-1.060627,0.785818,-2.069575
RIPS,677.782,-1.060555,0.785786,-2.069685
RIPS,677.7903,-1.0605,0.7859053,-2.069798
RIPS,677.7989,-1.060502,0.7859024,-2.069824
RIPS,677.8069,-1.060578,0.7858608,-2.069841
RIPS,677.8152,-1.060622,0.785996,-2.069713
RIPS,677.8234,-1.060785,0.7860294,-2.069558
RIPS,677.8318,-1.060846,0.7861238,-2.069479
RIPS,677.8399,-1.06083,0.7860908,-2.069312
RIPS,677.8481,-1.060798,0.7859935,-2.069168
RIPS,677.8571,-1.060722,0.7859523,-2.069081
RIPS,677.8654,-1.060702,0.7859082,-2.068992
RIPS,677.8739,-1.06069,0.7858523,-2.068967
RIPS,677.8825,-1.060735,0.7858657,-2.068988
RIPS,677.8902,-1.060655,0.7859664,-2.069139
RIPS,677.8987,-1.060682,0.7860265,-2.069113
RIPS,677.9068,-1.06067,0.7860972,-2.069001
RIPS,677.915,-1.060624,0.7864475,-2.068854
RIPS,677.9245,-1.060796,0.786599,-2.068779
RIPS,677.9318,-1.060852,0.7868632,-2.068691
RIPS,677.9401,-1.06101,0.7869146,-2.068641
RIPS,677.9481,-1.061002,0.7868835,-2.068616
RIPS,677.9574,-1.06103,0.7867996,-2.068577
RIPS,677.9648,-1.061043,0.7866046,-2.06846
RIPS,677.9738,-1.06105,0.7865207,-2.068391
RIPS,677.9821,-1.061014,0.7864519,-2.068383
RIPS,677.9904,-1.060927,0.7865396,-2.068369
RIPS,677.9985,-1.060958,0.7868195,-2.06829
RIPS,678.0071,-1.060879,0.7871544,-2.06831
RIPS,678.015,-1.060822,0.7874892,-2.068277
RIPS,678.0232,-1.060893,0.7876415,-2.068254
RIPS,678.0317,-1.060849,0.7874638,-2.068112
RIPS,678.04,-1.060837,0.7873603,-2.068104
RIPS,678.048,-1.060952,0.7872565,-2.068004
RIPS,678.0575,-1.061018,0.7870483,-2.067855
RIPS,678.0652,-1.060948,0.7870036,-2.067809
RIPS,678.074,-1.060949,0.7870541,-2.067765
RIPS,678.0822,-1.060974,0.787278,-2.06775
RIPS,678.0898,-1.060832,0.7873936,-2.067752
RIPS,678.0984,-1.060763,0.7874755,-2.067691
RIPS,678.1072,-1.06042,0.7874281,-2.067626
RIPS,678.1149,-1.060344,0.7873136,-2.067523
RIPS,678.1239,-1.060475,0.7871318,-2.067443
RIPS,678.1315,-1.060458,0.7869423,-2.067295
RIPS,678.1405,-1.060412,0.7868097,-2.067247
RIPS,678.1485,-1.060674,0.7865946,-2.067174
RIPS,678.1578,-1.060781,0.7865442,-2.067287
RIPS,678.165,-1.060961,0.7864912,-2.067415
RIPS,678.1738,-1.060996,0.7865185,-2.067532
RIPS,678.1818,-1.060959,0.786683,-2.06769
RIPS,678.191,-1.061005,0.7866992,-2.067803
RIPS,678.2031,-1.060929,0.7866105,-2.06799
RIPS,678.2125,-1.060987,0.7863774,-2.068103
RIPS,678.2213,-1.060982,0.7858742,-2.068137
RIPS,678.2292,-1.060971,0.7854915,-2.068414
RIPS,678.238,-1.061119,0.7852927,-2.068596
RIPS,678.246,-1.061202,0.7851229,-2.068776
RIPS,678.2552,-1.061351,0.7849647,-2.068862
RIPS,678.2629,-1.061475,0.7848769,-2.069075
RIPS,678.2714,-1.061494,0.7847868,-2.069195
RIPS,678.2797,-1.061559,0.7846719,-2.069378
RIPS,678.2878,-1.061536,0.7846435,-2.069614
RIPS,678.2963,-1.061622,0.7844662,-2.069657
RIPS,678.3045,-1.061557,0.7843383,-2.069911
RIPS,678.3127,-1.061749,0.784134,-2.070215
RIPS,678.3218,-1.06188,0.7839426,-2.070426
RIPS,678.3298,-1.062007,0.7836735,-2.070649
RIPS,678.3377,-1.062123,0.783476,-2.07078
RIPS,678.3464,-1.062197,0.783214,-2.070875
RIPS,678.3569,-1.062221,0.783073,-2.071081
RIPS,678.3666,-1.062326,0.7828296,-2.071152
RIPS,678.372,-1.06232,0.7827742,-2.071272
RIPS,678.379,-1.062366,0.7826825,-2.071383
RIPS,678.3881,-1.062428,0.7826045,-2.071569
RIPS,678.3971,-1.062493,0.7825367,-2.071733
RIPS,678.4047,-1.062456,0.7824426,-2.071944
RIPS,678.4128,-1.062485,0.7822784,-2.071975
RIPS,678.4213,-1.062521,0.782082,-2.072098
RIPS,678.4294,-1.062539,0.7818678,-2.072129
RIPS,678.4379,-1.062553,0.7815507,-2.072412
RIPS,678.4462,-1.062729,0.781113,-2.072151
RIPS,678.4548,-1.062729,0.7808114,-2.072157
RIPS,678.4625,-1.062944,0.7805693,-2.072329
RIPS,678.4713,-1.062971,0.7803603,-2.072487
RIPS,678.4798,-1.06304,0.7802928,-2.073
RIPS,678.488,-1.063104,0.7800985,-2.073165
RIPS,678.4962,-1.063091,0.7800105,-2.073404
RIPS,678.5048,-1.062879,0.7799597,-2.073892
RIPS,678.5126,-1.062954,0.7797238,-2.073837
RIPS,678.5214,-1.063097,0.7796068,-2.073968
RIPS,678.5296,-1.0632,0.7794505,-2.07427
RIPS,678.5377,-1.063324,0.7791365,-2.074889
RIPS,678.5461,-1.063438,0.7788548,-2.074992
RIPS,678.5553,-1.06351,0.7785016,-2.07502
RIPS,678.5629,-1.063678,0.7782556,-2.074958
RIPS,678.5712,-1.063702,0.7781537,-2.074862
RIPS,678.5795,-1.063847,0.7781094,-2.074612
RIPS,678.5887,-1.063938,0.7781074,-2.074629
RIPS,678.5962,-1.063988,0.7781609,-2.074825
RIPS,678.605,-1.064078,0.778024,-2.075336
RIPS,678.6127,-1.064139,0.7778975,-2.075889
RIPS,678.6212,-1.06424,0.7775733,-2.076708
RIPS,678.6347,-1.064444,0.7772586,-2.078454
RIPS,678.6438,-1.064529,0.7766624,-2.079692
RIPS,678.6553,-1.064655,0.776099,-2.080524
RIPS,678.6635,-1.064741,0.7755091,-2.081422
RIPS,678.6714,-1.064842,0.7749284,-2.081974
RIPS,678.6801,-1.065127,0.7743272,-2.082114
RIPS,678.6885,-1.065185,0.7738104,-2.082764
RIPS,678.6967,-1.065226,0.7734226,-2.083407
RIPS,678.7057,-1.06536,0.772979,-2.083895
RIPS,678.7137,-1.065375,0.7727143,-2.084651
RIPS,678.7231,-1.065292,0.7723803,-2.085705
RIPS,678.7305,-1.065327,0.7720653,-2.086498
RIPS,678.7397,-1.06523,0.77184,-2.087513
RIPS,678.7479,-1.065268,0.7715953,-2.08814
RIPS,678.7573,-1.065339,0.7713022,-2.088667
RIPS,678.7651,-1.06534,0.7711375,-2.088743
RIPS,678.7731,-1.06538,0.7709663,-2.08891
RIPS,678.7814,-1.065608,0.7706327,-2.088833
RIPS,678.7906,-1.065691,0.7705501,-2.088839
RIPS,678.7985,-1.065766,0.7706906,-2.088534
RIPS,678.8068,-1.066105,0.7713028,-2.087278
RIPS,678.8148,-1.066165,0.7725837,-2.085183
RIPS,678.8233,-1.06633,0.7725558,-2.085638
RIPS,678.8315,-1.066513,0.77244,-2.085983
RIPS,678.8397,-1.066323,0.7725126,-2.086555
RIPS,678.8478,-1.066432,0.7724618,-2.086995
RIPS,678.8573,-1.066435,0.7724245,-2.087328
RIPS,678.8646,-1.066265,0.7724031,-2.087971
RIPS,678.8735,-1.066255,0.77223,-2.088438
RIPS,678.8813,-1.066445,0.7719473,-2.088318
RIPS,678.8898,-1.066388,0.7718714,-2.088348
RIPS,678.8983,-1.066817,0.7717052,-2.087852
RIPS,678.9066,-1.066796,0.772127,-2.087146
RIPS,678.9146,-1.066918,0.7719498,-2.087529
RIPS,678.9243,-1.067209,0.7717499,-2.087935
RIPS,678.9316,-1.067276,0.7715951,-2.088172
RIPS,678.94,-1.06724,0.77169,-2.08873
RIPS,678.9479,-1.067258,0.7715493,-2.089013
RIPS,678.9573,-1.067255,0.7714266,-2.089174
RIPS,678.9671,-1.066848,0.7716458,-2.089781
RIPS,678.9768,-1.066798,0.7714677,-2.090022
RIPS,678.9824,-1.066733,0.7714285,-2.090323
RIPS,678.988,-1.066613,0.7712475,-2.090469
RIPS,678.9962,-1.066592,0.7710387,-2.090779
RIPS,679.0048,-1.066692,0.7706358,-2.090492
RIPS,679.0124,-1.066622,0.7705199,-2.090657
RIPS,679.0211,-1.067016,0.7704827,-2.090818
RIPS,679.0294,-1.066974,0.7704241,-2.090904
RIPS,679.0375,-1.067112,0.7704871,-2.091003
RIPS,679.0458,-1.067049,0.7703081,-2.090966
RIPS,679.0543,-1.066967,0.7703409,-2.09083
RIPS,679.0629,-1.066689,0.7702703,-2.090922
RIPS,679.0709,-1.066656,0.7701989,-2.090871
RIPS,679.0795,-1.066468,0.7702447,-2.0911
RIPS,679.0874,-1.066464,0.7701481,-2.09114
RIPS,679.0956,-1.066449,0.7701374,-2.091148
RIPS,679.1044,-1.066336,0.7700441,-2.091065
RIPS,679.1124,-1.06635,0.7699497,-2.091405
RIPS,679.1213,-1.066452,0.7698928,-2.091251
RIPS,679.1295,-1.066484,0.76989,-2.091365
RIPS,679.1375,-1.066672,0.7698865,-2.091652
RIPS,679.1461,-1.066736,0.7698453,-2.091784
RIPS,679.1553,-1.066729,0.7698123,-2.091838
RIPS,679.1627,-1.066438,0.7696076,-2.091826
RIPS,679.1707,-1.066378,0.7695275,-2.091868
RIPS,679.179,-1.066373,0.7694485,-2.091965
RIPS,679.1879,-1.066229,0.7694944,-2.092417
RIPS,679.1966,-1.066261,0.7694082,-2.092657
RIPS,679.2043,-1.066188,0.7694411,-2.092708
RIPS,679.2123,-1.066308,0.7695292,-2.093185
RIPS,679.2207,-1.066621,0.769543,-2.093287
RIPS,679.2292,-1.066722,0.7696717,-2.093549
RIPS,679.2375,-1.066718,0.7694995,-2.093294
RIPS,679.2458,-1.066772,0.7693701,-2.093341
RIPS,679.255,-1.06682,0.7692922,-2.093197
RIPS,679.2631,-1.066501,0.7690644,-2.092581
RIPS,679.2712,-1.066538,0.7690442,-2.092438
RIPS,679.28,-1.06631,0.7689912,-2.09249
RIPS,679.2885,-1.066343,0.7690057,-2.092992
RIPS,679.2967,-1.066376,0.769062,-2.093241
RIPS,679.3054,-1.066169,0.7690673,-2.093417
RIPS,679.3138,-1.066205,0.7690564,-2.093834
RIPS,679.323,-1.066032,0.7689477,-2.093525
RIPS,679.3305,-1.066049,0.7688487,-2.093475
RIPS,679.3395,-1.066046,0.7688422,-2.093195
RIPS,679.3475,-1.065929,0.7687278,-2.092453
RIPS,679.3568,-1.06589,0.7688727,-2.091905
RIPS,679.3647,-1.065717,0.7689114,-2.091387
RIPS,679.3729,-1.065726,0.7689449,-2.091464
RIPS,679.3835,-1.065545,0.7689421,-2.091699
RIPS,679.3918,-1.065565,0.7689103,-2.092061
RIPS,679.3984,-1.065259,0.7689352,-2.091807
RIPS,679.4063,-1.065286,0.768916,-2.092017
RIPS,679.4146,-1.065323,0.7688447,-2.092165
RIPS,679.424,-1.065293,0.768944,-2.09169
RIPS,679.4322,-1.065347,0.7689189,-2.091557
RIPS,679.4394,-1.065407,0.7690802,-2.090812
RIPS,679.4474,-1.065426,0.7693035,-2.090264
RIPS,679.4564,-1.065349,0.7697941,-2.088975
RIPS,679.4647,-1.065375,0.7696934,-2.0892
RIPS,679.4728,-1.065447,0.7694868,-2.089588
RIPS,679.4813,-1.06551,0.7691388,-2.090664
RIPS,679.4902,-1.065524,0.7690809,-2.09096
RIPS,679.4979,-1.065448,0.7689904,-2.091437
RIPS,679.506,-1.065451,0.7689673,-2.091432
RIPS,679.5144,-1.065427,0.7691938,-2.090924
RIPS,679.5233,-1.064933,0.7696413,-2.089854
RIPS,679.5312,-1.064919,0.769883,-2.089468
RIPS,679.5396,-1.064584,0.7706093,-2.08831
RIPS,679.5477,-1.064601,0.7706615,-2.088371
RIPS,679.5566,-1.064621,0.7706363,-2.088393
RIPS,679.565,-1.064806,0.7706348,-2.088297
RIPS,679.5728,-1.064857,0.7705953,-2.088282
RIPS,679.5809,-1.064808,0.7705944,-2.088273
RIPS,679.5898,-1.064874,0.7706319,-2.088321
RIPS,679.5983,-1.064912,0.7706298,-2.088312
RIPS,679.606,-1.064976,0.7706598,-2.088325
RIPS,679.6145,-1.064954,0.7707769,-2.088348
RIPS,679.6227,-1.064984,0.7707741,-2.088407
RIPS,679.631,-1.06499,0.7707938,-2.088437
RIPS,679.6397,-1.064908,0.7708111,-2.088478
RIPS,679.6475,-1.064872,0.7708349,-2.088469
RIPS,679.6569,-1.064814,0.7708886,-2.088454
RIPS,679.6642,-1.06479,0.7709673,-2.088484
RIPS,679.6735,-1.064782,0.7708768,-2.088514
RIPS,679.6815,-1.064693,0.7709448,-2.088587
RIPS,679.6899,-1.064702,0.7711006,-2.088562
RIPS,679.6979,-1.064605,0.7711374,-2.088365
RIPS,679.7064,-1.064589,0.7711675,-2.088275
RIPS,679.7148,-1.064533,0.7713784,-2.088248
RIPS,679.7236,-1.064516,0.7714591,-2.088229
RIPS,679.7336,-1.064376,0.7715567,-2.088145
RIPS,679.7427,-1.0643,0.7716134,-2.088105
RIPS,679.7477,-1.064274,0.7715508,-2.08801
RIPS,679.7557,-1.064322,0.7715905,-2.087938
RIPS,679.7631,-1.064266,0.7716576,-2.087847
RIPS,679.7726,-1.064217,0.7715078,-2.087717
RIPS,679.7798,-1.064239,0.7715691,-2.087591
RIPS,679.7883,-1.064238,0.7716116,-2.087467
RIPS,679.7972,-1.063971,0.771718,-2.087245
RIPS,679.8046,-1.063939,0.7717683,-2.087134
RIPS,679.813,-1.063612,0.7720723,-2.086931
RIPS,679.8214,-1.06358,0.7722089,-2.086815
RIPS,679.8297,-1.063551,0.7723846,-2.086691
RIPS,679.8378,-1.063586,0.7725304,-2.086596
RIPS,679.8462,-1.063549,0.7726214,-2.086411
RIPS,679.855,-1.063736,0.7724392,-2.086248
RIPS,679.8629,-1.063698,0.7724997,-2.086082
RIPS,679.8712,-1.063613,0.7724095,-2.085941
RIPS,679.8803,-1.063621,0.7724987,-2.085803
RIPS,679.8878,-1.063626,0.7725849,-2.085745
RIPS,679.8961,-1.063373,0.7726585,-2.085573
RIPS,679.9048,-1.063358,0.7726627,-2.085485
RIPS,679.913,-1.063376,0.7729005,-2.085414
RIPS,679.9224,-1.063138,0.7729383,-2.085189
RIPS,679.9299,-1.063172,0.7730063,-2.085144
RIPS,679.9379,-1.063301,0.7730852,-2.085155
RIPS,679.9468,-1.063333,0.7730656,-2.085057
RIPS,679.9556,-1.063583,0.772929,-2.085078
RIPS,679.9633,-1.063644,0.7728568,-2.084894
RIPS,679.9711,-1.064041,0.7725903,-2.084861
RIPS,679.9797,-1.064118,0.772538,-2.08475
RIPS,679.9882,-1.064216,0.7724814,-2.084627
RIPS,679.9969,-1.064298,0.7724912,-2.0846
RIPS,680.0048,-1.064372,0.7724775,-2.08464
RIPS,680.0133,-1.064547,0.7725752,-2.084715
RIPS,680.0217,-1.064644,0.7725721,-2.084839
RIPS,680.0306,-1.064772,0.772752,-2.084943
RIPS,680.0402,-1.064687,0.7728131,-2.084888
RIPS,680.0487,-1.064786,0.7728247,-2.084845
RIPS,680.0552,-1.065245,0.7728414,-2.084868
RIPS,680.0638,-1.06533,0.7728552,-2.084796
RIPS,680.0721,-1.065466,0.7722873,-2.085511
RIPS,680.0811,-1.065603,0.7718878,-2.086323
RIPS,680.0889,-1.065698,0.7717625,-2.08663
RIPS,680.0975,-1.065922,0.7715378,-2.087339
RIPS,680.106,-1.066006,0.7715611,-2.087336
RIPS,680.114,-1.065917,0.7721182,-2.086121
RIPS,680.123,-1.06595,0.7722663,-2.085863
RIPS,680.1312,-1.06598,0.7727101,-2.085148
RIPS,680.1394,-1.065909,0.7727225,-2.085212
RIPS,680.1475,-1.065954,0.7727355,-2.0852
RIPS,680.1572,-1.06619,0.7717939,-2.08723
RIPS,680.1641,-1.066292,0.7716197,-2.087691
RIPS,680.1727,-1.06653,0.7713665,-2.088416
RIPS,680.1808,-1.066628,0.7712914,-2.088647
RIPS,680.1909,-1.066665,0.771272,-2.088778
RIPS,680.2015,-1.066607,0.7713056,-2.088239
RIPS,680.2075,-1.066613,0.7713205,-2.088177
RIPS,680.2124,-1.066664,0.7714055,-2.08808
RIPS,680.2208,-1.066683,0.7715099,-2.087844
RIPS,680.2291,-1.066692,0.7715758,-2.087655
RIPS,680.2377,-1.066402,0.7723657,-2.085895
RIPS,680.2457,-1.066405,0.7726733,-2.085461
RIPS,680.2544,-1.066256,0.7726559,-2.085371
RIPS,680.2628,-1.066278,0.7726908,-2.085309
RIPS,680.2709,-1.066301,0.7727149,-2.085223
RIPS,680.2794,-1.066204,0.7727362,-2.08507
RIPS,680.2874,-1.066277,0.7720977,-2.086183
RIPS,680.2957,-1.066066,0.7727922,-2.084931
RIPS,680.3042,-1.066053,0.7727448,-2.084952
RIPS,680.3124,-1.066041,0.7726756,-2.08504
RIPS,680.3209,-1.066071,0.7726858,-2.085135
RIPS,680.3293,-1.066111,0.7726475,-2.085262
RIPS,680.3378,-1.066166,0.7727098,-2.085424
RIPS,680.3455,-1.066181,0.7727811,-2.085489
RIPS,680.3551,-1.066287,0.772804,-2.085458
RIPS,680.3625,-1.066328,0.7728387,-2.085352
RIPS,680.3707,-1.066359,0.7729788,-2.085258
RIPS,680.3792,-1.066409,0.772528,-2.08608
RIPS,680.3875,-1.066424,0.772424,-2.086337
RIPS,680.3969,-1.066259,0.7730538,-2.085129
RIPS,680.4043,-1.066243,0.7730766,-2.085123
RIPS,680.4123,-1.06629,0.7730355,-2.085145
RIPS,680.4208,-1.066283,0.773112,-2.085202
RIPS,680.4288,-1.066305,0.7730677,-2.085243
RIPS,680.4376,-1.066169,0.773159,-2.085148
RIPS,680.4458,-1.066203,0.7731867,-2.085123
RIPS,680.4545,-1.066184,0.7733283,-2.085067
RIPS,680.4626,-1.066208,0.7733863,-2.084879
RIPS,680.4711,-1.065831,0.7736542,-2.084704
RIPS,680.4797,-1.065778,0.7736899,-2.084505
RIPS,680.4879,-1.06582,0.7738203,-2.084478
RIPS,680.4965,-1.065861,0.773818,-2.08444
RIPS,680.5049,-1.065919,0.7738881,-2.084453
RIPS,680.5133,-1.065935,0.7739059,-2.0843
RIPS,680.5227,-1.065939,0.7739756,-2.084275
RIPS,680.5304,-1.065946,0.7737585,-2.084225
RIPS,680.5385,-1.066253,0.7737124,-2.084347
RIPS,680.5472,-1.066272,0.7736866,-2.084286
RIPS,680.5562,-1.066292,0.7736309,-2.084159
RIPS,680.5641,-1.06633,0.7735587,-2.083922
RIPS,680.573,-1.066304,0.7736016,-2.083633
RIPS,680.5811,-1.066457,0.7725676,-2.085251
RIPS,680.59,-1.06659,0.7721424,-2.086295
RIPS,680.5982,-1.06684,0.7718554,-2.08762
RIPS,680.6064,-1.066957,0.7718551,-2.088133
RIPS,680.6144,-1.067091,0.7719027,-2.088541
RIPS,680.6226,-1.06713,0.7719746,-2.088598
RIPS,680.6312,-1.067172,0.7719068,-2.088595
RIPS,680.6402,-1.067128,0.7717336,-2.087916
RIPS,680.6475,-1.067116,0.7715452,-2.087431
RIPS,680.6569,-1.067293,0.7714523,-2.087624
RIPS,680.6649,-1.067364,0.7713329,-2.087724
RIPS,680.6735,-1.067403,0.7713413,-2.087672
RIPS,680.6813,-1.067498,0.7716665,-2.08866
RIPS,680.6897,-1.067574,0.7719014,-2.088804
RIPS,680.6981,-1.067799,0.7723209,-2.089181
RIPS,680.7063,-1.067888,0.7726386,-2.089233
RIPS,680.7144,-1.068268,0.7729473,-2.089252
RIPS,680.724,-1.068305,0.7730661,-2.089122
RIPS,680.7316,-1.068403,0.7730699,-2.088988
RIPS,680.7396,-1.0685,0.7729467,-2.088781
RIPS,680.7477,-1.068561,0.7730405,-2.088594
RIPS,680.7574,-1.069022,0.7732259,-2.088634
RIPS,680.7651,-1.069108,0.7733704,-2.088372
RIPS,680.7731,-1.069153,0.7735174,-2.087913
RIPS,680.7819,-1.069229,0.7736025,-2.087502
RIPS,680.7908,-1.069333,0.7737028,-2.087083
RIPS,680.8026,-1.069194,0.7739653,-2.086696
RIPS,680.8118,-1.069285,0.7741956,-2.08637
RIPS,680.8206,-1.069434,0.7746903,-2.086298
RIPS,680.8291,-1.06928,0.7752707,-2.085715
RIPS,680.8375,-1.069248,0.7755253,-2.085438
RIPS,680.8455,-1.069174,0.775753,-2.085064
RIPS,680.8546,-1.068716,0.7755867,-2.084063
RIPS,680.8626,-1.068631,0.7756619,-2.083527
RIPS,680.8707,-1.068567,0.7756945,-2.083017
RIPS,680.8793,-1.068511,0.7755576,-2.082538
RIPS,680.8873,-1.068548,0.7755044,-2.082551
RIPS,680.8955,-1.068668,0.7754953,-2.082831
RIPS,680.904,-1.068849,0.7754956,-2.083071
RIPS,680.9123,-1.068845,0.7755371,-2.083148
RIPS,680.921,-1.069016,0.7755482,-2.083338
RIPS,680.9293,-1.069139,0.7756202,-2.083342
RIPS,680.9375,-1.069073,0.7756621,-2.083209
RIPS,680.946,-1.069098,0.7758108,-2.083181
RIPS,680.9547,-1.069092,0.7761583,-2.083201
RIPS,680.9624,-1.068866,0.7766792,-2.083147
RIPS,680.9706,-1.068565,0.7770504,-2.082892
RIPS,680.9788,-1.068219,0.7774469,-2.082536
RIPS,680.9883,-1.067973,0.7778014,-2.082266
RIPS,680.9962,-1.067679,0.7778392,-2.08191
RIPS,681.0039,-1.067474,0.7778665,-2.081588
RIPS,681.012,-1.067149,0.7775977,-2.081088
RIPS,681.0206,-1.066977,0.7774282,-2.080762
RIPS,681.0288,-1.066804,0.7772963,-2.080362
RIPS,681.0377,-1.066588,0.777237,-2.080116
RIPS,681.0455,-1.066369,0.777603,-2.079654
RIPS,681.0544,-1.066007,0.7778699,-2.079132
RIPS,681.0621,-1.065879,0.7787113,-2.0786
RIPS,681.0707,-1.065956,0.7795051,-2.077927
RIPS,681.0793,-1.065827,0.7799465,-2.077268
RIPS,681.0872,-1.065858,0.7801856,-2.076589
RIPS,681.0954,-1.065974,0.7802267,-2.076159
RIPS,681.1044,-1.065897,0.7801025,-2.075665
RIPS,681.1124,-1.065551,0.7799661,-2.075256
RIPS,681.1207,-1.065437,0.779906,-2.074843
RIPS,681.1293,-1.065175,0.779712,-2.0745
RIPS,681.1371,-1.065129,0.7802916,-2.074576
RIPS,681.1459,-1.064901,0.7806808,-2.074221
RIPS,681.1548,-1.064426,0.7800135,-2.075318
RIPS,681.1624,-1.064288,0.7797762,-2.076137
RIPS,681.1713,-1.064151,0.7798709,-2.076617
RIPS,681.1793,-1.063526,0.7797062,-2.076136
RIPS,681.189,-1.06343,0.779889,-2.076256
RIPS,681.1973,-1.063381,0.7796549,-2.075967
RIPS,681.2051,-1.063326,0.7796316,-2.075956
RIPS,681.2137,-1.06354,0.7796038,-2.076107
RIPS,681.2224,-1.063541,0.7794666,-2.076304
RIPS,681.2307,-1.063327,0.7775619,-2.079445
RIPS,681.2392,-1.063403,0.7764497,-2.081619
RIPS,681.2476,-1.063528,0.7756857,-2.083282
RIPS,681.2571,-1.063679,0.7750623,-2.084456
RIPS,681.265,-1.063825,0.7745702,-2.085367
RIPS,681.2736,-1.06376,0.7742395,-2.086095
RIPS,681.2812,-1.063844,0.7739918,-2.086667
RIPS,681.2896,-1.063848,0.7737045,-2.087596
RIPS,681.2979,-1.063766,0.7733534,-2.088266
RIPS,681.306,-1.061932,0.7718851,-2.086862
RIPS,681.3142,-1.062019,0.771823,-2.087804
RIPS,681.324,-1.062022,0.7717677,-2.08812
RIPS,681.331,-1.061952,0.7718054,-2.088297
RIPS,681.3395,-1.061968,0.771901,-2.088109
RIPS,681.3475,-1.062116,0.771867,-2.088117
RIPS,681.3571,-1.062163,0.7717519,-2.088141
RIPS,681.3646,-1.062343,0.7715676,-2.088246
RIPS,681.3728,-1.062516,0.7716265,-2.088151
RIPS,681.3812,-1.062603,0.7720972,-2.088137
RIPS,681.3901,-1.062741,0.7726408,-2.088256
RIPS,681.3979,-1.062727,0.7730759,-2.088159
RIPS,681.4063,-1.062652,0.7734025,-2.08805
RIPS,681.4147,-1.062585,0.7737083,-2.087856
RIPS,681.4229,-1.062537,0.773887,-2.087619
RIPS,681.4307,-1.062575,0.7739964,-2.087569
RIPS,681.4393,-1.062605,0.7737623,-2.087427
RIPS,681.4474,-1.062697,0.773681,-2.087345
RIPS,681.4569,-1.062699,0.7736185,-2.087226
RIPS,681.4642,-1.062748,0.7737449,-2.087157
RIPS,681.4729,-1.062862,0.773968,-2.087042
RIPS,681.4809,-1.063044,0.7744221,-2.086936
RIPS,681.4896,-1.063236,0.7749499,-2.086816
RIPS,681.4976,-1.063337,0.7752075,-2.086492
RIPS,681.5062,-1.063527,0.7755279,-2.086407
RIPS,681.5141,-1.063664,0.7756758,-2.086302
RIPS,681.5232,-1.063774,0.7757365,-2.086235
RIPS,681.5311,-1.063782,0.7756637,-2.086176
RIPS,681.5392,-1.063812,0.7755937,-2.086054
RIPS,681.5479,-1.063915,0.7756997,-2.08588
RIPS,681.5569,-1.06387,0.7756158,-2.085501
RIPS,681.5644,-1.063995,0.775901,-2.085269
RIPS,681.5729,-1.063917,0.7761365,-2.085065
RIPS,681.5813,-1.063877,0.7765318,-2.084837
RIPS,681.5894,-1.063771,0.7768729,-2.084632
RIPS,681.5982,-1.063772,0.7771978,-2.084358
RIPS,681.606,-1.063766,0.7776148,-2.084114
RIPS,681.6145,-1.06378,0.7779118,-2.083833
RIPS,681.6227,-1.063843,0.7782121,-2.083428
RIPS,681.6328,-1.063821,0.7786998,-2.083083
RIPS,681.6448,-1.063797,0.7789407,-2.082672
RIPS,681.6543,-1.063658,0.7792841,-2.082153
RIPS,681.6647,-1.063631,0.7792321,-2.081901
RIPS,681.6726,-1.06355,0.7792513,-2.081325
RIPS,681.6813,-1.063555,0.7792196,-2.081024
RIPS,681.6895,-1.06358,0.7790973,-2.08073
RIPS,681.6979,-1.063547,0.7791005,-2.080455
RIPS,681.7062,-1.063637,0.77935,-2.080274
RIPS,681.7144,-1.063673,0.7794566,-2.080029
RIPS,681.7232,-1.063703,0.7796406,-2.079818
RIPS,681.7309,-1.06373,0.7798294,-2.079667
RIPS,681.7398,-1.063711,0.7799698,-2.079576
RIPS,681.7477,-1.063706,0.7800738,-2.079559
RIPS,681.7565,-1.063658,0.7801507,-2.079544
RIPS,681.7641,-1.063558,0.7801897,-2.079432
RIPS,681.7725,-1.063505,0.7801731,-2.079365
RIPS,681.7813,-1.063479,0.7801216,-2.079276
RIPS,681.7905,-1.063442,0.7801287,-2.079359
RIPS,681.8,-1.06349,0.7801362,-2.079398
RIPS,681.8066,-1.063462,0.780199,-2.079621
RIPS,681.8142,-1.063508,0.7802465,-2.079739
RIPS,681.8229,-1.063513,0.7803127,-2.079858
RIPS,681.8311,-1.06355,0.7805154,-2.079928
RIPS,681.8397,-1.063511,0.780661,-2.08004
RIPS,681.8475,-1.063561,0.7806534,-2.080151
RIPS,681.8567,-1.063523,0.7807376,-2.080264
RIPS,681.8645,-1.06354,0.7808031,-2.080321
RIPS,681.873,-1.063481,0.7808714,-2.080389
RIPS,681.8813,-1.063622,0.7809552,-2.080493
RIPS,681.8892,-1.063594,0.7808924,-2.080465
RIPS,681.8978,-1.063511,0.7808527,-2.080481
RIPS,681.9064,-1.063411,0.7808233,-2.080499
RIPS,681.9143,-1.063368,0.780833,-2.080434
RIPS,681.9238,-1.063265,0.7808068,-2.080261
RIPS,681.9308,-1.063167,0.7810341,-2.080233
RIPS,681.9395,-1.063127,0.7812533,-2.080174
RIPS,681.9481,-1.063129,0.7812465,-2.079946
RIPS,681.9567,-1.06312,0.7813429,-2.079892
RIPS,681.9647,-1.063239,0.7813447,-2.079772
RIPS,681.9727,-1.063305,0.7813689,-2.079681
RIPS,681.9807,-1.06355,0.7814337,-2.079627
RIPS,681.9899,-1.063631,0.7814466,-2.07953
RIPS,681.9985,-1.063542,0.7814043,-2.079295
RIPS,682.006,-1.063542,0.7813435,-2.079253
RIPS,682.0144,-1.063435,0.7814122,-2.079176
RIPS,682.0225,-1.063371,0.7814191,-2.079108
RIPS,682.0316,-1.063327,0.7814699,-2.079032
RIPS,682.0391,-1.063292,0.7816227,-2.07902
RIPS,682.0477,-1.063156,0.7814997,-2.079005
RIPS,682.0566,-1.063095,0.7814422,-2.078899
RIPS,682.0645,-1.06311,0.7814742,-2.078817
RIPS,682.0724,-1.063059,0.7815566,-2.078767
RIPS,682.0813,-1.062999,0.7815998,-2.078643
RIPS,682.0891,-1.063044,0.7816981,-2.078564
RIPS,682.0978,-1.063007,0.7817471,-2.078404
RIPS,682.1061,-1.063033,0.7818046,-2.07837
RIPS,682.1141,-1.062997,0.7818619,-2.078353
RIPS,682.1232,-1.06297,0.7819438,-2.078353
RIPS,682.131,-1.06304,0.7819138,-2.078259
RIPS,682.1395,-1.06304,0.7820817,-2.07818
RIPS,682.1476,-1.063064,0.7821567,-2.078141
RIPS,682.157,-1.063009,0.7822012,-2.078103
RIPS,682.164,-1.063005,0.7822586,-2.078043
RIPS,682.1729,-1.062972,0.782246,-2.077929
RIPS,682.1807,-1.062918,0.7821497,-2.077867
RIPS,682.1901,-1.063025,0.7820968,-2.077802
RIPS,682.1976,-1.06303,0.782073,-2.077801
RIPS,682.2063,-1.063056,0.7821423,-2.077795
RIPS,682.2142,-1.063128,0.7823517,-2.078007
RIPS,682.2228,-1.063261,0.7825008,-2.078077
RIPS,682.2307,-1.063359,0.7825349,-2.078131
RIPS,682.2395,-1.063275,0.7824588,-2.078131
RIPS,682.2475,-1.063271,0.7824957,-2.078131
RIPS,682.2566,-1.063201,0.7824734,-2.07806
RIPS,682.2646,-1.063206,0.7824221,-2.07794
RIPS,682.2726,-1.063095,0.7824687,-2.07789
RIPS,682.2811,-1.063043,0.7823716,-2.077793
RIPS,682.2891,-1.063141,0.7823715,-2.077673
RIPS,682.2979,-1.06312,0.7824005,-2.077665
RIPS,682.306,-1.06321,0.7823364,-2.077603
RIPS,682.3141,-1.06326,0.7823488,-2.077614
RIPS,682.3231,-1.063264,0.7823688,-2.077653
RIPS,682.3314,-1.063351,0.7823289,-2.077649
RIPS,682.3392,-1.063366,0.7823403,-2.077614
RIPS,682.3477,-1.063402,0.7822855,-2.077585
RIPS,682.3564,-1.063393,0.7822933,-2.077526
RIPS,682.3651,-1.063369,0.7823921,-2.077468
RIPS,682.3727,-1.063278,0.782524,-2.077521
RIPS,682.3807,-1.063276,0.7825915,-2.077526
RIPS,682.3897,-1.063291,0.7825945,-2.077503
RIPS,682.3976,-1.063209,0.7825882,-2.077516
RIPS,682.4061,-1.063247,0.7824048,-2.07744
RIPS,682.4143,-1.063238,0.782357,-2.077424
RIPS,682.4227,-1.063197,0.7823076,-2.077478
RIPS,682.4309,-1.063065,0.7823753,-2.077537
RIPS,682.4393,-1.062994,0.7823038,-2.077518
RIPS,682.4473,-1.062979,0.7823423,-2.077483
RIPS,682.4561,-1.06304,0.7824836,-2.077462
RIPS,682.4639,-1.063062,0.7825105,-2.077463
RIPS,682.4725,-1.063103,0.7825669,-2.077514
RIPS,682.4809,-1.063134,0.7825113,-2.077593
RIPS,682.4893,-1.063108,0.7823639,-2.077668
RIPS,682.4981,-1.063102,0.7822043,-2.077748
RIPS,682.5081,-1.063099,0.7820913,-2.077789
RIPS,682.5171,-1.063185,0.7819822,-2.077832
RIPS,682.523,-1.063237,0.7818991,-2.077856
RIPS,682.5295,-1.063252,0.7817605,-2.077905
RIPS,682.5377,-1.063295,0.7816768,-2.077935
RIPS,682.5463,-1.063423,0.7816127,-2.077951
RIPS,682.5552,-1.063576,0.781602,-2.07795
RIPS,682.563,-1.063671,0.7816573,-2.078115
RIPS,682.5716,-1.063813,0.7816533,-2.078315
RIPS,682.5795,-1.063909,0.781512,-2.078507
RIPS,682.5883,-1.063977,0.7813337,-2.078673
RIPS,682.597,-1.064132,0.7810297,-2.07885
RIPS,682.6047,-1.064247,0.7806818,-2.079071
RIPS,682.6128,-1.064495,0.7801954,-2.079253
RIPS,682.6215,-1.064614,0.7798299,-2.07943
RIPS,682.6294,-1.064682,0.7794709,-2.079791
RIPS,682.6391,-1.064737,0.7790628,-2.079949
RIPS,682.6461,-1.064721,0.7788755,-2.080056
RIPS,682.6554,-1.064579,0.7786451,-2.080096
RIPS,682.6663,-1.0646,0.7785432,-2.080305
RIPS,682.6766,-1.064651,0.7784063,-2.080376
RIPS,682.6832,-1.064774,0.7780227,-2.080675
RIPS,682.6885,-1.064836,0.7778709,-2.080938
RIPS,682.6951,-1.064895,0.7774969,-2.081252
RIPS,682.704,-1.064979,0.7771468,-2.081571
RIPS,682.7117,-1.065172,0.7767321,-2.08193
RIPS,682.7221,-1.065288,0.7763636,-2.082286
RIPS,682.729,-1.06529,0.7761409,-2.082706
RIPS,682.7368,-1.065341,0.7758244,-2.083057
RIPS,682.7453,-1.065466,0.775523,-2.083377
RIPS,682.7544,-1.065411,0.775205,-2.083659
RIPS,682.7619,-1.065345,0.774947,-2.083916
RIPS,682.7703,-1.065167,0.7746785,-2.084275
RIPS,682.7788,-1.065125,0.7744815,-2.084545
RIPS,682.7872,-1.065168,0.7741216,-2.084936
RIPS,682.7961,-1.065201,0.7738765,-2.085248
RIPS,682.8048,-1.06532,0.7735372,-2.08552
RIPS,682.8124,-1.065368,0.7731115,-2.085933
RIPS,682.8204,-1.065359,0.7726972,-2.086239
RIPS,682.8289,-1.065443,0.7722042,-2.08654
RIPS,682.8369,-1.065496,0.7718047,-2.086902
RIPS,682.8454,-1.065607,0.7714713,-2.08737
RIPS,682.8542,-1.065635,0.7710683,-2.087723
RIPS,682.8621,-1.065647,0.7706816,-2.088018
RIPS,682.8702,-1.065725,0.7704185,-2.088312
RIPS,682.879,-1.065677,0.7701262,-2.088575
RIPS,682.8869,-1.065605,0.76984,-2.088847
RIPS,682.895,-1.065653,0.7697808,-2.089278
RIPS,682.9038,-1.065622,0.7696056,-2.089663
RIPS,682.9117,-1.065666,0.7694421,-2.089986
RIPS,682.9216,-1.065718,0.7693136,-2.090379
RIPS,682.929,-1.065811,0.7690381,-2.090722
RIPS,682.9368,-1.065814,0.7688537,-2.091021
RIPS,682.9451,-1.065867,0.7685905,-2.091317
RIPS,682.9542,-1.065858,0.7683883,-2.091598
RIPS,682.962,-1.065896,0.768141,-2.091765
RIPS,682.9703,-1.065959,0.767963,-2.091893
RIPS,682.9788,-1.065935,0.7678099,-2.092046
RIPS,682.9875,-1.065981,0.7676014,-2.092188
RIPS,682.9963,-1.066016,0.767555,-2.092344
RIPS,683.0054,-1.066058,0.7675002,-2.09242
RIPS,683.0125,-1.06611,0.7674733,-2.092705
RIPS,683.0209,-1.066164,0.7675309,-2.092843
RIPS,683.029,-1.066203,0.7675222,-2.093114
RIPS,683.0379,-1.066263,0.7673541,-2.093381
RIPS,683.0463,-1.066268,0.7671357,-2.093707
RIPS,683.0554,-1.066282,0.7668419,-2.09399
RIPS,683.0634,-1.06626,0.7666135,-2.094288
RIPS,683.072,-1.066348,0.7663847,-2.094463
RIPS,683.0814,-1.066364,0.7661476,-2.094824
RIPS,683.0884,-1.066404,0.7659683,-2.095016
RIPS,683.097,-1.066453,0.7657963,-2.095464
RIPS,683.1057,-1.066417,0.7656431,-2.095899
RIPS,683.1141,-1.066457,0.7655456,-2.096253
RIPS,683.1232,-1.066516,0.7653478,-2.096508
RIPS,683.134,-1.066523,0.7652513,-2.09675
RIPS,683.1434,-1.066547,0.7650703,-2.096862
RIPS,683.1488,-1.066737,0.7648976,-2.096826
RIPS,683.1545,-1.0667,0.7648273,-2.096908
RIPS,683.162,-1.066806,0.764764,-2.096939
RIPS,683.1703,-1.066954,0.7645649,-2.097151
RIPS,683.1785,-1.067158,0.7644747,-2.097345
RIPS,683.187,-1.067358,0.7643452,-2.097389
RIPS,683.1967,-1.067496,0.7643867,-2.09742
RIPS,683.2035,-1.067668,0.7644308,-2.097513
RIPS,683.2119,-1.067736,0.7645,-2.09755
RIPS,683.2201,-1.067805,0.7645511,-2.09748
RIPS,683.2283,-1.067882,0.7647026,-2.097216
RIPS,683.2369,-1.067939,0.7647659,-2.097041
RIPS,683.2454,-1.067981,0.7648486,-2.097056
RIPS,683.2538,-1.068,0.7648465,-2.096926
RIPS,683.2618,-1.067953,0.7650594,-2.096567
RIPS,683.2703,-1.067838,0.7650946,-2.096415
RIPS,683.2792,-1.067647,0.7654771,-2.0958
RIPS,683.2866,-1.067767,0.7658138,-2.095492
RIPS,683.2953,-1.06752,0.7664678,-2.094471
RIPS,683.3033,-1.067283,0.7675396,-2.092736
RIPS,683.3115,-1.067229,0.7674802,-2.092825
RIPS,683.3205,-1.067104,0.7674344,-2.092899
RIPS,683.3287,-1.066996,0.7674392,-2.093053
RIPS,683.3367,-1.066922,0.7674363,-2.093139
RIPS,683.345,-1.066851,0.7674374,-2.093413
RIPS,683.3538,-1.066868,0.7673712,-2.093387
RIPS,683.3619,-1.066919,0.7672817,-2.093197
RIPS,683.3699,-1.066847,0.767136,-2.09321
RIPS,683.3786,-1.066759,0.7672035,-2.092802
RIPS,683.3871,-1.066702,0.7675098,-2.09205
RIPS,683.3957,-1.066602,0.767209,-2.092279
RIPS,683.4034,-1.066463,0.7670766,-2.092444
RIPS,683.4117,-1.066333,0.7671311,-2.092551
RIPS,683.42,-1.066239,0.7671117,-2.092626
RIPS,683.4281,-1.06613,0.7674319,-2.092803
RIPS,683.437,-1.066056,0.7674999,-2.092904
RIPS,683.445,-1.066004,0.7675509,-2.093177
RIPS,683.455,-1.065844,0.7674323,-2.09324
RIPS,683.4623,-1.06562,0.767186,-2.093323
RIPS,683.4706,-1.065423,0.7669475,-2.093432
RIPS,683.4797,-1.065194,0.7667281,-2.093408
RIPS,683.4877,-1.064984,0.7665944,-2.093246
RIPS,683.4959,-1.064794,0.7665,-2.093214
RIPS,683.505,-1.064818,0.7665168,-2.093181
RIPS,683.5134,-1.064683,0.7665552,-2.093161
RIPS,683.5224,-1.064423,0.7665256,-2.093077
RIPS,683.5303,-1.064343,0.7665588,-2.093058
RIPS,683.5385,-1.064255,0.7665503,-2.093061
RIPS,683.5471,-1.063982,0.7665039,-2.092836
RIPS,683.5562,-1.063854,0.7664739,-2.09279
RIPS,683.564,-1.063613,0.7662531,-2.092687
RIPS,683.5725,-1.063491,0.7661589,-2.092653
RIPS,683.5809,-1.063381,0.7661129,-2.092609
RIPS,683.5892,-1.063261,0.7660036,-2.092452
RIPS,683.6004,-1.063148,0.765898,-2.092369
RIPS,683.61,-1.062971,0.7659096,-2.092018
RIPS,683.6159,-1.062842,0.7659059,-2.091815
RIPS,683.6206,-1.062837,0.7659007,-2.091821
RIPS,683.6284,-1.062724,0.7659019,-2.091641
RIPS,683.6372,-1.062649,0.7660742,-2.091699
RIPS,683.6449,-1.062667,0.7662725,-2.091847
RIPS,683.6537,-1.062585,0.7665206,-2.091856
RIPS,683.6616,-1.062784,0.7667319,-2.092125
RIPS,683.6699,-1.062749,0.7667392,-2.092155
RIPS,683.6787,-1.062709,0.7666786,-2.092023
RIPS,683.6866,-1.062412,0.7665183,-2.091634
RIPS,683.6949,-1.062385,0.7663544,-2.09137
RIPS,683.7034,-1.062303,0.7662606,-2.090864
RIPS,683.7115,-1.062318,0.7662463,-2.090665
RIPS,683.7206,-1.062341,0.7662146,-2.090627
RIPS,683.728,-1.062307,0.7662687,-2.090556
RIPS,683.7372,-1.062407,0.7664835,-2.090888
RIPS,683.7449,-1.062446,0.766666,-2.091133
RIPS,683.7538,-1.062518,0.7668538,-2.091288
RIPS,683.762,-1.062538,0.7669308,-2.091296
RIPS,683.7698,-1.062627,0.7668482,-2.091394
RIPS,683.778,-1.062678,0.7666705,-2.091381
RIPS,683.7875,-1.062676,0.766493,-2.09133
RIPS,683.7961,-1.062726,0.7663102,-2.091176
RIPS,683.8031,-1.062787,0.7662894,-2.091084
RIPS,683.8124,-1.062854,0.7663572,-2.091091
RIPS,683.8202,-1.062908,0.7663569,-2.091182
RIPS,683.83,-1.062945,0.766481,-2.091298
RIPS,683.837,-1.063058,0.7667509,-2.091532
RIPS,683.8448,-1.063382,0.7669733,-2.091875
RIPS,683.8537,-1.063476,0.7669935,-2.091915
RIPS,683.8617,-1.063547,0.7669199,-2.09187
RIPS,683.87,-1.063653,0.7668056,-2.091812
RIPS,683.8788,-1.063747,0.7667415,-2.091709
RIPS,683.8867,-1.06384,0.7668014,-2.091592
RIPS,683.8953,-1.063897,0.766764,-2.091566
RIPS,683.9051,-1.063981,0.7667872,-2.091591
RIPS,683.9145,-1.064008,0.7668515,-2.091647
RIPS,683.9208,-1.064057,0.7669883,-2.091686
RIPS,683.9291,-1.063308,0.766677,-2.0908
RIPS,683.9376,-1.063343,0.766763,-2.090869
RIPS,683.9465,-1.063361,0.7667709,-2.090955
RIPS,683.9557,-1.063365,0.7667566,-2.090983
RIPS,683.9628,-1.063358,0.7666919,-2.090793
RIPS,683.9711,-1.063315,0.7666388,-2.090725
RIPS,683.9793,-1.063298,0.7666057,-2.090646
RIPS,683.9882,-1.063277,0.7666259,-2.090446
RIPS,683.9971,-1.063286,0.7665941,-2.090424
RIPS,684.0045,-1.063304,0.7665777,-2.090393
RIPS,684.0127,-1.063383,0.7665652,-2.090358
RIPS,684.0209,-1.063412,0.7666152,-2.090327
RIPS,684.0293,-1.063435,0.7666535,-2.090356
RIPS,684.0377,-1.063454,0.7667073,-2.090364
RIPS,684.0463,-1.063507,0.7666934,-2.09046
RIPS,684.0551,-1.063522,0.7666925,-2.090475
RIPS,684.0627,-1.063448,0.7667415,-2.090374
RIPS,684.071,-1.063427,0.7666667,-2.090317
RIPS,684.0798,-1.06338,0.7665957,-2.090199
RIPS,684.0875,-1.063374,0.7665571,-2.090151
RIPS,684.0959,-1.06337,0.7665373,-2.090094
RIPS,684.1042,-1.063449,0.7665306,-2.090154
RIPS,684.1127,-1.063446,0.7665698,-2.090212
RIPS,684.1212,-1.063467,0.7666124,-2.090342
RIPS,684.1291,-1.063434,0.7666085,-2.090363
RIPS,684.1379,-1.063351,0.7666234,-2.090335
RIPS,684.1459,-1.063311,0.766582,-2.09028
RIPS,684.1559,-1.063307,0.7665786,-2.090227
RIPS,684.1627,-1.063383,0.7666247,-2.090177
RIPS,684.1711,-1.063408,0.7666343,-2.09014
RIPS,684.1793,-1.063437,0.7666586,-2.090116
RIPS,684.1885,-1.063446,0.7667498,-2.090082
RIPS,684.1968,-1.063434,0.7667497,-2.09006
RIPS,684.2049,-1.063416,0.766746,-2.090032
RIPS,684.2128,-1.063354,0.7667758,-2.09008
RIPS,684.2217,-1.063384,0.7667894,-2.090255
RIPS,684.2299,-1.063372,0.7668324,-2.090283
RIPS,684.2386,-1.063375,0.7668592,-2.090317
RIPS,684.2465,-1.06334,0.7668673,-2.090336
RIPS,684.2559,-1.063359,0.7668967,-2.090258
RIPS,684.2635,-1.063304,0.7668808,-2.090163
RIPS,684.272,-1.063289,0.7668357,-2.090106
RIPS,684.2808,-1.063267,0.7666954,-2.090021
RIPS,684.2886,-1.063298,0.7666539,-2.09003
RIPS,684.2969,-1.06333,0.7666181,-2.090124
RIPS,684.3055,-1.063351,0.766583,-2.090179
RIPS,684.3137,-1.063401,0.7665704,-2.090332
RIPS,684.3224,-1.063449,0.7665868,-2.090416
RIPS,684.3306,-1.063494,0.7666147,-2.090405
RIPS,684.3391,-1.063435,0.7665578,-2.090216
RIPS,684.347,-1.063444,0.7665798,-2.090097
RIPS,684.3564,-1.063466,0.7665569,-2.09004
RIPS,684.364,-1.063542,0.7666272,-2.090084
RIPS,684.3719,-1.063503,0.7667179,-2.08999
RIPS,684.3804,-1.063479,0.7668495,-2.090003
RIPS,684.3895,-1.063454,0.7669065,-2.090022
RIPS,684.3976,-1.063418,0.7669914,-2.090049
RIPS,684.4052,-1.063583,0.7668937,-2.090126
RIPS,684.4138,-1.063553,0.7668285,-2.09009
RIPS,684.4223,-1.063595,0.7667935,-2.090257
RIPS,684.4302,-1.063562,0.7666997,-2.090194
RIPS,684.4389,-1.063553,0.7666326,-2.090101
RIPS,684.4468,-1.063395,0.7666872,-2.089984
RIPS,684.4561,-1.063388,0.7667562,-2.089988
RIPS,684.4637,-1.063341,0.7669825,-2.089886
RIPS,684.4724,-1.063352,0.7670858,-2.089908
RIPS,684.4806,-1.063341,0.7671035,-2.089802
RIPS,684.4886,-1.06325,0.7670485,-2.089817
RIPS,684.4972,-1.063228,0.7670214,-2.089788
RIPS,684.5069,-1.06319,0.7668901,-2.089906
RIPS,684.5159,-1.063142,0.7667813,-2.089922
RIPS,684.5223,-1.063163,0.766699,-2.089874
RIPS,684.5295,-1.063097,0.766656,-2.089801
RIPS,684.5383,-1.062969,0.7666205,-2.089643
RIPS,684.5464,-1.062915,0.7667229,-2.089552
RIPS,684.556,-1.062867,0.7668841,-2.089563
RIPS,684.563,-1.062794,0.7669607,-2.089461
RIPS,684.5717,-1.062774,0.7670287,-2.089462
RIPS,684.5798,-1.06275,0.7670507,-2.089463
RIPS,684.5889,-1.062757,0.7670316,-2.089603
RIPS,684.5971,-1.062703,0.7669294,-2.089481
RIPS,684.6047,-1.062798,0.7669969,-2.089726
RIPS,684.613,-1.062734,0.7669457,-2.089582
RIPS,684.6216,-1.062738,0.7669233,-2.089352
RIPS,684.6298,-1.062652,0.7669901,-2.089221
RIPS,684.6393,-1.062592,0.767101,-2.089197
RIPS,684.646,-1.062549,0.7672572,-2.088996
RIPS,684.6556,-1.062508,0.7673611,-2.088946
RIPS,684.6631,-1.062435,0.7674108,-2.088747
RIPS,684.6714,-1.062389,0.7674404,-2.088577
RIPS,684.6799,-1.062365,0.7674685,-2.088437
RIPS,684.688,-1.062233,0.7673348,-2.088183
RIPS,684.6962,-1.062186,0.7673014,-2.08799
RIPS,684.7049,-1.062216,0.7672912,-2.088101
RIPS,684.713,-1.062173,0.767334,-2.088013
RIPS,684.7216,-1.062133,0.7674078,-2.088025
RIPS,684.7298,-1.062114,0.7675241,-2.087982
RIPS,684.738,-1.062126,0.7676487,-2.088
RIPS,684.7466,-1.062181,0.7677957,-2.087929
RIPS,684.7558,-1.062224,0.7678861,-2.087865
RIPS,684.7629,-1.062378,0.7679186,-2.087982
RIPS,684.7716,-1.062457,0.7678804,-2.087894
RIPS,684.7795,-1.062761,0.7679631,-2.087934
RIPS,684.7889,-1.062822,0.7679905,-2.087826
RIPS,684.7973,-1.062875,0.7679271,-2.087599
RIPS,684.8051,-1.062935,0.7679836,-2.087517
RIPS,684.814,-1.06301,0.7680797,-2.087453
RIPS,684.8222,-1.063147,0.7683249,-2.087598
RIPS,684.8311,-1.063064,0.7684235,-2.087243
RIPS,684.8389,-1.063146,0.7685888,-2.087066
RIPS,684.847,-1.063157,0.7687443,-2.086795
RIPS,684.8561,-1.063206,0.7688174,-2.086715
RIPS,684.8636,-1.063216,0.7687894,-2.086443
RIPS,684.8721,-1.063264,0.7688506,-2.086311
RIPS,684.8806,-1.063303,0.768891,-2.086221
RIPS,684.889,-1.063283,0.7687851,-2.086226
RIPS,684.8968,-1.063348,0.7687482,-2.086254
RIPS,684.9058,-1.063572,0.768933,-2.08667
RIPS,684.9135,-1.063638,0.7690998,-2.086685
RIPS,684.9232,-1.063404,0.769241,-2.086373
RIPS,684.93,-1.063492,0.7696715,-2.086195
RIPS,684.9387,-1.06355,0.7701421,-2.086014
RIPS,684.9468,-1.063833,0.7707222,-2.086042
RIPS,684.9567,-1.063899,0.7710823,-2.085721
RIPS,684.9641,-1.064037,0.7712853,-2.085283
RIPS,684.9719,-1.06407,0.7714978,-2.084688
RIPS,684.98,-1.064325,0.7717301,-2.084382
RIPS,684.989,-1.064328,0.7718577,-2.083869
RIPS,684.9974,-1.064282,0.7719638,-2.083528
RIPS,685.0056,-1.06461,0.7723478,-2.083655
RIPS,685.0137,-1.064598,0.7724965,-2.083461
RIPS,685.022,-1.064299,0.7725049,-2.082753
RIPS,685.0305,-1.064313,0.7726805,-2.082783
RIPS,685.0391,-1.06468,0.7729821,-2.082995
RIPS,685.0469,-1.064564,0.7730557,-2.082677
RIPS,685.0559,-1.064602,0.7732403,-2.082469
RIPS,685.0636,-1.064546,0.7732577,-2.082279
RIPS,685.0722,-1.064589,0.7734545,-2.082005
RIPS,685.0807,-1.064495,0.7736036,-2.081784
RIPS,685.0886,-1.06455,0.7736667,-2.081643
RIPS,685.0972,-1.064587,0.7737637,-2.081524
RIPS,685.1057,-1.064559,0.7739381,-2.08134
RIPS,685.1137,-1.06461,0.7741998,-2.081146
RIPS,685.1227,-1.064761,0.7746434,-2.080826
RIPS,685.1303,-1.064832,0.7749904,-2.080465
RIPS,685.1389,-1.064883,0.7753128,-2.079947
RIPS,685.1471,-1.064995,0.7756923,-2.079495
RIPS,685.1566,-1.065081,0.7760016,-2.078877
RIPS,685.1642,-1.065012,0.7760736,-2.07823
RIPS,685.1722,-1.06503,0.7761473,-2.077593
RIPS,685.1802,-1.065205,0.7763949,-2.077191
RIPS,685.1889,-1.065207,0.7765992,-2.076689
RIPS,685.1975,-1.064933,0.7769654,-2.075832
RIPS,685.2054,-1.064889,0.7777819,-2.075159
RIPS,685.2137,-1.064925,0.7785064,-2.074478
RIPS,685.2222,-1.065007,0.7793507,-2.073924
RIPS,685.2302,-1.065287,0.7791626,-2.074886
RIPS,685.239,-1.065273,0.7787379,-2.075351
RIPS,685.2471,-1.06544,0.7782924,-2.075068
RIPS,685.2557,-1.065671,0.7779371,-2.07515
RIPS,685.2636,-1.065729,0.7775638,-2.074812
RIPS,685.2719,-1.065744,0.7773697,-2.074565
RIPS,685.2809,-1.065518,0.7773411,-2.074026
RIPS,685.2888,-1.065444,0.7776574,-2.073729
RIPS,685.2971,-1.065404,0.778185,-2.073298
RIPS,685.3055,-1.065214,0.7789425,-2.072892
RIPS,685.3136,-1.065056,0.7796921,-2.072582
RIPS,685.3226,-1.065057,0.779425,-2.073926
RIPS,685.3305,-1.064846,0.7782282,-2.076493
RIPS,685.3387,-1.064879,0.7777349,-2.077783
RIPS,685.3467,-1.064739,0.7772238,-2.078399
RIPS,685.3563,-1.065092,0.7769949,-2.07969
RIPS,685.3637,-1.065079,0.7765849,-2.079994
RIPS,685.3721,-1.065149,0.7762027,-2.080221
RIPS,685.3801,-1.065348,0.7759674,-2.08091
RIPS,685.3892,-1.065506,0.7757028,-2.08122
RIPS,685.3974,-1.065769,0.7756028,-2.081791
RIPS,685.4055,-1.065896,0.7755299,-2.082033
RIPS,685.4135,-1.065992,0.7755154,-2.082331
RIPS,685.4224,-1.066144,0.7757506,-2.082772
RIPS,685.4301,-1.066166,0.7760366,-2.083043
RIPS,685.4388,-1.06614,0.7766619,-2.082967
RIPS,685.4467,-1.066239,0.777218,-2.082965
RIPS,685.4564,-1.066491,0.7777355,-2.08315
RIPS,685.4634,-1.066737,0.7780299,-2.083232
RIPS,685.4719,-1.066938,0.7780934,-2.0833
RIPS,685.4803,-1.066907,0.7778741,-2.083114
RIPS,685.4886,-1.067046,0.7776376,-2.083115
RIPS,685.4969,-1.066831,0.7773181,-2.0828
RIPS,685.5054,-1.066977,0.7770818,-2.082681
RIPS,685.5137,-1.067103,0.7770802,-2.082622
RIPS,685.5225,-1.067175,0.7772042,-2.082487
RIPS,685.53,-1.067129,0.7774625,-2.082414
RIPS,685.5386,-1.066855,0.7779153,-2.082073
RIPS,685.5474,-1.066857,0.7782604,-2.081983
RIPS,685.5561,-1.066654,0.7786757,-2.081927
RIPS,685.5637,-1.066355,0.7791932,-2.081769
RIPS,685.572,-1.066283,0.7794951,-2.081741
RIPS,685.5805,-1.066388,0.7797707,-2.081745
RIPS,685.5897,-1.066508,0.7798107,-2.081661
RIPS,685.5974,-1.066649,0.7798597,-2.081441
RIPS,685.6055,-1.066695,0.7797039,-2.081188
RIPS,685.6135,-1.06666,0.7794556,-2.080986
RIPS,685.622,-1.066572,0.7792968,-2.080742
RIPS,685.6302,-1.066572,0.7793022,-2.080497
RIPS,685.6397,-1.066613,0.7793771,-2.080133
RIPS,685.6466,-1.066652,0.7798153,-2.079832
RIPS,685.6566,-1.06662,0.780046,-2.079567
RIPS,685.6635,-1.066564,0.780291,-2.079206
RIPS,685.672,-1.066498,0.7808166,-2.078979
RIPS,685.6806,-1.066313,0.7811521,-2.078632
RIPS,685.6885,-1.066182,0.7814986,-2.078273
RIPS,685.697,-1.066027,0.7818546,-2.077974
RIPS,685.7054,-1.065956,0.7821972,-2.077628
RIPS,685.7134,-1.065924,0.7824062,-2.077299
RIPS,685.7225,-1.065828,0.7825927,-2.076963
RIPS,685.73,-1.065792,0.782742,-2.076473
RIPS,685.7386,-1.065696,0.7827674,-2.075997
RIPS,685.7469,-1.065653,0.7828038,-2.075643
RIPS,685.7568,-1.065595,0.7825512,-2.075201
RIPS,685.764,-1.065426,0.782602,-2.074877
RIPS,685.7722,-1.065257,0.7826961,-2.074533
RIPS,685.7799,-1.065196,0.7828054,-2.074318
RIPS,685.7898,-1.06506,0.7829285,-2.074037
RIPS,685.7976,-1.065061,0.783155,-2.07385
RIPS,685.8051,-1.065084,0.7834764,-2.073625
RIPS,685.8134,-1.065138,0.783814,-2.073575
RIPS,685.822,-1.065203,0.7840149,-2.073416
RIPS,685.831,-1.065171,0.7842506,-2.073302
RIPS,685.8391,-1.065246,0.7843511,-2.073223
RIPS,685.8472,-1.065189,0.7844461,-2.073069
RIPS,685.8559,-1.065019,0.784422,-2.072959
RIPS,685.8641,-1.064826,0.7844073,-2.072859
RIPS,685.8722,-1.064692,0.7843414,-2.072848
RIPS,685.8807,-1.064501,0.7842402,-2.072812
RIPS,685.8887,-1.064434,0.784174,-2.072846
RIPS,685.8967,-1.064306,0.784162,-2.072882
RIPS,685.9056,-1.064172,0.7841097,-2.072932
RIPS,685.9134,-1.064081,0.7841222,-2.072956
RIPS,685.9235,-1.06402,0.7841586,-2.073048
RIPS,685.9302,-1.06399,0.7841367,-2.073122
RIPS,685.9385,-1.063911,0.7841491,-2.073146
RIPS,685.9468,-1.063832,0.7840649,-2.073222
RIPS,685.9561,-1.063785,0.7840155,-2.073232
RIPS,685.9638,-1.063681,0.7838797,-2.073237
RIPS,685.9719,-1.063574,0.7837802,-2.073253
RIPS,685.98,-1.063557,0.7836676,-2.073331
RIPS,685.989,-1.063531,0.7835857,-2.073389
RIPS,685.9977,-1.063582,0.783568,-2.073386
RIPS,686.0052,-1.063633,0.783528,-2.073439
RIPS,686.0137,-1.063652,0.7834706,-2.07353
RIPS,686.0219,-1.063612,0.7834455,-2.073568
RIPS,686.0303,-1.063627,0.7834578,-2.073584
RIPS,686.0386,-1.063553,0.7835234,-2.07368
RIPS,686.047,-1.063486,0.7835495,-2.073737
RIPS,686.0564,-1.063462,0.783558,-2.073745
RIPS,686.0639,-1.063408,0.7835308,-2.073771
RIPS,686.0721,-1.063391,0.7835005,-2.073767
RIPS,686.081,-1.063345,0.7834499,-2.073826
RIPS,686.0887,-1.063344,0.7834382,-2.073818
RIPS,686.0969,-1.063374,0.7833867,-2.073827
RIPS,686.1055,-1.063408,0.7833942,-2.073828
RIPS,686.1138,-1.063419,0.7834114,-2.073825
RIPS,686.1227,-1.063437,0.7834535,-2.073848
RIPS,686.1305,-1.063479,0.7834323,-2.073817
RIPS,686.1387,-1.063457,0.7834259,-2.073852
RIPS,686.1465,-1.06344,0.7834169,-2.073898
RIPS,686.1563,-1.063351,0.7833043,-2.073949
RIPS,686.1633,-1.063375,0.7832619,-2.073963
RIPS,686.1722,-1.063382,0.7832645,-2.074035
RIPS,686.1802,-1.063417,0.7832137,-2.074095
RIPS,686.1891,-1.06342,0.7831483,-2.074193
RIPS,686.1973,-1.063477,0.7829514,-2.07421
RIPS,686.2053,-1.063431,0.7828183,-2.074308
RIPS,686.2139,-1.063387,0.7826535,-2.074356
RIPS,686.2217,-1.063391,0.7826307,-2.074445
RIPS,686.2297,-1.063331,0.7825865,-2.0745
RIPS,686.2388,-1.063334,0.7826145,-2.074529
RIPS,686.2465,-1.063289,0.7826626,-2.074632
RIPS,686.256,-1.063232,0.7826321,-2.074709
RIPS,686.2635,-1.063239,0.7827493,-2.074942
RIPS,686.2721,-1.063234,0.782631,-2.074965
RIPS,686.2806,-1.063393,0.7824025,-2.075015
RIPS,686.2886,-1.063491,0.7822706,-2.075126
RIPS,686.2969,-1.063555,0.7820607,-2.075248
RIPS,686.3052,-1.063536,0.7818828,-2.075342
RIPS,686.3134,-1.063534,0.781794,-2.075378
RIPS,686.3224,-1.063601,0.7818046,-2.075424
RIPS,686.3301,-1.063655,0.7818747,-2.075564
RIPS,686.3387,-1.063627,0.7818903,-2.075676
RIPS,686.3467,-1.063765,0.7819895,-2.075789
RIPS,686.356,-1.063799,0.7820035,-2.075853
RIPS,686.3636,-1.06388,0.7819626,-2.075957
RIPS,686.3722,-1.063901,0.7818027,-2.076058
RIPS,686.3821,-1.063998,0.7815369,-2.076191
RIPS,686.3928,-1.063939,0.7812451,-2.076264
RIPS,686.3997,-1.063951,0.7807228,-2.076314
RIPS,686.4046,-1.063969,0.7806549,-2.076436
RIPS,686.4114,-1.063963,0.7804667,-2.076499
RIPS,686.4244,-1.06404,0.7803427,-2.076617
RIPS,686.4335,-1.0641,0.7803555,-2.076775
RIPS,686.4443,-1.064093,0.7802108,-2.077005
RIPS,686.4536,-1.064163,0.7802739,-2.077369
RIPS,686.4614,-1.064216,0.7799693,-2.077544
RIPS,686.4696,-1.064334,0.7795873,-2.077838
RIPS,686.4784,-1.064492,0.7791961,-2.078044
RIPS,686.4861,-1.064612,0.7786332,-2.078298
RIPS,686.4947,-1.064722,0.7781029,-2.078523
RIPS,686.5029,-1.064702,0.7776496,-2.078776
RIPS,686.5114,-1.06473,0.7773073,-2.078982
RIPS,686.5199,-1.064762,0.7771338,-2.079182
RIPS,686.5283,-1.064798,0.7769969,-2.079447
RIPS,686.5364,-1.064773,0.7768748,-2.079746
RIPS,686.5447,-1.064819,0.7767805,-2.080039
RIPS,686.5533,-1.064814,0.7767739,-2.08037
RIPS,686.5613,-1.064857,0.7765948,-2.080687
RIPS,686.5696,-1.064888,0.7763506,-2.081029
RIPS,686.5777,-1.064825,0.7760907,-2.081506
RIPS,686.5876,-1.064901,0.7756932,-2.081906
RIPS,686.5951,-1.06498,0.7752926,-2.082185
RIPS,686.6029,-1.065046,0.7747447,-2.082509
RIPS,686.611,-1.065116,0.7743009,-2.082836
RIPS,686.6198,-1.065287,0.7738095,-2.08308
RIPS,686.6277,-1.065341,0.7734709,-2.083418
RIPS,686.6375,-1.065347,0.7732807,-2.083842
RIPS,686.6446,-1.065397,0.7730537,-2.084192
RIPS,686.6538,-1.065379,0.7728035,-2.084462
RIPS,686.6614,-1.065524,0.7727254,-2.084905
RIPS,686.6698,-1.065457,0.7724797,-2.085194
RIPS,686.679,-1.065541,0.77244,-2.08558
RIPS,686.6893,-1.065526,0.7722845,-2.085877
RIPS,686.6982,-1.065623,0.7720129,-2.086104
RIPS,686.7038,-1.065576,0.7716545,-2.086265
RIPS,686.7117,-1.0656,0.7713329,-2.086474
RIPS,686.7205,-1.065609,0.7710879,-2.086645
RIPS,686.7283,-1.065676,0.7708049,-2.086849
RIPS,686.7369,-1.065699,0.770557,-2.087223
RIPS,686.7449,-1.065759,0.7702768,-2.087549
RIPS,686.7536,-1.065767,0.7700195,-2.087763
RIPS,686.7618,-1.065785,0.7697979,-2.088031
RIPS,686.77,-1.065709,0.7697216,-2.088487
RIPS,686.7783,-1.065756,0.7695562,-2.088821
RIPS,686.7874,-1.065819,0.7694635,-2.089066
RIPS,686.7964,-1.065981,0.7692326,-2.089184
RIPS,686.8033,-1.066049,0.7690727,-2.089339
RIPS,686.8115,-1.066161,0.7688677,-2.089438
RIPS,686.82,-1.066139,0.7686853,-2.089589
RIPS,686.8285,-1.066149,0.7684889,-2.089713
RIPS,686.8376,-1.066118,0.7682412,-2.090015
RIPS,686.8491,-1.066143,0.7679348,-2.090214
RIPS,686.8617,-1.066199,0.7676862,-2.090618
RIPS,686.8695,-1.066424,0.7673177,-2.090994
RIPS,686.8786,-1.06644,0.7668527,-2.091891
RIPS,686.8883,-1.066581,0.766497,-2.092338
RIPS,686.896,-1.066678,0.7661434,-2.09278
RIPS,686.9028,-1.066781,0.7659796,-2.093244
RIPS,686.9113,-1.066881,0.7656799,-2.09375
RIPS,686.9197,-1.066949,0.7654687,-2.094254
RIPS,686.9279,-1.067007,0.7652221,-2.094777
RIPS,686.936,-1.067231,0.7649738,-2.095124
RIPS,686.9444,-1.067393,0.764697,-2.095527
RIPS,686.9534,-1.067505,0.7644991,-2.095957
RIPS,686.9613,-1.067545,0.7642598,-2.096507
RIPS,686.9695,-1.067604,0.7640827,-2.096898
RIPS,686.9786,-1.067831,0.7638779,-2.097221
RIPS,686.9866,-1.067812,0.7638207,-2.097545
RIPS,686.9958,-1.067902,0.7637078,-2.097899
RIPS,687.0064,-1.067998,0.7636444,-2.098102
RIPS,687.0156,-1.06808,0.7636145,-2.098232
RIPS,687.0206,-1.068258,0.7635754,-2.098281
RIPS,687.0278,-1.068361,0.7635655,-2.098191
RIPS,687.0364,-1.068495,0.7637274,-2.098151
RIPS,687.0442,-1.068598,0.7637727,-2.098144
RIPS,687.053,-1.068708,0.7638316,-2.098201
RIPS,687.0615,-1.068826,0.7640106,-2.098059
RIPS,687.0694,-1.068854,0.7641953,-2.097949
RIPS,687.0783,-1.068849,0.7643553,-2.097873
RIPS,687.0865,-1.06885,0.7644589,-2.098031
RIPS,687.0943,-1.068846,0.7647684,-2.097934
RIPS,687.1029,-1.068871,0.7650804,-2.097568
RIPS,687.1111,-1.068847,0.7654092,-2.097112
RIPS,687.12,-1.068831,0.7658812,-2.096351
RIPS,687.1279,-1.068699,0.7664466,-2.095111
RIPS,687.1362,-1.068617,0.7672739,-2.093747
RIPS,687.1445,-1.068534,0.7680039,-2.09234
RIPS,687.1537,-1.068512,0.7679033,-2.092218
RIPS,687.1647,-1.068498,0.7678088,-2.092363
RIPS,687.1741,-1.068483,0.7678751,-2.092385
RIPS,687.1795,-1.068405,0.767951,-2.092249
RIPS,687.1863,-1.068305,0.7680476,-2.092067
RIPS,687.1956,-1.068132,0.7681376,-2.091853
RIPS,687.2032,-1.067999,0.7681953,-2.091794
RIPS,687.2112,-1.067792,0.7682638,-2.091824
RIPS,687.2194,-1.067603,0.7684212,-2.091707
RIPS,687.2277,-1.067409,0.7687123,-2.091271
RIPS,687.236,-1.067249,0.7688277,-2.091046
RIPS,687.2441,-1.067165,0.7684721,-2.091254
RIPS,687.2529,-1.067136,0.768159,-2.091486
RIPS,687.2612,-1.067042,0.7679017,-2.091653
RIPS,687.2693,-1.06699,0.7677045,-2.091704
RIPS,687.2782,-1.067145,0.7677486,-2.09189
RIPS,687.2859,-1.067094,0.7677746,-2.091939
RIPS,687.2946,-1.067037,0.7678976,-2.092098
RIPS,687.3027,-1.066859,0.768031,-2.092057
RIPS,687.3112,-1.066426,0.7680058,-2.091951
RIPS,687.3211,-1.066231,0.7679781,-2.091955
RIPS,687.3311,-1.066051,0.7678878,-2.092
RIPS,687.3361,-1.065693,0.7676796,-2.091869
RIPS,687.3442,-1.065553,0.7674685,-2.091952
RIPS,687.3525,-1.065402,0.767341,-2.091881
RIPS,687.3615,-1.06529,0.7672694,-2.091826
RIPS,687.3694,-1.065177,0.7672122,-2.091836
RIPS,687.3774,-1.065156,0.7673332,-2.091758
RIPS,687.3862,-1.065104,0.7675199,-2.0917
RIPS,687.3954,-1.065099,0.7677491,-2.091867
RIPS,687.4033,-1.064989,0.7679043,-2.091779
RIPS,687.4109,-1.064766,0.7680078,-2.091546
RIPS,687.4197,-1.06468,0.7680621,-2.091458
RIPS,687.4276,-1.064652,0.7680057,-2.091316
RIPS,687.4361,-1.064555,0.7680302,-2.091127
RIPS,687.4442,-1.06449,0.7678526,-2.090961
RIPS,687.4531,-1.064461,0.7677802,-2.090776
RIPS,687.4614,-1.064411,0.7677159,-2.090638
RIPS,687.4714,-1.064415,0.7676758,-2.090447
RIPS,687.4822,-1.064323,0.767669,-2.090317
RIPS,687.4875,-1.064301,0.7677289,-2.090462
RIPS,687.4941,-1.064039,0.7677895,-2.090139
RIPS,687.5029,-1.063993,0.7679317,-2.090305
RIPS,687.5109,-1.063936,0.7679715,-2.090308
RIPS,687.5201,-1.063975,0.7679419,-2.090405
RIPS,687.5273,-1.063955,0.7679411,-2.090398
RIPS,687.536,-1.064031,0.7678475,-2.090472
RIPS,687.5442,-1.064072,0.7676669,-2.09048
RIPS,687.5527,-1.064127,0.7674562,-2.090504
RIPS,687.5612,-1.064187,0.7674235,-2.09059
RIPS,687.5691,-1.064339,0.7675593,-2.090904
RIPS,687.5776,-1.064396,0.7677008,-2.091089
RIPS,687.5862,-1.064452,0.7679128,-2.091167
RIPS,687.5956,-1.064252,0.7679253,-2.090919
RIPS,687.6031,-1.064276,0.767978,-2.090951
RIPS,687.6106,-1.064264,0.7679455,-2.090824
RIPS,687.6195,-1.06429,0.7677181,-2.090626
RIPS,687.6322,-1.064173,0.7674696,-2.090297
RIPS,687.6385,-1.064199,0.767329,-2.09026
RIPS,687.6446,-1.064237,0.7673128,-2.090243
RIPS,687.653,-1.064081,0.7673744,-2.090107
RIPS,687.6615,-1.064068,0.7675705,-2.090257
RIPS,687.6692,-1.064344,0.7678372,-2.090614
RIPS,687.6783,-1.064358,0.7680421,-2.090705
RIPS,687.6862,-1.064349,0.7681869,-2.090686
RIPS,687.6943,-1.064096,0.7679907,-2.090362
RIPS,687.7028,-1.064096,0.76788,-2.090411
RIPS,687.711,-1.064031,0.7676095,-2.090187
RIPS,687.72,-1.06404,0.7673974,-2.090132
RIPS,687.7277,-1.064046,0.7673186,-2.090066
RIPS,687.7362,-1.063938,0.7672808,-2.090043
RIPS,687.7444,-1.063945,0.7674376,-2.090113
RIPS,687.7529,-1.064108,0.7676706,-2.090282
RIPS,687.7612,-1.064107,0.7679012,-2.090282
RIPS,687.7692,-1.064003,0.7680228,-2.090096
RIPS,687.7778,-1.064024,0.7681704,-2.089993
RIPS,687.7884,-1.064058,0.7682099,-2.089946
RIPS,687.8001,-1.064158,0.7681621,-2.089897
RIPS,687.8058,-1.064301,0.7679783,-2.089888
RIPS,687.8106,-1.064293,0.7679791,-2.089883
RIPS,687.8193,-1.06434,0.7678838,-2.089848
RIPS,687.8276,-1.064358,0.767919,-2.089791
RIPS,687.8363,-1.064467,0.7681403,-2.08992
RIPS,687.8441,-1.064482,0.768324,-2.089924
RIPS,687.8529,-1.064529,0.7685707,-2.089836
RIPS,687.8616,-1.06457,0.7688196,-2.089712
RIPS,687.8692,-1.064557,0.7689957,-2.089705
RIPS,687.8784,-1.064593,0.7691411,-2.089589
RIPS,687.8861,-1.064627,0.7692168,-2.089481
RIPS,687.8944,-1.064671,0.769254,-2.089426
RIPS,687.9026,-1.064712,0.7692462,-2.089358
RIPS,687.9108,-1.064996,0.7693872,-2.089421
RIPS,687.9202,-1.065033,0.7694747,-2.089324
RIPS,687.928,-1.065095,0.7695918,-2.089252
RIPS,687.9362,-1.06513,0.7696716,-2.089013
RIPS,687.9442,-1.065213,0.7699137,-2.088946
RIPS,687.9527,-1.065179,0.770103,-2.088798
RIPS,687.9609,-1.065261,0.7702542,-2.08864
RIPS,687.9691,-1.06527,0.7703264,-2.088431
RIPS,687.9777,-1.065281,0.7703462,-2.088162
RIPS,687.9866,-1.065399,0.770367,-2.08802
RIPS,687.9946,-1.065465,0.7703618,-2.087769
RIPS,688.0028,-1.065622,0.7704111,-2.087635
RIPS,688.0111,-1.065871,0.7707439,-2.087668
RIPS,688.0193,-1.065962,0.770998,-2.08747
RIPS,688.0275,-1.065983,0.7711815,-2.087272
RIPS,688.0362,-1.066048,0.7714356,-2.087035
RIPS,688.0446,-1.06607,0.7717319,-2.086808
RIPS,688.053,-1.065887,0.7718927,-2.086485
RIPS,688.061,-1.065884,0.7721673,-2.086204
RIPS,688.2114,-1.065757,0.7724369,-2.085824
RIPS,688.2212,-1.066526,0.7728947,-2.086599
RIPS,688.2279,-1.065676,0.7776893,-2.077671
RIPS,688.2361,-1.065673,0.7778074,-2.07719
RIPS,688.244,-1.065718,0.7777698,-2.076787
RIPS,688.2531,-1.065726,0.7781475,-2.076539
RIPS,688.2615,-1.065743,0.7783141,-2.07606
RIPS,688.2695,-1.065621,0.7785406,-2.07535
RIPS,688.2781,-1.065572,0.7788907,-2.074804
RIPS,688.2859,-1.065505,0.7793728,-2.07421
RIPS,688.2943,-1.065643,0.7798718,-2.073648
RIPS,688.3026,-1.06556,0.7805434,-2.073125
RIPS,688.3112,-1.065703,0.7811184,-2.072795
RIPS,688.3201,-1.065714,0.7814596,-2.072191
RIPS,688.3276,-1.065768,0.7812146,-2.072751
RIPS,688.3359,-1.065904,0.7806168,-2.073873
RIPS,688.3444,-1.065894,0.7802315,-2.074214
RIPS,688.3525,-1.065724,0.7801227,-2.074304
RIPS,688.361,-1.065591,0.780083,-2.074217
RIPS,688.3694,-1.065263,0.7800785,-2.073766
RIPS,688.3773,-1.065089,0.780231,-2.073402
RIPS,688.3865,-1.064935,0.7804247,-2.073084
RIPS,688.3956,-1.064273,0.7804294,-2.072391
RIPS,688.4026,-1.063413,0.7803229,-2.071299
RIPS,688.4107,-1.063245,0.7805766,-2.071102
RIPS,688.4195,-1.063129,0.7790927,-2.074209
RIPS,688.428,-1.062813,0.7784157,-2.074797
RIPS,688.4363,-1.062487,0.7778693,-2.075028
RIPS,688.4441,-1.062449,0.7774648,-2.075521
RIPS,688.4534,-1.062427,0.7772781,-2.075757
RIPS,688.4609,-1.062412,0.7771915,-2.07607
RIPS,688.4691,-1.062326,0.7770012,-2.076462
RIPS,688.4781,-1.062355,0.7768135,-2.077073
RIPS,688.4858,-1.062242,0.7765251,-2.077842
RIPS,688.4943,-1.062175,0.7762734,-2.078406
RIPS,688.5027,-1.062185,0.775809,-2.079363
RIPS,688.5111,-1.062188,0.775553,-2.080145
RIPS,688.5198,-1.062618,0.775632,-2.081156
RIPS,688.5275,-1.062833,0.7754487,-2.081765
RIPS,688.5362,-1.06293,0.7751188,-2.082105
RIPS,688.5442,-1.063039,0.7748457,-2.082593
RIPS,688.5525,-1.063018,0.7747424,-2.082855
RIPS,688.5612,-1.062984,0.7746415,-2.083144
RIPS,688.569,-1.062853,0.7746379,-2.083331
RIPS,688.5775,-1.06274,0.7746182,-2.083511
RIPS,688.5872,-1.06249,0.7745864,-2.083752
RIPS,688.5953,-1.06249,0.7746314,-2.08377
RIPS,688.6028,-1.062591,0.7748698,-2.083882
RIPS,688.6108,-1.062695,0.7752174,-2.083937
RIPS,688.6191,-1.062881,0.7755597,-2.083972
RIPS,688.6282,-1.063066,0.7758223,-2.083903
RIPS,688.6359,-1.063174,0.7760103,-2.083942
RIPS,688.6443,-1.063219,0.7761312,-2.083999
RIPS,688.6528,-1.063466,0.7763603,-2.083997
RIPS,688.6613,-1.063454,0.7763713,-2.083932
RIPS,688.6693,-1.063487,0.7763152,-2.083796
RIPS,688.678,-1.063286,0.776293,-2.083629
RIPS,688.6861,-1.063214,0.776319,-2.083549
RIPS,688.6941,-1.063167,0.7763805,-2.083594
RIPS,688.7029,-1.063185,0.7763686,-2.083682
RIPS,688.7106,-1.063081,0.7764943,-2.083679
RIPS,688.7199,-1.062923,0.7766117,-2.083439
RIPS,688.7278,-1.062702,0.7767013,-2.083154
RIPS,688.736,-1.062499,0.7769644,-2.082837
RIPS,688.7451,-1.062295,0.7771955,-2.082474
RIPS,688.7539,-1.062168,0.7773329,-2.08214
RIPS,688.7634,-1.062105,0.7775221,-2.082111
RIPS,688.7715,-1.062135,0.7777021,-2.082057
RIPS,688.7794,-1.062183,0.7779506,-2.081896
RIPS,688.7885,-1.062238,0.7782472,-2.081687
RIPS,688.7969,-1.062222,0.7782736,-2.081466
RIPS,688.8046,-1.062278,0.7783985,-2.081061
RIPS,688.8132,-1.062151,0.7786082,-2.080615
RIPS,688.8214,-1.062213,0.7789022,-2.080196
RIPS,688.8299,-1.06211,0.7791063,-2.07986
RIPS,688.8381,-1.061957,0.7792733,-2.079568
RIPS,688.8462,-1.061809,0.779395,-2.079323
RIPS,688.855,-1.061719,0.7794685,-2.079042
RIPS,688.8632,-1.061516,0.7795217,-2.078828
RIPS,688.8716,-1.06146,0.7795587,-2.078683
RIPS,688.8801,-1.061356,0.7795877,-2.078525
RIPS,688.8898,-1.061354,0.7796733,-2.078416
RIPS,688.896,-1.061407,0.7798976,-2.078231
RIPS,688.9047,-1.061465,0.779979,-2.078135
RIPS,688.913,-1.061575,0.7800751,-2.078082
RIPS,688.9224,-1.061612,0.7800639,-2.078122
RIPS,688.9294,-1.061541,0.7800329,-2.07811
RIPS,688.9383,-1.061463,0.7799609,-2.078049
RIPS,688.9462,-1.06132,0.7800247,-2.078058
RIPS,688.9555,-1.061267,0.7801628,-2.078059
RIPS,688.9631,-1.061205,0.780334,-2.078103
RIPS,688.9717,-1.061165,0.7805465,-2.078184
RIPS,688.9796,-1.061277,0.7806954,-2.07818
RIPS,688.9886,-1.061311,0.7808756,-2.078146
RIPS,688.9971,-1.061323,0.7808662,-2.078101
RIPS,689.0048,-1.061372,0.7808223,-2.078029
RIPS,689.0129,-1.061332,0.7806935,-2.077984
RIPS,689.0216,-1.061333,0.7806578,-2.078024
RIPS,689.0294,-1.061365,0.7805684,-2.078073
RIPS,689.038,-1.061355,0.7804786,-2.078145
RIPS,689.0465,-1.061293,0.7804225,-2.07823
RIPS,689.0554,-1.061283,0.7803466,-2.07821
RIPS,689.0632,-1.061261,0.7803354,-2.078192
RIPS,689.0713,-1.061233,0.7803357,-2.078021
RIPS,689.0801,-1.061206,0.7804219,-2.07799
RIPS,689.0881,-1.061227,0.7804951,-2.077929
RIPS,689.0963,-1.061234,0.7805778,-2.07787
RIPS,689.1048,-1.061278,0.7806237,-2.077911
RIPS,689.1129,-1.061376,0.7806758,-2.077981
RIPS,689.1219,-1.061449,0.7806643,-2.078092
RIPS,689.1301,-1.061454,0.7806545,-2.078187
RIPS,689.1381,-1.061499,0.7805673,-2.078232
RIPS,689.1465,-1.0616,0.7804071,-2.078311
RIPS,689.1554,-1.061627,0.7802645,-2.078392
RIPS,689.1632,-1.061648,0.7801746,-2.078459
RIPS,689.1711,-1.061645,0.7801316,-2.07847
RIPS,689.18,-1.061635,0.7801723,-2.078449
RIPS,689.1887,-1.061619,0.7802783,-2.078458
RIPS,689.1968,-1.061619,0.7803203,-2.078387
RIPS,689.205,-1.061587,0.7803774,-2.07836
RIPS,689.2131,-1.061603,0.7803822,-2.078343
RIPS,689.2212,-1.061628,0.7803342,-2.078372
RIPS,689.2295,-1.061666,0.7803188,-2.078479
RIPS,689.2382,-1.061734,0.7802631,-2.078512
RIPS,689.2465,-1.061785,0.7802281,-2.078542
RIPS,689.2549,-1.061827,0.7802226,-2.078558
RIPS,689.2633,-1.06188,0.7802459,-2.078611
RIPS,689.2712,-1.061944,0.7802035,-2.078588
RIPS,689.2801,-1.061953,0.7801784,-2.078605
RIPS,689.2878,-1.061933,0.7801361,-2.078577
RIPS,689.2963,-1.061942,0.7802073,-2.078589
RIPS,689.3051,-1.06196,0.7801985,-2.078566
RIPS,689.3148,-1.0619,0.7803,-2.078616
RIPS,689.3248,-1.061973,0.7803245,-2.078676
RIPS,689.3304,-1.061999,0.78028,-2.078748
RIPS,689.3361,-1.062015,0.7802032,-2.07879
RIPS,689.3444,-1.062059,0.7800386,-2.078804
RIPS,689.3526,-1.062076,0.7798984,-2.078845
RIPS,689.3611,-1.062085,0.7797799,-2.078907
RIPS,689.3693,-1.062117,0.7797769,-2.078963
RIPS,689.3775,-1.062189,0.7798525,-2.07903
RIPS,689.3876,-1.062102,0.7800875,-2.079009
RIPS,689.3956,-1.062132,0.7802771,-2.079
RIPS,689.4026,-1.062166,0.7802981,-2.078955
RIPS,689.4111,-1.062162,0.7801968,-2.078988
RIPS,689.4196,-1.06216,0.7799707,-2.079031
RIPS,689.4274,-1.062193,0.7796434,-2.079145
RIPS,689.4363,-1.062207,0.7793795,-2.079194
RIPS,689.4441,-1.062192,0.7791542,-2.07927
RIPS,689.4536,-1.062329,0.7790575,-2.079313
RIPS,689.4615,-1.062303,0.7791742,-2.079313
RIPS,689.4733,-1.062312,0.779211,-2.079224
RIPS,689.4838,-1.062295,0.7793083,-2.079325
RIPS,689.4891,-1.062168,0.7792877,-2.079411
RIPS,689.4936,-1.062201,0.7791888,-2.079576
RIPS,689.5026,-1.06225,0.7788621,-2.079839
RIPS,689.5106,-1.062357,0.7782975,-2.080209
RIPS,689.5193,-1.06253,0.7779298,-2.080436
RIPS,689.5274,-1.062704,0.7773494,-2.080778
RIPS,689.5359,-1.06288,0.7767256,-2.081066
RIPS,689.544,-1.063086,0.7763311,-2.081224
RIPS,689.5523,-1.063154,0.7759479,-2.081478
RIPS,689.5606,-1.063326,0.7757853,-2.081557
RIPS,689.5692,-1.063352,0.7756248,-2.081783
RIPS,689.5772,-1.063416,0.7755572,-2.082075
RIPS,689.5864,-1.063421,0.7755216,-2.082387
RIPS,689.5955,-1.063489,0.7755105,-2.082664
RIPS,689.6047,-1.063447,0.7753287,-2.083143
RIPS,689.613,-1.063511,0.7750971,-2.083496
RIPS,689.624,-1.063579,0.7745768,-2.083896
RIPS,689.6335,-1.06366,0.7740819,-2.084337
RIPS,689.6393,-1.064015,0.7732146,-2.084906
RIPS,689.6442,-1.064068,0.7729828,-2.085273
RIPS,689.6531,-1.064124,0.7724937,-2.085692
RIPS,689.6608,-1.064157,0.772059,-2.086008
RIPS,689.6689,-1.064165,0.7717915,-2.086405
RIPS,689.6777,-1.064207,0.7714865,-2.086585
RIPS,689.6857,-1.064229,0.7712795,-2.086952
RIPS,689.6944,-1.064337,0.7710941,-2.087313
RIPS,689.7026,-1.06438,0.770908,-2.087733
RIPS,689.7106,-1.064415,0.7706718,-2.088044
RIPS,689.7206,-1.064317,0.7703753,-2.088314
RIPS,689.729,-1.064398,0.7699228,-2.088684
RIPS,689.7355,-1.064419,0.769484,-2.089073
RIPS,689.7439,-1.064456,0.7690687,-2.089369
RIPS,689.7524,-1.064632,0.7686706,-2.089698
RIPS,689.7606,-1.064697,0.7682326,-2.09004
RIPS,689.7691,-1.064672,0.767797,-2.090303
RIPS,689.777,-1.064599,0.7674435,-2.090575
RIPS,689.786,-1.064424,0.7672282,-2.090749
RIPS,689.7948,-1.064351,0.7670004,-2.090909
RIPS,689.8023,-1.064304,0.7669336,-2.091077
RIPS,689.8104,-1.064219,0.7668173,-2.09123
RIPS,689.819,-1.0642,0.7667881,-2.091399
RIPS,689.8271,-1.064223,0.7666743,-2.091581
RIPS,689.8359,-1.064364,0.7664253,-2.092024
RIPS,689.844,-1.064482,0.7662035,-2.092284
RIPS,689.8527,-1.064599,0.7658244,-2.092606
RIPS,689.8607,-1.064577,0.7654453,-2.092938
RIPS,689.8688,-1.064757,0.7650461,-2.093278
RIPS,689.878,-1.06483,0.7646353,-2.09346
RIPS,689.886,-1.064872,0.7643002,-2.093714
RIPS,689.8942,-1.064895,0.7641706,-2.094055
RIPS,689.9033,-1.064928,0.7639965,-2.09445
RIPS,689.9106,-1.064945,0.7638491,-2.094894
RIPS,689.9211,-1.06492,0.7637103,-2.095338
RIPS,689.9332,-1.064826,0.7635265,-2.095844
RIPS,689.9424,-1.064718,0.7632409,-2.096139
RIPS,689.9524,-1.064628,0.7629189,-2.096391
RIPS,689.9605,-1.0646,0.7624401,-2.096978
RIPS,689.969,-1.064638,0.7621421,-2.097259
RIPS,689.9772,-1.064622,0.761829,-2.09761
RIPS,689.9857,-1.0646,0.7615643,-2.097808
RIPS,689.9948,-1.064516,0.7613635,-2.098052
RIPS,690.0023,-1.064455,0.7611438,-2.098319
RIPS,690.0106,-1.064529,0.7609546,-2.098612
RIPS,690.019,-1.064563,0.760979,-2.098981
RIPS,690.0271,-1.064505,0.7610477,-2.099542
RIPS,690.0355,-1.064497,0.7610034,-2.09986
RIPS,690.0437,-1.064355,0.7610829,-2.100128
RIPS,690.0528,-1.06435,0.7609536,-2.100394
RIPS,690.0609,-1.064297,0.7607873,-2.100617
RIPS,690.069,-1.064306,0.7606108,-2.100807
RIPS,690.0781,-1.064439,0.7603273,-2.100961
RIPS,690.0857,-1.064503,0.7601662,-2.101081
RIPS,690.0937,-1.064598,0.7600701,-2.101079
RIPS,690.1025,-1.064618,0.7598071,-2.10132
RIPS,690.1102,-1.064811,0.7597763,-2.101361
RIPS,690.1188,-1.064869,0.7597148,-2.101527
RIPS,690.1269,-1.065034,0.7597651,-2.101608
RIPS,690.1356,-1.065187,0.7599037,-2.101818
RIPS,690.1439,-1.065482,0.7600244,-2.102057
RIPS,690.1521,-1.065637,0.7601362,-2.102384
RIPS,690.1606,-1.065808,0.7601041,-2.102756
RIPS,690.1689,-1.065931,0.7600906,-2.103068
RIPS,690.1772,-1.066045,0.7599899,-2.103136
RIPS,690.1857,-1.066047,0.7600214,-2.103287
RIPS,690.1949,-1.066135,0.7600431,-2.103006
RIPS,690.2021,-1.066151,0.7601892,-2.102544
RIPS,690.2102,-1.066162,0.7604693,-2.101935
RIPS,690.2191,-1.066066,0.760983,-2.101008
RIPS,690.227,-1.066001,0.7614374,-2.100288
RIPS,690.2356,-1.065912,0.761657,-2.100063
RIPS,690.244,-1.065888,0.7618482,-2.099926
RIPS,690.2529,-1.065842,0.7616764,-2.100481
RIPS,690.2606,-1.0658,0.7616603,-2.100739
RIPS,690.2687,-1.065602,0.7617593,-2.100426
RIPS,690.2776,-1.06552,0.761695,-2.100525
RIPS,690.2853,-1.065474,0.762395,-2.099409
RIPS,690.2939,-1.065248,0.7634957,-2.097579
RIPS,690.3023,-1.065163,0.7633972,-2.097482
RIPS,690.3105,-1.065104,0.7633371,-2.097367
RIPS,690.3189,-1.064966,0.7633156,-2.096978
RIPS,690.3272,-1.064774,0.7633725,-2.09663
RIPS,690.3362,-1.064644,0.7634906,-2.096275
RIPS,690.3446,-1.064321,0.763741,-2.095738
RIPS,690.3537,-1.064167,0.7638524,-2.095681
RIPS,690.3619,-1.06405,0.7639434,-2.095554
RIPS,690.3705,-1.063903,0.7640808,-2.095463
RIPS,690.3788,-1.063802,0.7640569,-2.095522
RIPS,690.3889,-1.06364,0.7641845,-2.095396
RIPS,690.4006,-1.063503,0.7643,-2.09525
RIPS,690.4105,-1.063307,0.7644458,-2.094848
RIPS,690.4186,-1.063063,0.764947,-2.093851
RIPS,690.4272,-1.062889,0.7647781,-2.093502
RIPS,690.4354,-1.062806,0.7646793,-2.093452
RIPS,690.4435,-1.06289,0.7646589,-2.093379
RIPS,690.4527,-1.062866,0.764659,-2.093343
RIPS,690.4609,-1.06266,0.7645453,-2.093277
RIPS,690.4685,-1.062605,0.7646278,-2.093243
RIPS,690.4775,-1.062559,0.7646627,-2.093182
RIPS,690.4856,-1.06271,0.7648819,-2.093666
RIPS,690.4937,-1.062693,0.7649263,-2.093669
RIPS,690.502,-1.062453,0.7649927,-2.093531
RIPS,690.5103,-1.062435,0.7650604,-2.093491
RIPS,690.519,-1.062377,0.7652357,-2.093344
RIPS,690.5272,-1.062325,0.7653736,-2.093161
RIPS,690.5355,-1.062375,0.7654721,-2.093179
RIPS,690.5436,-1.062428,0.7654427,-2.093184
RIPS,690.5521,-1.06246,0.7653899,-2.093153
RIPS,690.5605,-1.062492,0.7652943,-2.0931
RIPS,690.5687,-1.062518,0.7651681,-2.093019
RIPS,690.5768,-1.062496,0.7650181,-2.093003
RIPS,690.5859,-1.062564,0.7649989,-2.092889
RIPS,690.5942,-1.062598,0.7650707,-2.092897
RIPS,690.6025,-1.062668,0.7652807,-2.092796
RIPS,690.6102,-1.062731,0.7654176,-2.092787
RIPS,690.6188,-1.062836,0.7655742,-2.092707
RIPS,690.6281,-1.063121,0.7657488,-2.09287
RIPS,690.6356,-1.063227,0.7657168,-2.09285
RIPS,690.6437,-1.063419,0.7656325,-2.093058
RIPS,690.6525,-1.063521,0.7655096,-2.093033
RIPS,690.6605,-1.063487,0.7654127,-2.09309
RIPS,690.6686,-1.063556,0.7653998,-2.093083
RIPS,690.6777,-1.063619,0.7654819,-2.093039
RIPS,690.6854,-1.06344,0.7655037,-2.092816
RIPS,690.6934,-1.063455,0.7657218,-2.09286
RIPS,690.7027,-1.063585,0.7659037,-2.092897
RIPS,690.7127,-1.063621,0.7660057,-2.092937
RIPS,690.7226,-1.06368,0.7660968,-2.092902
RIPS,690.7286,-1.063644,0.7659554,-2.092832
RIPS,690.7354,-1.063709,0.7658787,-2.092887
RIPS,690.7437,-1.063868,0.7658833,-2.093053
RIPS,690.7519,-1.063907,0.7658669,-2.093053
RIPS,690.7606,-1.063912,0.7658489,-2.093135
RIPS,690.769,-1.064173,0.7660108,-2.093436
RIPS,690.7768,-1.064175,0.7660869,-2.093456
RIPS,690.7856,-1.064415,0.7663146,-2.093571
RIPS,690.7947,-1.064464,0.7664171,-2.093595
RIPS,690.8022,-1.064511,0.7665278,-2.093547
RIPS,690.8104,-1.064626,0.7665436,-2.093599
RIPS,690.8185,-1.064718,0.7665216,-2.093606
RIPS,690.8271,-1.064867,0.7666066,-2.093699
RIPS,690.8353,-1.064911,0.7665191,-2.093646
RIPS,690.844,-1.065005,0.7664977,-2.093688
RIPS,690.8522,-1.065007,0.7665904,-2.093624
RIPS,690.8606,-1.065168,0.7668067,-2.093757
RIPS,690.8684,-1.065174,0.7669662,-2.093682
RIPS,690.8775,-1.065345,0.767134,-2.093692
RIPS,690.8853,-1.065292,0.7671568,-2.093434
RIPS,690.8939,-1.065326,0.7671759,-2.093405
RIPS,690.9022,-1.065492,0.7673683,-2.093359
RIPS,690.9107,-1.065525,0.7673683,-2.093314
RIPS,690.9188,-1.065628,0.767469,-2.093359
RIPS,690.9274,-1.065668,0.7674982,-2.093287
RIPS,690.9354,-1.06574,0.767509,-2.093267
RIPS,690.9437,-1.065693,0.7675483,-2.093098
RIPS,690.9518,-1.065745,0.7676944,-2.093005
RIPS,690.9604,-1.065789,0.7678247,-2.09306
RIPS,690.9688,-1.065863,0.767985,-2.092957
RIPS,690.9769,-1.06579,0.7681345,-2.092822
RIPS,690.9857,-1.065848,0.7682773,-2.092716
RIPS,690.9941,-1.065916,0.7684239,-2.092617
RIPS,691.0026,-1.065762,0.7684882,-2.09238
RIPS,691.0103,-1.065827,0.7685314,-2.092299
RIPS,691.0194,-1.065813,0.7685511,-2.092135
RIPS,691.0275,-1.065849,0.768591,-2.092023
RIPS,691.0361,-1.065874,0.7685955,-2.091923
RIPS,691.0446,-1.065964,0.7686514,-2.091716
RIPS,691.0543,-1.06601,0.7687694,-2.091606
RIPS,691.0615,-1.066054,0.7689481,-2.091382
RIPS,691.0703,-1.066129,0.7691828,-2.091262
RIPS,691.0789,-1.066212,0.7694789,-2.091169
RIPS,691.087,-1.066369,0.7692745,-2.0917
RIPS,691.0957,-1.066465,0.7692841,-2.091784
RIPS,691.1039,-1.066417,0.7694281,-2.09153
RIPS,691.1124,-1.066482,0.7694764,-2.09141
RIPS,691.1212,-1.066601,0.7694823,-2.091437
RIPS,691.1295,-1.066646,0.7696621,-2.091067
RIPS,691.1376,-1.066863,0.7697378,-2.09131
RIPS,691.1458,-1.066916,0.7699664,-2.091128
RIPS,691.1545,-1.067003,0.7702127,-2.09096
RIPS,691.1624,-1.067156,0.7704092,-2.090826
RIPS,691.1713,-1.067209,0.7705501,-2.090797
RIPS,691.179,-1.067191,0.7707483,-2.090733
RIPS,691.188,-1.067226,0.770988,-2.090729
RIPS,691.1967,-1.067298,0.7713604,-2.090664
RIPS,691.2042,-1.067271,0.7716443,-2.090272
RIPS,691.2126,-1.067274,0.7718816,-2.089404
RIPS,691.2209,-1.067199,0.7725078,-2.088012
RIPS,691.2291,-1.067194,0.7726254,-2.087207
RIPS,691.2377,-1.067226,0.7726043,-2.086707
RIPS,691.2458,-1.067304,0.7728184,-2.086239
RIPS,691.2545,-1.067383,0.773255,-2.085742
RIPS,691.2629,-1.067305,0.7737069,-2.085079
RIPS,691.2709,-1.067335,0.774413,-2.084607
RIPS,691.2797,-1.06712,0.77496,-2.084069
RIPS,691.2874,-1.067114,0.775437,-2.083635
RIPS,691.2957,-1.067094,0.7756096,-2.083282
RIPS,691.3041,-1.066838,0.7755007,-2.082831
RIPS,691.3126,-1.066832,0.7753571,-2.082443
RIPS,691.3214,-1.066805,0.7749713,-2.082026
RIPS,691.3292,-1.066775,0.7748122,-2.081554
RIPS,691.3375,-1.066534,0.7746797,-2.080759
RIPS,691.3458,-1.066513,0.7747837,-2.080195
RIPS,691.3553,-1.066471,0.775251,-2.079663
RIPS,691.3627,-1.066387,0.7759382,-2.078942
RIPS,691.3708,-1.066371,0.7769515,-2.078485
RIPS,691.3788,-1.066393,0.7781109,-2.078055
RIPS,691.3887,-1.066382,0.7787622,-2.07768
RIPS,691.3963,-1.066382,0.7792092,-2.077371
RIPS,691.4045,-1.066377,0.7791484,-2.077114
RIPS,691.4125,-1.066371,0.7784534,-2.076858
RIPS,691.4208,-1.066229,0.7779044,-2.07665
RIPS,691.4288,-1.066216,0.7774242,-2.076323
RIPS,691.4377,-1.066122,0.7772905,-2.076113
RIPS,691.4459,-1.066027,0.7774184,-2.075772
RIPS,691.4548,-1.065871,0.7780995,-2.075379
RIPS,691.4623,-1.065725,0.7793768,-2.074869
RIPS,691.4709,-1.065586,0.7810925,-2.074273
RIPS,691.4799,-1.065543,0.781913,-2.073747
RIPS,691.4873,-1.065433,0.7825983,-2.073358
RIPS,691.4955,-1.065409,0.7830618,-2.072946
RIPS,691.5042,-1.065668,0.7825722,-2.072848
RIPS,691.5125,-1.065697,0.7820113,-2.072666
RIPS,691.5214,-1.0657,0.7809714,-2.073195
RIPS,691.5289,-1.065743,0.7800774,-2.074138
RIPS,691.5374,-1.066022,0.7800415,-2.074808
RIPS,691.546,-1.066082,0.7801849,-2.074961
RIPS,691.555,-1.066237,0.7807864,-2.074793
RIPS,691.5626,-1.064522,0.7802903,-2.072672
RIPS,691.5707,-1.064599,0.7809767,-2.072515
RIPS,691.5793,-1.064485,0.7814031,-2.072404
RIPS,691.588,-1.064262,0.7813041,-2.072087
RIPS,691.5969,-1.06435,0.7797103,-2.074904
RIPS,691.6044,-1.064407,0.7784303,-2.076927
RIPS,691.6124,-1.064281,0.7775456,-2.07725
RIPS,691.6208,-1.064383,0.7768404,-2.078118
RIPS,691.6292,-1.064421,0.7766581,-2.07832
RIPS,691.6384,-1.06446,0.7768774,-2.078097
RIPS,691.6459,-1.064213,0.7768751,-2.077196
RIPS,691.6546,-1.064189,0.7769805,-2.077234
RIPS,691.6623,-1.064186,0.7769642,-2.077262
RIPS,691.6708,-1.064168,0.7768422,-2.077572
RIPS,691.6794,-1.064011,0.7766838,-2.077909
RIPS,691.6873,-1.063998,0.7765283,-2.078226
RIPS,691.696,-1.063919,0.7764518,-2.078412
RIPS,691.704,-1.063833,0.7765657,-2.078798
RIPS,691.7124,-1.063709,0.7767344,-2.078746
RIPS,691.7216,-1.063661,0.7771578,-2.078661
RIPS,691.7291,-1.063608,0.7774872,-2.078536
RIPS,691.7376,-1.063556,0.7777549,-2.078489
RIPS,691.7455,-1.06364,0.7779581,-2.078522
RIPS,691.7549,-1.063569,0.7779019,-2.078478
RIPS,691.7623,-1.063626,0.7779602,-2.078486
RIPS,691.7709,-1.063558,0.7778249,-2.078379
RIPS,691.7787,-1.063753,0.7779907,-2.07862
RIPS,691.7886,-1.063681,0.7780771,-2.078585
RIPS,691.7965,-1.063617,0.778154,-2.07856
RIPS,691.804,-1.063535,0.7783414,-2.078476
RIPS,691.8122,-1.063534,0.7786987,-2.078413
RIPS,691.8206,-1.063584,0.778889,-2.078282
RIPS,691.829,-1.063623,0.7791279,-2.078149
RIPS,691.8375,-1.063662,0.779422,-2.0781
RIPS,691.8455,-1.063758,0.7795967,-2.077857
RIPS,691.8555,-1.063877,0.7796497,-2.07775
RIPS,691.8626,-1.063784,0.7798771,-2.077611
RIPS,691.8706,-1.063901,0.7800866,-2.077374
RIPS,691.8793,-1.063909,0.7801792,-2.07724
RIPS,691.8876,-1.063977,0.7802728,-2.077002
RIPS,691.896,-1.064034,0.7802877,-2.076678
RIPS,691.9044,-1.063958,0.7804171,-2.076338
RIPS,691.9133,-1.063772,0.7806326,-2.075941
RIPS,691.9214,-1.063892,0.7809377,-2.075547
RIPS,691.9293,-1.063777,0.7811984,-2.075304
RIPS,691.9373,-1.063817,0.7814282,-2.074988
RIPS,691.9457,-1.063727,0.7816861,-2.074775
RIPS,691.9551,-1.063622,0.7819546,-2.074617
RIPS,691.9627,-1.0636,0.7822826,-2.074612
RIPS,691.9709,-1.063594,0.7824316,-2.074423
RIPS,691.9792,-1.063613,0.7825285,-2.074203
RIPS,691.9879,-1.063655,0.7826157,-2.073974
RIPS,691.9965,-1.063795,0.7826372,-2.073668
RIPS,692.0041,-1.06384,0.7826625,-2.073511
RIPS,692.0123,-1.063817,0.7825821,-2.07332
RIPS,692.0207,-1.063731,0.7828225,-2.073258
RIPS,692.0288,-1.063616,0.7826575,-2.073191
RIPS,692.0372,-1.063489,0.7825564,-2.073004
RIPS,692.0458,-1.063417,0.782496,-2.07297
RIPS,692.0544,-1.063355,0.7824261,-2.072834
RIPS,692.0623,-1.063506,0.7824742,-2.07297
RIPS,692.0704,-1.063537,0.78254,-2.072953
RIPS,692.0795,-1.063548,0.7825601,-2.072981
RIPS,692.0875,-1.063585,0.7826761,-2.072991
RIPS,692.0963,-1.063465,0.7827004,-2.073006
RIPS,692.1042,-1.063457,0.782839,-2.07309
RIPS,692.1122,-1.063461,0.7829254,-2.073184
RIPS,692.121,-1.063219,0.7829933,-2.073262
RIPS,692.1289,-1.063159,0.7829385,-2.073405
RIPS,692.1375,-1.063186,0.7828166,-2.073631
RIPS,692.1457,-1.063212,0.7826635,-2.07381
RIPS,692.1552,-1.063275,0.7825092,-2.074006
RIPS,692.1624,-1.063286,0.7823455,-2.074106
RIPS,692.171,-1.063254,0.782271,-2.074078
RIPS,692.1787,-1.063181,0.7823021,-2.074057
RIPS,692.1881,-1.063201,0.7823452,-2.074033
RIPS,692.1965,-1.063131,0.7824916,-2.073976
RIPS,692.204,-1.063048,0.7825702,-2.074005
RIPS,692.2122,-1.063021,0.7826183,-2.074003
RIPS,692.2208,-1.063006,0.7826562,-2.074036
RIPS,692.2287,-1.063087,0.7824626,-2.074057
RIPS,692.2374,-1.063152,0.7822494,-2.074135
RIPS,692.2457,-1.063177,0.7820432,-2.074187
RIPS,692.2544,-1.06321,0.7818904,-2.074273
RIPS,692.2623,-1.063337,0.7817242,-2.074239
RIPS,692.2708,-1.063321,0.7816987,-2.074232
RIPS,692.279,-1.063261,0.7817506,-2.074252
RIPS,692.2873,-1.063227,0.7817811,-2.074281
RIPS,692.2956,-1.063078,0.7819377,-2.074393
RIPS,692.304,-1.063039,0.7819774,-2.074395
RIPS,692.3124,-1.063016,0.7819694,-2.074523
RIPS,692.321,-1.063004,0.781934,-2.074592
RIPS,692.329,-1.062991,0.7818186,-2.074795
RIPS,692.3374,-1.062974,0.7816865,-2.074991
RIPS,692.3456,-1.062973,0.7814744,-2.07515
RIPS,692.3547,-1.062971,0.7813646,-2.075329
RIPS,692.3622,-1.062902,0.7812065,-2.075474
RIPS,692.3708,-1.06286,0.7811856,-2.075573
RIPS,692.3789,-1.062752,0.7811177,-2.075669
RIPS,692.3879,-1.062672,0.7811073,-2.075624
RIPS,692.3969,-1.062578,0.7811378,-2.075592
RIPS,692.4042,-1.062595,0.781216,-2.075557
RIPS,692.4125,-1.062599,0.7812573,-2.075543
RIPS,692.4206,-1.062594,0.7813423,-2.07547
RIPS,692.4291,-1.062564,0.7813888,-2.075468
RIPS,692.4372,-1.062491,0.7814391,-2.075459
RIPS,692.4453,-1.06241,0.7814445,-2.075365
RIPS,692.4542,-1.062391,0.7814094,-2.075282
RIPS,692.4624,-1.062281,0.781359,-2.07527
RIPS,692.4708,-1.062237,0.7812887,-2.07517
RIPS,692.4792,-1.062274,0.7812018,-2.075074
RIPS,692.4874,-1.062283,0.7811562,-2.074959
RIPS,692.4955,-1.062375,0.781148,-2.074854
RIPS,692.5041,-1.062395,0.781184,-2.074721
RIPS,692.512,-1.062409,0.7813799,-2.074631
RIPS,692.5213,-1.062397,0.7815958,-2.07461
RIPS,692.5292,-1.062427,0.7817466,-2.074582
RIPS,692.5373,-1.06236,0.7818512,-2.074636
RIPS,692.5457,-1.062403,0.7817945,-2.074644
RIPS,692.5546,-1.062503,0.781669,-2.074703
RIPS,692.5627,-1.062636,0.781375,-2.074689
RIPS,692.5705,-1.062685,0.7810478,-2.074624
RIPS,692.579,-1.062836,0.7808884,-2.074544
RIPS,692.5877,-1.062852,0.7808397,-2.074509
RIPS,692.5966,-1.062908,0.7811329,-2.074571
RIPS,692.6045,-1.062954,0.7813282,-2.074624
RIPS,692.6121,-1.062986,0.7815655,-2.074695
RIPS,692.6206,-1.062966,0.7816889,-2.074816
RIPS,692.6291,-1.063015,0.7816178,-2.074888
RIPS,692.6373,-1.06312,0.7815575,-2.075083
RIPS,692.6456,-1.063233,0.7813023,-2.075255
RIPS,692.6541,-1.063341,0.7809509,-2.075429
RIPS,692.6622,-1.063396,0.7805194,-2.075587
RIPS,692.6708,-1.063492,0.7802836,-2.075725
RIPS,692.6794,-1.06356,0.7801318,-2.075832
RIPS,692.6873,-1.063663,0.7801348,-2.075991
RIPS,692.6954,-1.063765,0.7802072,-2.076067
RIPS,692.7042,-1.063815,0.7802191,-2.076194
RIPS,692.712,-1.063804,0.7802874,-2.076311
RIPS,692.7219,-1.063812,0.7802396,-2.076438
RIPS,692.7329,-1.063759,0.7799797,-2.076509
RIPS,692.7426,-1.063751,0.7798039,-2.076672
RIPS,692.7519,-1.063679,0.7792203,-2.076765
RIPS,692.7601,-1.063747,0.7788935,-2.077114
RIPS,692.7684,-1.063837,0.7787672,-2.07741
RIPS,692.7768,-1.06407,0.7786383,-2.077696
RIPS,692.7855,-1.064181,0.778469,-2.078038
RIPS,692.7943,-1.064225,0.7783768,-2.078357
RIPS,692.8018,-1.064236,0.7780914,-2.078504
RIPS,692.81,-1.064134,0.7777048,-2.078637
RIPS,692.8183,-1.064157,0.7773374,-2.078782
RIPS,692.8267,-1.064085,0.7770093,-2.078934
RIPS,692.8351,-1.064159,0.7767146,-2.079134
RIPS,692.8436,-1.064307,0.7765184,-2.07941
RIPS,692.8521,-1.064341,0.7762641,-2.079743
RIPS,692.8604,-1.064386,0.7760798,-2.08009
RIPS,692.8686,-1.064366,0.7758663,-2.080239
RIPS,692.8776,-1.064423,0.7755647,-2.080415
RIPS,692.8873,-1.06448,0.7753356,-2.080632
RIPS,692.8979,-1.06451,0.7751333,-2.080875
RIPS,692.9037,-1.064597,0.7748723,-2.081126
RIPS,692.9099,-1.064623,0.7746175,-2.081372
RIPS,692.9194,-1.06469,0.7742262,-2.081657
RIPS,692.9268,-1.064787,0.7739811,-2.082034
RIPS,692.9352,-1.064902,0.7736428,-2.082239
RIPS,692.9437,-1.065014,0.7734398,-2.082596
RIPS,692.9517,-1.065079,0.7731814,-2.082855
RIPS,692.9603,-1.065229,0.7728966,-2.08307
RIPS,692.9684,-1.065234,0.7725836,-2.083268
RIPS,692.9765,-1.065163,0.7724337,-2.083524
RIPS,692.9853,-1.06512,0.7721785,-2.083716
RIPS,692.9945,-1.064974,0.7720494,-2.084037
RIPS,693.0027,-1.064917,0.7718853,-2.084378
RIPS,693.0099,-1.064869,0.7716857,-2.084615
RIPS,693.0211,-1.064818,0.7714064,-2.084855
RIPS,693.0289,-1.064809,0.7712473,-2.085102
RIPS,693.0397,-1.06485,0.7710159,-2.085324
RIPS,693.0493,-1.064854,0.7708088,-2.085646
RIPS,693.055,-1.06481,0.7706997,-2.085778
RIPS,693.061,-1.064798,0.7705265,-2.086042
RIPS,693.0684,-1.0648,0.7704096,-2.086252
RIPS,693.0771,-1.064811,0.770335,-2.086389
RIPS,693.0853,-1.064838,0.7701877,-2.086541
RIPS,693.0933,-1.064866,0.7699043,-2.086804
RIPS,693.1022,-1.064882,0.7696795,-2.08709
RIPS,693.1099,-1.0649,0.7694894,-2.087338
RIPS,693.1182,-1.06493,0.7691741,-2.087784
RIPS,693.1277,-1.064974,0.7690192,-2.0881
RIPS,693.1351,-1.065031,0.7688221,-2.088607
RIPS,693.1434,-1.065056,0.7687224,-2.088909
RIPS,693.1517,-1.065079,0.7686471,-2.089083
RIPS,693.1603,-1.065081,0.768562,-2.089216
RIPS,693.1682,-1.065084,0.7684394,-2.089335
RIPS,693.1766,-1.065048,0.7684917,-2.089263
RIPS,693.1856,-1.065058,0.7683558,-2.08943
RIPS,693.1936,-1.065092,0.7682877,-2.089618
RIPS,693.2017,-1.065134,0.7681571,-2.089936
RIPS,693.2101,-1.065205,0.7680336,-2.090208
RIPS,693.2183,-1.065252,0.7678434,-2.090416
RIPS,693.2266,-1.065248,0.7677118,-2.09057
RIPS,693.2351,-1.065289,0.7673728,-2.091099
RIPS,693.243,-1.065259,0.7670525,-2.091657
RIPS,693.2526,-1.065209,0.7666442,-2.0921
RIPS,693.2603,-1.065213,0.7664334,-2.092429
RIPS,693.2684,-1.065281,0.7660171,-2.093225
RIPS,693.2773,-1.065356,0.7656535,-2.09383
RIPS,693.285,-1.065488,0.7651823,-2.09446
RIPS,693.293,-1.06557,0.7647257,-2.095214
RIPS,693.3019,-1.065713,0.764303,-2.095739
RIPS,693.3099,-1.065822,0.7639678,-2.096101
RIPS,693.3184,-1.065904,0.7636642,-2.096503
RIPS,693.3268,-1.065975,0.7634272,-2.096725
RIPS,693.3351,-1.065927,0.7631037,-2.097113
RIPS,693.3436,-1.06592,0.7628393,-2.097548
RIPS,693.3537,-1.065941,0.7626488,-2.097873
RIPS,693.364,-1.065975,0.7623845,-2.098385
RIPS,693.3696,-1.065948,0.7622582,-2.098688
RIPS,693.3762,-1.065947,0.7622854,-2.098804
RIPS,693.3852,-1.065933,0.7623759,-2.098846
RIPS,693.3937,-1.066016,0.7623556,-2.098967
RIPS,693.4018,-1.06599,0.7625251,-2.098707
RIPS,693.4096,-1.065966,0.7627211,-2.098401
RIPS,693.4183,-1.066063,0.7629098,-2.098012
RIPS,693.4263,-1.066044,0.7633969,-2.0972
RIPS,693.4359,-1.06604,0.7641233,-2.096153
RIPS,693.4431,-1.066052,0.7651992,-2.094639
RIPS,693.4524,-1.066028,0.7651771,-2.094808
RIPS,693.4603,-1.066123,0.7651494,-2.095005
RIPS,693.4681,-1.066142,0.7651367,-2.095174
RIPS,693.4769,-1.066012,0.7651522,-2.095474
RIPS,693.4849,-1.065904,0.7650385,-2.095644
RIPS,693.493,-1.065843,0.7648293,-2.095745
RIPS,693.5021,-1.065742,0.7647726,-2.095744
RIPS,693.5095,-1.065683,0.7647106,-2.0958
RIPS,693.5184,-1.065619,0.7646112,-2.095714
RIPS,693.5269,-1.065475,0.7646301,-2.095667
RIPS,693.5347,-1.06543,0.7647359,-2.095598
RIPS,693.5428,-1.0653,0.7648661,-2.095385
RIPS,693.5513,-1.065117,0.7651701,-2.094909
RIPS,693.5601,-1.064895,0.7656962,-2.094005
RIPS,693.568,-1.064741,0.7655795,-2.093999
RIPS,693.5765,-1.064495,0.7654576,-2.093942
RIPS,693.585,-1.064319,0.7653291,-2.093945
RIPS,693.5937,-1.064188,0.7651535,-2.093934
RIPS,693.6015,-1.064013,0.7651294,-2.093899
RIPS,693.6097,-1.063891,0.7649853,-2.093803
RIPS,693.618,-1.063736,0.7650446,-2.093786
RIPS,693.6263,-1.063563,0.7651765,-2.093746
RIPS,693.6352,-1.06337,0.7653151,-2.093673
RIPS,693.6431,-1.063238,0.7654466,-2.093595
RIPS,693.6536,-1.06316,0.7655147,-2.093415
RIPS,693.6659,-1.062969,0.7653812,-2.09319
RIPS,693.6768,-1.062941,0.7651334,-2.093076
RIPS,693.6849,-1.062912,0.7648922,-2.093028
RIPS,693.6934,-1.062927,0.7647271,-2.092932
RIPS,693.7015,-1.062898,0.7647076,-2.092817
RIPS,693.7098,-1.062881,0.7647456,-2.092692
RIPS,693.7182,-1.062927,0.76474,-2.092654
RIPS,693.7269,-1.062851,0.7649598,-2.092714
RIPS,693.7348,-1.062817,0.7653152,-2.09271
RIPS,693.7429,-1.062747,0.7654595,-2.09268
RIPS,693.7514,-1.062624,0.765537,-2.092353
RIPS,693.7601,-1.062631,0.7655581,-2.092361
RIPS,693.7684,-1.062701,0.7655293,-2.092377
RIPS,693.7762,-1.062671,0.7652945,-2.092181
RIPS,693.7852,-1.062704,0.7652911,-2.092078
RIPS,693.7935,-1.062844,0.7653555,-2.092415
RIPS,693.8019,-1.062888,0.7652634,-2.092407
RIPS,693.8101,-1.062824,0.7653897,-2.092173
RIPS,693.8195,-1.062802,0.7654997,-2.092155
RIPS,693.8286,-1.062871,0.7656453,-2.092096
RIPS,693.8347,-1.063036,0.7658558,-2.092138
RIPS,693.8432,-1.063098,0.7660095,-2.092094
RIPS,693.8519,-1.063013,0.7660372,-2.092005
RIPS,693.8598,-1.063055,0.7660127,-2.091987
RIPS,693.868,-1.063074,0.7659,-2.091931
RIPS,693.877,-1.063019,0.7657851,-2.092098
RIPS,693.8848,-1.063093,0.7656258,-2.092043
RIPS,693.8934,-1.063096,0.765403,-2.091938
RIPS,693.9016,-1.063163,0.7653633,-2.09196
RIPS,693.91,-1.063345,0.7654454,-2.092185
RIPS,693.9185,-1.063424,0.7655873,-2.092256
RIPS,693.9274,-1.063532,0.7657294,-2.092346
RIPS,693.9348,-1.06339,0.7657897,-2.092244
RIPS,693.9433,-1.063496,0.7657984,-2.092331
RIPS,693.9514,-1.063675,0.7658542,-2.092483
RIPS,693.9603,-1.063845,0.7658231,-2.092569
RIPS,693.9703,-1.064077,0.7656936,-2.092661
RIPS,693.9791,-1.064113,0.7656013,-2.092779
RIPS,693.985,-1.064129,0.7655392,-2.092811
RIPS,693.9937,-1.06425,0.7655732,-2.093001
RIPS,694.0015,-1.064254,0.7656306,-2.093052
RIPS,694.0099,-1.064136,0.7657059,-2.092861
RIPS,694.0182,-1.064162,0.7658769,-2.092873
RIPS,694.0263,-1.064383,0.76601,-2.093056
RIPS,694.0348,-1.064431,0.7660512,-2.093076
RIPS,694.0428,-1.064495,0.7660284,-2.093045
RIPS,694.0515,-1.064598,0.7660235,-2.09304
RIPS,694.0599,-1.064654,0.766,-2.093057
RIPS,694.0678,-1.064807,0.7660583,-2.093265
RIPS,694.0769,-1.064747,0.7659924,-2.093213
RIPS,694.085,-1.064755,0.7660257,-2.093211
RIPS,694.0938,-1.064843,0.766184,-2.093266
RIPS,694.1024,-1.064903,0.7662901,-2.093241
RIPS,694.111,-1.064997,0.7664049,-2.093074
RIPS,694.1193,-1.065055,0.7665002,-2.092896
RIPS,694.1273,-1.065075,0.7665407,-2.092831
RIPS,694.1354,-1.065168,0.7665234,-2.092824
RIPS,694.1438,-1.065175,0.76655,-2.09273
RIPS,694.1523,-1.065208,0.7666637,-2.092819
RIPS,694.1605,-1.065224,0.7667434,-2.092738
RIPS,694.1689,-1.065246,0.76687,-2.09265
RIPS,694.1772,-1.065052,0.766808,-2.092301
RIPS,694.1862,-1.065069,0.7669764,-2.092193
RIPS,694.1948,-1.065007,0.767109,-2.092068
RIPS,694.2024,-1.065005,0.7672564,-2.091911
RIPS,694.2103,-1.064901,0.7673007,-2.091682
RIPS,694.2192,-1.0649,0.7674084,-2.091495
RIPS,694.2271,-1.064902,0.7674853,-2.091346
RIPS,694.2357,-1.06478,0.7675214,-2.091118
RIPS,694.2437,-1.064834,0.7675875,-2.091022
RIPS,694.2527,-1.064741,0.7675444,-2.090593
RIPS,694.2612,-1.064807,0.767716,-2.090535
RIPS,694.2697,-1.064955,0.7678762,-2.090441
RIPS,694.2781,-1.064995,0.768034,-2.090307
RIPS,694.2862,-1.065103,0.7681602,-2.090098
RIPS,694.2944,-1.064938,0.7681245,-2.089689
RIPS,694.3035,-1.065009,0.7682272,-2.089449
RIPS,694.3112,-1.06482,0.7683198,-2.08902
RIPS,694.3209,-1.06487,0.7685744,-2.088708
RIPS,694.3285,-1.064884,0.7689276,-2.088423
RIPS,694.3367,-1.064848,0.7692061,-2.088134
RIPS,694.3455,-1.064874,0.7695468,-2.087871
RIPS,694.3542,-1.064895,0.7697209,-2.087615
RIPS,694.3621,-1.064935,0.7699275,-2.087297
RIPS,694.3703,-1.06503,0.7700617,-2.08701
RIPS,694.3781,-1.065017,0.7702268,-2.086606
RIPS,694.3872,-1.065011,0.7704009,-2.086198
RIPS,694.3967,-1.064757,0.7705674,-2.08545
RIPS,694.4038,-1.064688,0.7709476,-2.084979
RIPS,694.412,-1.064577,0.7714036,-2.084379
RIPS,694.4204,-1.064534,0.7718335,-2.083926
RIPS,694.4285,-1.064452,0.7720481,-2.08339
RIPS,694.4371,-1.064419,0.7723026,-2.082939
RIPS,694.4453,-1.06445,0.7724383,-2.082506
RIPS,694.4546,-1.064675,0.7726003,-2.082203
RIPS,694.462,-1.064727,0.7726847,-2.081688
RIPS,694.4702,-1.064765,0.7728804,-2.081151
RIPS,694.4787,-1.064755,0.7731363,-2.08074
RIPS,694.4868,-1.064822,0.7735637,-2.080408
RIPS,694.4953,-1.064794,0.7739173,-2.079986
RIPS,694.5037,-1.064745,0.7742472,-2.079579
RIPS,694.5118,-1.064507,0.7745138,-2.07905
RIPS,694.5212,-1.064499,0.7749041,-2.078691
RIPS,694.5283,-1.064563,0.7752792,-2.078279
RIPS,694.5368,-1.064691,0.775552,-2.077881
RIPS,694.5453,-1.064779,0.7758117,-2.077366
RIPS,694.5544,-1.06454,0.7758087,-2.076674
RIPS,694.5621,-1.064584,0.7758636,-2.07628
RIPS,694.5703,-1.064315,0.7758666,-2.075707
RIPS,694.5785,-1.064223,0.776078,-2.075164
RIPS,694.5878,-1.064107,0.776373,-2.074558
RIPS,694.5967,-1.063988,0.7766743,-2.073798
RIPS,694.6041,-1.063922,0.776879,-2.073141
RIPS,694.612,-1.064093,0.7771737,-2.072644
RIPS,694.6201,-1.064082,0.7772887,-2.072181
RIPS,694.6285,-1.063901,0.7773347,-2.071754
RIPS,694.637,-1.063806,0.7777907,-2.07138
RIPS,694.6454,-1.063763,0.7784026,-2.070832
RIPS,694.6543,-1.063612,0.7790341,-2.070237
RIPS,694.6619,-1.063425,0.7796912,-2.069639
RIPS,694.6705,-1.063333,0.7804124,-2.069146
RIPS,694.6788,-1.063107,0.7809998,-2.068552
RIPS,694.6871,-1.063044,0.7815329,-2.068013
RIPS,694.6952,-1.0629,0.7817491,-2.0673
RIPS,694.7037,-1.062782,0.7817346,-2.066609
RIPS,694.7117,-1.063015,0.7819217,-2.066249
RIPS,694.7213,-1.063035,0.7816324,-2.06565
RIPS,694.7285,-1.063198,0.7818728,-2.065255
RIPS,694.737,-1.063155,0.7819954,-2.06478
RIPS,694.7453,-1.063163,0.7822494,-2.06437
RIPS,694.7542,-1.063236,0.7818255,-2.065642
RIPS,694.7625,-1.063203,0.7820379,-2.066515
RIPS,694.7704,-1.063174,0.7825242,-2.066548
RIPS,694.7784,-1.06329,0.7833085,-2.066545
RIPS,694.7875,-1.063379,0.7838278,-2.06636
RIPS,694.7963,-1.063493,0.7842329,-2.066318
RIPS,694.8038,-1.063653,0.7843252,-2.066303
RIPS,694.812,-1.063863,0.7833488,-2.067838
RIPS,694.82,-1.064063,0.782635,-2.068498
RIPS,694.8284,-1.064072,0.7822982,-2.068079
RIPS,694.8371,-1.064248,0.7821066,-2.067132
RIPS,694.8452,-1.064327,0.7813969,-2.068024
RIPS,694.8539,-1.064438,0.7807808,-2.068994
RIPS,694.8619,-1.06434,0.7802193,-2.070376
RIPS,694.8701,-1.064274,0.7799753,-2.071539
RIPS,694.8792,-1.064169,0.7797019,-2.072421
RIPS,694.8867,-1.063767,0.7797343,-2.073639
RIPS,694.8956,-1.063405,0.7798529,-2.074348
RIPS,694.9037,-1.063112,0.779934,-2.075134
RIPS,694.9117,-1.062821,0.7800457,-2.075556
RIPS,694.9215,-1.062286,0.780046,-2.075486
RIPS,694.9291,-1.062486,0.7804474,-2.075906
RIPS,694.9375,-1.062703,0.7803398,-2.076045
RIPS,694.9456,-1.062551,0.7805092,-2.076346
RIPS,694.9539,-1.062937,0.7801203,-2.076518
RIPS,694.9623,-1.062792,0.7795403,-2.076355
RIPS,694.9706,-1.062696,0.7791306,-2.076532
RIPS,694.9782,-1.062568,0.7787369,-2.076774
RIPS,694.9877,-1.062368,0.7784902,-2.076773
RIPS,694.9964,-1.062289,0.778531,-2.076902
RIPS,695.0037,-1.062202,0.7787502,-2.076927
RIPS,695.0117,-1.062102,0.7791256,-2.07699
RIPS,695.0205,-1.062124,0.7793552,-2.077242
RIPS,695.0283,-1.061971,0.7796326,-2.077378
RIPS,695.0369,-1.061855,0.7797008,-2.077536
RIPS,695.0452,-1.061729,0.7796271,-2.077846
RIPS,695.054,-1.061678,0.7795796,-2.078302
RIPS,695.0615,-1.061547,0.7790416,-2.078653
RIPS,695.0705,-1.061391,0.7788677,-2.078651
RIPS,695.0789,-1.061348,0.7787307,-2.078393
RIPS,695.0865,-1.061364,0.7785317,-2.078124
RIPS,695.095,-1.061392,0.7784436,-2.077799
RIPS,695.1038,-1.061348,0.7782447,-2.077518
RIPS,695.1116,-1.061374,0.7779518,-2.077252
RIPS,695.1207,-1.061394,0.7776918,-2.077118
RIPS,695.1284,-1.06138,0.7774995,-2.077139
RIPS,695.137,-1.061337,0.7773766,-2.077116
RIPS,695.1451,-1.06119,0.7774739,-2.077061
RIPS,695.1541,-1.061079,0.7783865,-2.076954
RIPS,695.1619,-1.060937,0.7791431,-2.076865
RIPS,695.1701,-1.060801,0.7799763,-2.076715
RIPS,695.1783,-1.060683,0.7805886,-2.076525
RIPS,695.1875,-1.060557,0.7810333,-2.076376
RIPS,695.1964,-1.060473,0.7811699,-2.076215
RIPS,695.2037,-1.060519,0.7810193,-2.076245
RIPS,695.2117,-1.060524,0.7805105,-2.076178
RIPS,695.2202,-1.060577,0.7799584,-2.076328
RIPS,695.2285,-1.060647,0.7792081,-2.07644
RIPS,695.2368,-1.060626,0.7789776,-2.076588
RIPS,695.2448,-1.06062,0.7787086,-2.076686
RIPS,695.2538,-1.060506,0.7786536,-2.076722
RIPS,695.2617,-1.060339,0.7789716,-2.076565
RIPS,695.2702,-1.060288,0.7792538,-2.076379
RIPS,695.2789,-1.060202,0.7795289,-2.0762
RIPS,695.2867,-1.060199,0.7797579,-2.076083
RIPS,695.2953,-1.060176,0.7798719,-2.076025
RIPS,695.3033,-1.060052,0.7799166,-2.076
RIPS,695.3116,-1.060084,0.7798166,-2.076004
RIPS,695.3204,-1.060059,0.7797775,-2.076001
RIPS,695.3284,-1.059974,0.7798544,-2.076103
RIPS,695.3366,-1.059945,0.7800152,-2.076152
RIPS,695.3455,-1.059937,0.780129,-2.076105
RIPS,695.3541,-1.05989,0.7802272,-2.07601
RIPS,695.3618,-1.059839,0.7803188,-2.075928
RIPS,695.37,-1.059845,0.7803168,-2.075763
RIPS,695.3781,-1.059859,0.7805998,-2.075851
RIPS,695.387,-1.059959,0.7807213,-2.075716
RIPS,695.3964,-1.060104,0.7805367,-2.075536
RIPS,695.4039,-1.060109,0.7805675,-2.075514
RIPS,695.4116,-1.060163,0.7804406,-2.075448
RIPS,695.4202,-1.060116,0.7805576,-2.075392
RIPS,695.4285,-1.060033,0.780573,-2.075412
RIPS,695.437,-1.059954,0.780636,-2.075325
RIPS,695.4451,-1.059923,0.7806957,-2.075199
RIPS,695.4541,-1.059762,0.7807861,-2.075078
RIPS,695.4616,-1.059771,0.7808092,-2.074921
RIPS,695.4701,-1.059805,0.7808826,-2.074774
RIPS,695.4791,-1.059891,0.7808942,-2.074606
RIPS,695.4868,-1.05988,0.7809467,-2.074593
RIPS,695.4949,-1.059909,0.7809902,-2.074548
RIPS,695.5037,-1.059963,0.7810543,-2.074523
RIPS,695.5116,-1.059949,0.7811416,-2.074457
RIPS,695.5216,-1.059858,0.7812127,-2.074419
RIPS,695.528,-1.059777,0.7812393,-2.074294
RIPS,695.5366,-1.059725,0.7813348,-2.074219
RIPS,695.5449,-1.059775,0.7814457,-2.074187
RIPS,695.5543,-1.059835,0.7814633,-2.074103
RIPS,695.5623,-1.05994,0.7814322,-2.074157
RIPS,695.5701,-1.06001,0.7813813,-2.074131
RIPS,695.5781,-1.060166,0.7813525,-2.074247
RIPS,695.5877,-1.060225,0.7812572,-2.074297
RIPS,695.596,-1.060201,0.781188,-2.074346
RIPS,695.6033,-1.060178,0.7811608,-2.07439
RIPS,695.612,-1.060151,0.7811664,-2.074404
RIPS,695.6199,-1.060145,0.7812173,-2.074379
RIPS,695.6281,-1.06019,0.7812884,-2.07433
RIPS,695.6367,-1.060215,0.7813506,-2.074345
RIPS,695.6452,-1.060242,0.7812906,-2.074392
RIPS,695.6541,-1.060233,0.781159,-2.074443
RIPS,695.6616,-1.060267,0.7811195,-2.074491
RIPS,695.67,-1.060326,0.7811142,-2.074574
RIPS,695.679,-1.060338,0.7811151,-2.074593
RIPS,695.6865,-1.060373,0.7811708,-2.074672
RIPS,695.695,-1.060364,0.781149,-2.074673
RIPS,695.7036,-1.060375,0.7810922,-2.074741
RIPS,695.7114,-1.060365,0.7810773,-2.074781
RIPS,695.7205,-1.060426,0.781065,-2.074871
RIPS,695.7285,-1.060547,0.7810052,-2.074925
RIPS,695.7366,-1.060545,0.7810256,-2.074999
RIPS,695.7448,-1.060631,0.781113,-2.075043
RIPS,695.7538,-1.060745,0.7812143,-2.075081
RIPS,695.7621,-1.060777,0.7812379,-2.075135
RIPS,695.77,-1.060891,0.7811478,-2.075117
RIPS,695.7783,-1.060824,0.7810219,-2.075139
RIPS,695.7869,-1.06079,0.7809012,-2.075175
RIPS,695.7963,-1.060717,0.780791,-2.075255
RIPS,695.8038,-1.060666,0.7806861,-2.075345
RIPS,695.8116,-1.060512,0.7808002,-2.075462
RIPS,695.8203,-1.060494,0.7807977,-2.075583
RIPS,695.8283,-1.060468,0.7808872,-2.075594
RIPS,695.8367,-1.060423,0.7809798,-2.075625
RIPS,695.8449,-1.06037,0.7808946,-2.075616
RIPS,695.8538,-1.060432,0.7807797,-2.075608
RIPS,695.8616,-1.060342,0.7807074,-2.075636
RIPS,695.8701,-1.060507,0.7805067,-2.075555
RIPS,695.8787,-1.060461,0.7804792,-2.075514
RIPS,695.8867,-1.060405,0.7805052,-2.075458
RIPS,695.895,-1.060413,0.7805206,-2.075393
RIPS,695.9034,-1.060415,0.7806051,-2.07534
RIPS,695.9118,-1.060466,0.7807086,-2.075323
RIPS,695.9205,-1.06029,0.7808201,-2.075265
RIPS,695.9293,-1.060272,0.7808225,-2.075229
RIPS,695.9369,-1.060271,0.7805972,-2.075201
RIPS,695.9454,-1.060224,0.7805848,-2.075186
RIPS,695.9548,-1.060224,0.7805067,-2.075184
RIPS,695.962,-1.060211,0.7805852,-2.075294
RIPS,695.9703,-1.06031,0.7806377,-2.075268
RIPS,695.9787,-1.060309,0.7806641,-2.075263
RIPS,695.9869,-1.060316,0.7806693,-2.075249
RIPS,695.9964,-1.06029,0.7807122,-2.075239
RIPS,696.0034,-1.060238,0.7807068,-2.075223
RIPS,696.0116,-1.060165,0.7807899,-2.075205
RIPS,696.0199,-1.06014,0.7808078,-2.07518
RIPS,696.0287,-1.060133,0.7807222,-2.075137
RIPS,696.0368,-1.060187,0.7807139,-2.07513
RIPS,696.0448,-1.060175,0.7806636,-2.075167
RIPS,696.054,-1.060339,0.780615,-2.075221
RIPS,696.062,-1.060364,0.780557,-2.07523
RIPS,696.0701,-1.060358,0.7804598,-2.075277
RIPS,696.0786,-1.060317,0.7804381,-2.075353
RIPS,696.0869,-1.060258,0.7805151,-2.075459
RIPS,696.095,-1.060267,0.780506,-2.075527
RIPS,696.1033,-1.060226,0.7804685,-2.075561
RIPS,696.112,-1.060182,0.7805297,-2.07568
RIPS,696.1205,-1.060157,0.780422,-2.075765
RIPS,696.1286,-1.060078,0.7803238,-2.075826
RIPS,696.1371,-1.060143,0.7802816,-2.075891
RIPS,696.145,-1.06025,0.7802539,-2.075934
RIPS,696.1542,-1.060276,0.780342,-2.075958
RIPS,696.162,-1.060296,0.7804142,-2.075946
RIPS,696.1701,-1.060444,0.7804709,-2.075902
RIPS,696.1779,-1.060429,0.7804276,-2.075911
RIPS,696.1876,-1.060389,0.7802989,-2.075897
RIPS,696.1957,-1.060365,0.7801628,-2.075909
RIPS,696.2037,-1.060309,0.7801374,-2.075947
RIPS,696.2119,-1.060388,0.7800449,-2.075969
RIPS,696.2199,-1.060442,0.7800156,-2.075971
RIPS,696.228,-1.060537,0.7800208,-2.075982
RIPS,696.2367,-1.060639,0.7800153,-2.076024
RIPS,696.2452,-1.060676,0.7800028,-2.076013
RIPS,696.2543,-1.060686,0.7799398,-2.076054
RIPS,696.2615,-1.060663,0.7799113,-2.076051
RIPS,696.2706,-1.060657,0.779814,-2.076057
RIPS,696.2816,-1.06063,0.7797292,-2.076049
RIPS,696.2906,-1.060673,0.7796468,-2.076032
RIPS,696.2963,-1.060685,0.7794788,-2.076021
RIPS,696.3016,-1.060727,0.7794166,-2.076145
RIPS,696.3093,-1.06073,0.7793527,-2.076206
RIPS,696.3183,-1.060779,0.7792298,-2.076343
RIPS,696.3273,-1.060805,0.779129,-2.076462
RIPS,696.3342,-1.060811,0.7789443,-2.076618
RIPS,696.3427,-1.060893,0.7787578,-2.076907
RIPS,696.3512,-1.060927,0.7784781,-2.077126
RIPS,696.3596,-1.060861,0.7782003,-2.077227
RIPS,696.3679,-1.060952,0.7779934,-2.077428
RIPS,696.376,-1.060968,0.7777887,-2.077615
RIPS,696.3845,-1.060982,0.7776163,-2.077803
RIPS,696.3942,-1.061099,0.7774359,-2.07801
RIPS,696.4013,-1.061185,0.7772987,-2.078254
RIPS,696.4093,-1.061243,0.7771405,-2.078539
RIPS,696.4176,-1.061344,0.7769975,-2.078781
RIPS,696.4262,-1.061514,0.7767606,-2.078971
RIPS,696.4359,-1.061685,0.776471,-2.079248
RIPS,696.4456,-1.061787,0.7762277,-2.079509
RIPS,696.4515,-1.061886,0.7757918,-2.079789
RIPS,696.4592,-1.062086,0.7754712,-2.080151
RIPS,696.4678,-1.062114,0.7751584,-2.080448
RIPS,696.4774,-1.062135,0.7748518,-2.080589
RIPS,696.4843,-1.062138,0.7746679,-2.080805
RIPS,696.4927,-1.062127,0.7744155,-2.081004
RIPS,696.501,-1.062087,0.7743605,-2.081232
RIPS,696.5093,-1.062124,0.7742531,-2.081488
RIPS,696.5178,-1.062119,0.7741789,-2.081717
RIPS,696.5263,-1.062186,0.7739848,-2.081928
RIPS,696.5344,-1.06225,0.7737738,-2.08218
RIPS,696.5424,-1.062361,0.7735982,-2.082523
RIPS,696.5512,-1.062409,0.7732918,-2.082846
RIPS,696.5593,-1.062456,0.7730408,-2.083082
RIPS,696.5676,-1.062451,0.7727184,-2.083268
RIPS,696.5759,-1.062441,0.772476,-2.083453
RIPS,696.5851,-1.062402,0.7722835,-2.08378
RIPS,696.5935,-1.062479,0.7720184,-2.084078
RIPS,696.6024,-1.062593,0.7717659,-2.084456
RIPS,696.6099,-1.062691,0.7715195,-2.084791
RIPS,696.6184,-1.06287,0.7712288,-2.084998
RIPS,696.6287,-1.062912,0.7709973,-2.085215
RIPS,696.6365,-1.063052,0.7708152,-2.085534
RIPS,696.6435,-1.063125,0.7706526,-2.085805
RIPS,696.6525,-1.063141,0.7704776,-2.086097
RIPS,696.6609,-1.063004,0.7702738,-2.086277
RIPS,696.6683,-1.063089,0.770276,-2.086686
RIPS,696.6776,-1.063168,0.7702567,-2.086901
RIPS,696.6853,-1.063327,0.7702743,-2.087188
RIPS,696.6936,-1.063627,0.7702542,-2.087392
RIPS,696.7022,-1.063825,0.7702051,-2.087748
RIPS,696.7104,-1.064128,0.769981,-2.088053
RIPS,696.7189,-1.064299,0.76968,-2.088287
RIPS,696.7285,-1.064666,0.7694397,-2.088556
RIPS,696.7408,-1.064753,0.7690775,-2.088895
RIPS,696.7505,-1.064996,0.7687103,-2.089151
RIPS,696.7595,-1.065109,0.7684834,-2.089531
RIPS,696.7678,-1.065221,0.7683588,-2.090055
RIPS,696.7758,-1.065306,0.7684236,-2.090307
RIPS,696.7846,-1.065397,0.7684786,-2.090628
RIPS,696.7939,-1.065485,0.7685443,-2.090959
RIPS,696.8011,-1.065616,0.7685015,-2.091254
RIPS,696.8091,-1.065722,0.7684841,-2.09153
RIPS,696.8176,-1.065849,0.7685152,-2.09174
RIPS,696.8259,-1.066038,0.7682803,-2.091982
RIPS,696.8342,-1.066194,0.768079,-2.092133
RIPS,696.8424,-1.066401,0.7679005,-2.092235
RIPS,696.8511,-1.066563,0.7678019,-2.092302
RIPS,696.8604,-1.066717,0.7676842,-2.092313
RIPS,696.8676,-1.066818,0.7676865,-2.092285
RIPS,696.8766,-1.066936,0.7678209,-2.092353
RIPS,696.8846,-1.067115,0.7679076,-2.092176
RIPS,696.8944,-1.067225,0.7681472,-2.092207
RIPS,696.9033,-1.067387,0.7683933,-2.091969
RIPS,696.9092,-1.067543,0.7685407,-2.092003
RIPS,696.9175,-1.067683,0.7686497,-2.09202
RIPS,696.9268,-1.06783,0.7687771,-2.091855
RIPS,696.9343,-1.068008,0.7688183,-2.091623
RIPS,696.943,-1.068044,0.7688968,-2.091368
RIPS,696.9513,-1.068045,0.7688709,-2.09099
RIPS,696.9597,-1.067895,0.7689633,-2.090556
RIPS,696.9673,-1.067778,0.7690995,-2.089958
RIPS,696.9758,-1.067571,0.7694293,-2.089215
RIPS,696.9843,-1.067311,0.7697748,-2.08876
RIPS,696.9929,-1.067095,0.7700928,-2.088396
RIPS,697.0015,-1.066836,0.7703443,-2.088284
RIPS,697.0088,-1.066684,0.7704843,-2.088431
RIPS,697.0175,-1.066499,0.7705531,-2.088669
RIPS,697.0256,-1.06636,0.7711291,-2.087747
RIPS,697.0341,-1.066141,0.7717038,-2.08651
RIPS,697.0425,-1.066028,0.7714921,-2.086612
RIPS,697.0528,-1.065913,0.7711544,-2.08635
RIPS,697.0599,-1.065721,0.7710742,-2.086155
RIPS,697.0679,-1.065589,0.7710802,-2.085826
RIPS,697.0765,-1.065393,0.7715832,-2.084782
RIPS,697.0846,-1.065253,0.7715356,-2.08495
RIPS,697.0925,-1.065061,0.7715337,-2.085177
RIPS,697.1008,-1.064927,0.7715638,-2.085348
RIPS,697.1089,-1.064712,0.7715221,-2.085501
RIPS,697.1179,-1.064513,0.7713853,-2.085648
RIPS,697.126,-1.064299,0.7711511,-2.08582
RIPS,697.1344,-1.064113,0.7709141,-2.085969
RIPS,697.1435,-1.063951,0.7705601,-2.086158
RIPS,697.1518,-1.063826,0.7702901,-2.086305
RIPS,697.1603,-1.063698,0.7701375,-2.086498
RIPS,697.1687,-1.063587,0.7700113,-2.086646
RIPS,697.1769,-1.063509,0.7699425,-2.086773
RIPS,697.1859,-1.063448,0.7699678,-2.086967
RIPS,697.1951,-1.063316,0.769862,-2.087162
RIPS,697.2054,-1.063273,0.7697231,-2.087216
RIPS,697.2142,-1.063116,0.7696817,-2.087366
RIPS,697.2199,-1.063076,0.7695857,-2.087485
RIPS,697.2258,-1.062979,0.7695026,-2.087524
RIPS,697.2343,-1.062891,0.7694729,-2.08771
RIPS,697.2423,-1.062906,0.7694286,-2.087715
RIPS,697.2509,-1.062888,0.7693663,-2.087819
RIPS,697.2593,-1.062882,0.769269,-2.087835
RIPS,697.2675,-1.062902,0.769209,-2.088061
RIPS,697.2767,-1.062877,0.7691153,-2.088083
RIPS,697.284,-1.062807,0.7690694,-2.088078
RIPS,697.2922,-1.062751,0.7691269,-2.08821
RIPS,697.3009,-1.06289,0.7691965,-2.08832
RIPS,697.309,-1.0628,0.7692814,-2.088385
RIPS,697.3176,-1.062646,0.7694096,-2.088557
RIPS,697.326,-1.062579,0.7693971,-2.088634
RIPS,697.3341,-1.062535,0.7693119,-2.088573
RIPS,697.3427,-1.062496,0.7692651,-2.088708
RIPS,697.3512,-1.062538,0.7691333,-2.088742
RIPS,697.3597,-1.062565,0.7689711,-2.088778
RIPS,697.3673,-1.062661,0.7688877,-2.088844
RIPS,697.3759,-1.062754,0.7688172,-2.088941
RIPS,697.3842,-1.062822,0.76879,-2.089025
RIPS,697.3931,-1.062931,0.7688485,-2.089146
RIPS,697.4017,-1.062825,0.7687941,-2.08893
RIPS,697.4089,-1.062881,0.7688484,-2.088959
RIPS,697.4176,-1.062956,0.7689009,-2.088943
RIPS,697.4258,-1.062861,0.7686614,-2.088686
RIPS,697.4345,-1.062941,0.7686151,-2.088668
RIPS,697.4426,-1.062798,0.7684637,-2.088617
RIPS,697.4511,-1.062909,0.768414,-2.088655
RIPS,697.4597,-1.062997,0.7684078,-2.08875
RIPS,697.4675,-1.063161,0.7685102,-2.088917
RIPS,697.4764,-1.063262,0.7685295,-2.08909
RIPS,697.4847,-1.063546,0.76867,-2.089312
RIPS,697.4926,-1.063578,0.7688226,-2.089393
RIPS,697.5013,-1.063641,0.7688964,-2.089496
RIPS,697.5098,-1.063587,0.7688821,-2.089469
RIPS,697.5195,-1.063662,0.7689047,-2.089519
RIPS,697.5294,-1.063649,0.7688226,-2.089497
RIPS,697.5353,-1.063627,0.7688498,-2.089378
RIPS,697.5432,-1.063625,0.7689082,-2.089283
RIPS,697.5519,-1.063652,0.769006,-2.089282
RIPS,697.5599,-1.063693,0.7691193,-2.089331
RIPS,697.5684,-1.063756,0.7692364,-2.089387
RIPS,697.5766,-1.063792,0.7693526,-2.089343
RIPS,697.5852,-1.063918,0.7693731,-2.089361
RIPS,697.5946,-1.063957,0.7693736,-2.089338
RIPS,697.6025,-1.063926,0.7692997,-2.089137
RIPS,697.6102,-1.063962,0.7693498,-2.089047
RIPS,697.6182,-1.063921,0.7694319,-2.088912
RIPS,697.6263,-1.063988,0.7694851,-2.08883
RIPS,697.6352,-1.064045,0.7695818,-2.088689
RIPS,697.6439,-1.064118,0.76969,-2.088484
RIPS,697.6521,-1.064187,0.7697998,-2.088375
RIPS,697.6608,-1.064208,0.7698725,-2.088083
RIPS,697.668,-1.064236,0.7700269,-2.087931
RIPS,697.6771,-1.064274,0.7701436,-2.087805
RIPS,697.6849,-1.064482,0.7702841,-2.087711
RIPS,697.6934,-1.064516,0.7703647,-2.087549
RIPS,697.7018,-1.064421,0.7704945,-2.087427
RIPS,697.7097,-1.064465,0.7706166,-2.087242
RIPS,697.7186,-1.06438,0.7707928,-2.087007
RIPS,697.7267,-1.064432,0.7709529,-2.086795
RIPS,697.7352,-1.064466,0.7711185,-2.086578
RIPS,697.7434,-1.06459,0.7714464,-2.086407
RIPS,697.7519,-1.064638,0.7716496,-2.086181
RIPS,697.7604,-1.065039,0.7712281,-2.087363
RIPS,697.7685,-1.065156,0.7712268,-2.087675
RIPS,697.7769,-1.065499,0.7716014,-2.088334
RIPS,697.7852,-1.065607,0.7718102,-2.088272
RIPS,697.794,-1.065706,0.7721323,-2.088042
RIPS,697.8019,-1.065344,0.7721972,-2.087132
RIPS,697.81,-1.065396,0.7724939,-2.086686
RIPS,697.8193,-1.06571,0.7727247,-2.086342
RIPS,697.8268,-1.065749,0.7730233,-2.085791
RIPS,697.8355,-1.065784,0.7733744,-2.085165
RIPS,697.844,-1.065864,0.7738959,-2.084552
RIPS,697.8531,-1.065892,0.7743189,-2.083883
RIPS,697.8613,-1.066104,0.774703,-2.084146
RIPS,697.8696,-1.066226,0.7750905,-2.083904
RIPS,697.8781,-1.06632,0.7754713,-2.083489
RIPS,697.8864,-1.066553,0.7760118,-2.0829
RIPS,697.8944,-1.066667,0.7768636,-2.08133
RIPS,697.9031,-1.066704,0.7770355,-2.080804
RIPS,697.9112,-1.066803,0.7771528,-2.080339
RIPS,697.9203,-1.066943,0.7772371,-2.079883
RIPS,697.9281,-1.067021,0.7773436,-2.079544
RIPS,697.9373,-1.067083,0.7775751,-2.079253
RIPS,697.9445,-1.067086,0.7778856,-2.078792
RIPS,697.954,-1.06708,0.7784408,-2.078487
RIPS,697.9617,-1.067384,0.7784983,-2.079255
RIPS,697.9698,-1.067486,0.7783166,-2.080215
RIPS,697.978,-1.068009,0.7785436,-2.080759
RIPS,697.9865,-1.068138,0.7786357,-2.080872
RIPS,697.9952,-1.068207,0.7787666,-2.08048
RIPS,698.0033,-1.068133,0.7789879,-2.079678
RIPS,698.0114,-1.068106,0.7793741,-2.078685
RIPS,698.0197,-1.068249,0.7797957,-2.078566
RIPS,698.0281,-1.068223,0.7799552,-2.078046
RIPS,698.0362,-1.068217,0.7800652,-2.077864
RIPS,698.0446,-1.068119,0.7801255,-2.077556
RIPS,698.0533,-1.068123,0.7803084,-2.077661
RIPS,698.0611,-1.067603,0.7802186,-2.076995
RIPS,698.0697,-1.067537,0.780516,-2.076785
RIPS,698.0786,-1.067483,0.7808685,-2.07644
RIPS,698.086,-1.066875,0.7809316,-2.075437
RIPS,698.0945,-1.066817,0.7811726,-2.075066
RIPS,698.1027,-1.066321,0.781002,-2.074357
RIPS,698.1113,-1.066254,0.780899,-2.073997
RIPS,698.1205,-1.066435,0.7807995,-2.07386
RIPS,698.128,-1.066364,0.7804446,-2.073725
RIPS,698.1362,-1.066297,0.7801656,-2.073578
RIPS,698.1443,-1.065685,0.7794765,-2.072788
RIPS,698.154,-1.065564,0.7793976,-2.072725
RIPS,698.1612,-1.065426,0.7779517,-2.07619
RIPS,698.1699,-1.065285,0.7775971,-2.078685
RIPS,698.1777,-1.064728,0.7774093,-2.078894
RIPS,698.1868,-1.064583,0.7775902,-2.079538
RIPS,698.1956,-1.064422,0.7778878,-2.079613
RIPS,698.2037,-1.063863,0.7778986,-2.078918
RIPS,698.2112,-1.063583,0.7778909,-2.078357
RIPS,698.2197,-1.063084,0.7776297,-2.077551
RIPS,698.2277,-1.062756,0.7772684,-2.076777
RIPS,698.2364,-1.062557,0.7767248,-2.076451
RIPS,698.2443,-1.062664,0.7765285,-2.076712
RIPS,698.2535,-1.062737,0.7764429,-2.077235
RIPS,698.2614,-1.062715,0.7764484,-2.077575
RIPS,698.2695,-1.062782,0.7768787,-2.078056
RIPS,698.2786,-1.062937,0.7774698,-2.078444
RIPS,698.2863,-1.061513,0.777284,-2.077276
RIPS,698.2946,-1.061152,0.7776229,-2.077036
RIPS,698.3027,-1.060994,0.7780127,-2.076934
RIPS,698.3111,-1.060796,0.7780082,-2.076715
RIPS,698.3202,-1.060605,0.7778227,-2.076611
RIPS,698.328,-1.06053,0.7774919,-2.076482
RIPS,698.3361,-1.060411,0.7772135,-2.076454
RIPS,698.3444,-1.060688,0.7770485,-2.076655
RIPS,698.3534,-1.060597,0.7769325,-2.076626
RIPS,698.3612,-1.060562,0.7768683,-2.076752
RIPS,698.3698,-1.060542,0.7770198,-2.076741
RIPS,698.3776,-1.060548,0.7771834,-2.076801
RIPS,698.387,-1.060461,0.7774113,-2.076795
RIPS,698.3962,-1.060386,0.7775968,-2.076703
RIPS,698.4028,-1.060174,0.7778267,-2.076554
RIPS,698.411,-1.059999,0.7780666,-2.076493
RIPS,698.4197,-1.059862,0.7783361,-2.076389
RIPS,698.4276,-1.059874,0.7786199,-2.076238
RIPS,698.4365,-1.059906,0.7788475,-2.075997
RIPS,698.4446,-1.06007,0.7792151,-2.07577
RIPS,698.4534,-1.060135,0.7795056,-2.075494
RIPS,698.4618,-1.060275,0.779566,-2.075101
RIPS,698.4697,-1.060324,0.7795849,-2.074884
RIPS,698.4781,-1.06017,0.779587,-2.074573
RIPS,698.4865,-1.060015,0.7797047,-2.074238
RIPS,698.4944,-1.059887,0.7799191,-2.074007
RIPS,698.5028,-1.059925,0.7803035,-2.07382
RIPS,698.5113,-1.05983,0.7808892,-2.073522
RIPS,698.5199,-1.059857,0.7813798,-2.073177
RIPS,698.528,-1.05984,0.7818874,-2.072799
RIPS,698.5363,-1.059728,0.7822579,-2.07259
RIPS,698.5444,-1.059719,0.7823177,-2.072275
RIPS,698.5529,-1.059687,0.7823774,-2.071961
RIPS,698.5613,-1.059657,0.7824659,-2.071691
RIPS,698.5699,-1.059561,0.7822786,-2.071506
RIPS,698.5778,-1.059478,0.7823068,-2.071275
RIPS,698.5867,-1.059407,0.782321,-2.071141
RIPS,698.5955,-1.059319,0.7823348,-2.071028
RIPS,698.6038,-1.059221,0.7824268,-2.070873
RIPS,698.6108,-1.059139,0.7825225,-2.070766
RIPS,698.6202,-1.059252,0.7828166,-2.070577
RIPS,698.6277,-1.059311,0.7829906,-2.070454
RIPS,698.6365,-1.059459,0.782942,-2.070276
RIPS,698.6458,-1.059515,0.7831362,-2.070146
RIPS,698.6536,-1.059474,0.7832865,-2.070037
RIPS,698.6619,-1.059408,0.7835152,-2.069887
RIPS,698.6696,-1.059343,0.7836577,-2.069826
RIPS,698.6783,-1.059228,0.7839592,-2.069662
RIPS,698.6862,-1.059116,0.7841252,-2.069535
RIPS,698.6945,-1.059023,0.7843394,-2.069421
RIPS,698.703,-1.058891,0.7845154,-2.069242
RIPS,698.7108,-1.05891,0.7845895,-2.069208
RIPS,698.7197,-1.058921,0.7846695,-2.069099
RIPS,698.7287,-1.058931,0.7847446,-2.068996
RIPS,698.7361,-1.058985,0.7848572,-2.06895
RIPS,698.7445,-1.058983,0.7850291,-2.068807
RIPS,698.7527,-1.058976,0.7852013,-2.068658
RIPS,698.7611,-1.058995,0.7853959,-2.068546
RIPS,698.7697,-1.058913,0.7854987,-2.068403
RIPS,698.7779,-1.058821,0.7856556,-2.068233
RIPS,698.7865,-1.058782,0.7857704,-2.068065
RIPS,698.7951,-1.058765,0.7859059,-2.067852
RIPS,698.8033,-1.058706,0.7858903,-2.067649
RIPS,698.8109,-1.058733,0.7857915,-2.067559
RIPS,698.8193,-1.058724,0.7857199,-2.067422
RIPS,698.8279,-1.058771,0.7856268,-2.06737
RIPS,698.8363,-1.058767,0.7856343,-2.067299
RIPS,698.8444,-1.058766,0.785612,-2.067252
RIPS,698.8531,-1.058725,0.7855754,-2.067226
RIPS,698.8621,-1.058695,0.7855768,-2.067224
RIPS,698.8692,-1.058697,0.785561,-2.067238
RIPS,698.8785,-1.058671,0.7856022,-2.067194
RIPS,698.8859,-1.058635,0.7856248,-2.067243
RIPS,698.8942,-1.058632,0.7856423,-2.067235
RIPS,698.9031,-1.058629,0.7856309,-2.067209
RIPS,698.9111,-1.058599,0.7855688,-2.067242
RIPS,698.9201,-1.058607,0.7854937,-2.067347
RIPS,698.9279,-1.058611,0.7854083,-2.067431
RIPS,698.936,-1.058663,0.7853062,-2.067546
RIPS,698.9448,-1.058656,0.7852008,-2.067714
RIPS,698.9537,-1.05863,0.7851862,-2.06784
RIPS,698.9614,-1.058666,0.7850691,-2.067929
RIPS,698.9697,-1.058666,0.7849863,-2.067993
RIPS,698.9788,-1.058564,0.7850122,-2.068122
RIPS,698.988,-1.058559,0.7850032,-2.068296
RIPS,698.9962,-1.058563,0.7849633,-2.068382
RIPS,699.0026,-1.058509,0.7849827,-2.068555
RIPS,699.0104,-1.058536,0.78489,-2.068797
RIPS,699.019,-1.058583,0.784753,-2.068938
RIPS,699.0275,-1.0586,0.7845632,-2.069141
RIPS,699.0361,-1.058587,0.7843331,-2.069358
RIPS,699.0439,-1.058585,0.7841206,-2.069511
RIPS,699.0532,-1.05859,0.7839542,-2.069608
RIPS,699.0614,-1.058672,0.7839189,-2.069677
RIPS,699.0693,-1.058717,0.7839262,-2.069821
RIPS,699.0781,-1.058792,0.7838389,-2.069937
RIPS,699.0858,-1.058779,0.7838755,-2.070122
RIPS,699.0939,-1.058768,0.783906,-2.070315
RIPS,699.1025,-1.058733,0.783811,-2.070461
RIPS,699.1105,-1.058752,0.7837033,-2.070637
RIPS,699.1198,-1.058777,0.7835963,-2.070791
RIPS,699.1282,-1.058797,0.7834784,-2.070893
RIPS,699.1355,-1.058791,0.7833896,-2.070956
RIPS,699.144,-1.0588,0.7832903,-2.071044
RIPS,699.1525,-1.058843,0.7832241,-2.071097
RIPS,699.1613,-1.058913,0.783263,-2.071152
RIPS,699.1692,-1.059017,0.7834467,-2.071386
RIPS,699.1772,-1.059231,0.7833247,-2.071319
RIPS,699.1865,-1.059334,0.7831975,-2.071376
RIPS,699.1953,-1.059393,0.7831041,-2.071446
RIPS,699.2037,-1.059486,0.7829543,-2.071434
RIPS,699.2137,-1.059478,0.7828404,-2.071434
RIPS,699.2228,-1.059436,0.7828137,-2.071563
RIPS,699.2278,-1.059436,0.7826961,-2.071512
RIPS,699.2336,-1.059422,0.7827485,-2.071608
RIPS,699.2421,-1.059469,0.7826821,-2.071697
RIPS,699.2506,-1.059495,0.7826651,-2.071788
RIPS,699.259,-1.059559,0.7826392,-2.071838
RIPS,699.2672,-1.059615,0.7824581,-2.071868
RIPS,699.277,-1.059716,0.7821861,-2.071952
RIPS,699.2837,-1.059842,0.7821306,-2.072122
RIPS,699.2923,-1.059961,0.7818986,-2.072319
RIPS,699.3003,-1.060041,0.781732,-2.072484
RIPS,699.3087,-1.060102,0.7814326,-2.072668
RIPS,699.3172,-1.060122,0.7812565,-2.072912
RIPS,699.3262,-1.060118,0.7810162,-2.073059
RIPS,699.334,-1.060139,0.7808202,-2.07326
RIPS,699.3422,-1.060235,0.7804852,-2.073447
RIPS,699.3505,-1.060296,0.7802044,-2.073617
RIPS,699.3593,-1.060378,0.7799852,-2.073867
RIPS,699.3692,-1.060459,0.7796576,-2.074157
RIPS,699.3787,-1.060541,0.7793003,-2.074515
RIPS,699.3843,-1.060589,0.7790834,-2.074926
RIPS,699.3934,-1.060804,0.7787609,-2.075267
RIPS,699.4015,-1.060819,0.778282,-2.075545
RIPS,699.4084,-1.061016,0.7779817,-2.075827
RIPS,699.4169,-1.060999,0.7776443,-2.076154
RIPS,699.4254,-1.061085,0.7772707,-2.076497
RIPS,699.4339,-1.061166,0.7769621,-2.07685
RIPS,699.4422,-1.061113,0.7767795,-2.077263
RIPS,699.4504,-1.061211,0.7764226,-2.077619
RIPS,699.4592,-1.061189,0.7761818,-2.078051
RIPS,699.4672,-1.061294,0.7758656,-2.078526
RIPS,699.476,-1.061361,0.7756241,-2.078907
RIPS,699.4843,-1.061457,0.7753178,-2.079356
RIPS,699.4916,-1.06151,0.7749684,-2.079758
RIPS,699.5005,-1.061662,0.7745562,-2.080073
RIPS,699.5087,-1.061792,0.774312,-2.080599
RIPS,699.518,-1.06196,0.7739446,-2.080878
RIPS,699.5266,-1.062033,0.7735807,-2.081202
RIPS,699.5342,-1.061987,0.773123,-2.081615
RIPS,699.5421,-1.062082,0.7728206,-2.08201
RIPS,699.5505,-1.062159,0.7725295,-2.082397
RIPS,699.5596,-1.062269,0.7723233,-2.082849
RIPS,699.5673,-1.062388,0.7720979,-2.083389
RIPS,699.5756,-1.062412,0.7716786,-2.083797
RIPS,699.5845,-1.062393,0.7713527,-2.084157
RIPS,699.5934,-1.062445,0.771137,-2.084632
RIPS,699.6021,-1.062483,0.7708352,-2.084955
RIPS,699.6088,-1.0625,0.7704629,-2.085273
RIPS,699.6172,-1.062641,0.770059,-2.08556
RIPS,699.6254,-1.062715,0.7696677,-2.085955
RIPS,699.6343,-1.062731,0.7694466,-2.086354
RIPS,699.6426,-1.062865,0.7691916,-2.086925
RIPS,699.651,-1.062934,0.7688932,-2.087294
RIPS,699.6602,-1.062946,0.7687834,-2.087638
RIPS,699.6678,-1.062967,0.7686175,-2.087949
RIPS,699.6771,-1.062964,0.7684633,-2.088277
RIPS,699.6848,-1.062945,0.7683619,-2.088621
RIPS,699.6932,-1.062944,0.7682729,-2.088996
RIPS,699.7018,-1.062996,0.7680632,-2.089449
RIPS,699.7099,-1.063039,0.7679273,-2.089757
RIPS,699.7188,-1.063212,0.7675962,-2.090054
RIPS,699.7281,-1.063354,0.7672952,-2.090508
RIPS,699.7354,-1.063617,0.7669533,-2.090709
RIPS,699.744,-1.063792,0.7665147,-2.09117
RIPS,699.7525,-1.063975,0.7661554,-2.091722
RIPS,699.7606,-1.064156,0.7658309,-2.092232
RIPS,699.7693,-1.064247,0.7655188,-2.092846
RIPS,699.7773,-1.064348,0.7652119,-2.093393
RIPS,699.7868,-1.064396,0.7648823,-2.09399
RIPS,699.7951,-1.064353,0.7646999,-2.094503
RIPS,699.8031,-1.064327,0.7644566,-2.095049
RIPS,699.8105,-1.064401,0.7642607,-2.095486
RIPS,699.8196,-1.064469,0.7640679,-2.095916
RIPS,699.8279,-1.064643,0.7638712,-2.096437
RIPS,699.8357,-1.064807,0.7636688,-2.096772
RIPS,699.8441,-1.065031,0.7634363,-2.096977
RIPS,699.8535,-1.065161,0.7631454,-2.09729
RIPS,699.8616,-1.065314,0.763039,-2.09742
RIPS,699.8691,-1.06553,0.7628084,-2.097576
RIPS,699.8779,-1.065636,0.7627202,-2.097798
RIPS,699.8858,-1.065784,0.7626982,-2.097893
RIPS,699.8942,-1.065797,0.7627181,-2.097991
RIPS,699.9029,-1.0659,0.762827,-2.098236
RIPS,699.9107,-1.06601,0.76302,-2.098401
RIPS,699.9195,-1.066048,0.7631559,-2.098798
RIPS,699.9283,-1.066151,0.7632207,-2.099213
RIPS,699.9357,-1.06626,0.7632418,-2.099055
RIPS,699.9443,-1.066348,0.7634181,-2.09895
RIPS,699.9537,-1.066436,0.763487,-2.098946
RIPS,699.9611,-1.066404,0.7636051,-2.098126
RIPS,699.9697,-1.066225,0.7638953,-2.097375
RIPS,699.9772,-1.066078,0.7643914,-2.096039
RIPS,699.9865,-1.065871,0.7654579,-2.093842
RIPS,699.9949,-1.065544,0.7672042,-2.090967
RIPS,700.0032,-1.065498,0.7673145,-2.09097
RIPS,700.0108,-1.065528,0.7675465,-2.091302
RIPS,700.0192,-1.065444,0.7676675,-2.091428
RIPS,700.0275,-1.065352,0.7676839,-2.091618
RIPS,700.0357,-1.065328,0.7676624,-2.091777
RIPS,700.0438,-1.06522,0.767571,-2.091689
RIPS,700.0527,-1.06517,0.7674824,-2.091756
RIPS,700.0613,-1.065123,0.7674128,-2.091571
RIPS,700.0688,-1.065052,0.767329,-2.091539
RIPS,700.0781,-1.065097,0.7673672,-2.09124
RIPS,700.0858,-1.065039,0.767498,-2.091004
RIPS,700.0939,-1.064794,0.768142,-2.08973
RIPS,700.1023,-1.06467,0.7679722,-2.089888
RIPS,700.1108,-1.064578,0.7677895,-2.090019
RIPS,700.1194,-1.064474,0.7675033,-2.090175
RIPS,700.1282,-1.064393,0.7672363,-2.090329
RIPS,700.1357,-1.064391,0.7671538,-2.090538
RIPS,700.1445,-1.06431,0.7669649,-2.090647
RIPS,700.1562,-1.064251,0.7668394,-2.09074
RIPS,700.1655,-1.064224,0.7668503,-2.090768
RIPS,700.1754,-1.064026,0.7672083,-2.090693
RIPS,700.1833,-1.064083,0.7675981,-2.090905
RIPS,700.1924,-1.06403,0.7678481,-2.090947
RIPS,700.2016,-1.06406,0.7678204,-2.091079
RIPS,700.2086,-1.064183,0.7677211,-2.091301
RIPS,700.2166,-1.064187,0.7673501,-2.091381
RIPS,700.2249,-1.064227,0.7668998,-2.091465
RIPS,700.2339,-1.064393,0.7665841,-2.091526
RIPS,700.2419,-1.06445,0.7663981,-2.091588
RIPS,700.2499,-1.064595,0.766431,-2.09163
RIPS,700.2588,-1.064661,0.7666042,-2.091747
RIPS,700.2693,-1.064718,0.7669945,-2.091825
RIPS,700.2775,-1.06472,0.7675369,-2.092021
RIPS,700.2839,-1.064761,0.7677706,-2.092079
RIPS,700.2917,-1.064671,0.7678049,-2.092237
RIPS,700.3004,-1.064663,0.7674605,-2.092307
RIPS,700.3105,-1.06476,0.7672363,-2.092618
RIPS,700.3197,-1.064763,0.7667682,-2.092657
RIPS,700.3252,-1.064782,0.766377,-2.092675
RIPS,700.3335,-1.0649,0.7662638,-2.092928
RIPS,700.3419,-1.064969,0.7662694,-2.093048
RIPS,700.35,-1.06491,0.766403,-2.093017
RIPS,700.3601,-1.065018,0.7668775,-2.093173
RIPS,700.3675,-1.065088,0.7671041,-2.093229
RIPS,700.3751,-1.06526,0.7674617,-2.093502
RIPS,700.3835,-1.065297,0.767477,-2.093611
RIPS,700.3923,-1.065443,0.7674277,-2.093777
RIPS,700.4006,-1.065447,0.7671115,-2.093875
RIPS,700.4085,-1.065484,0.7668892,-2.093975
RIPS,700.4166,-1.065359,0.7661918,-2.093649
RIPS,700.4253,-1.065429,0.7659556,-2.093761
RIPS,700.4334,-1.065454,0.7659181,-2.093744
RIPS,700.442,-1.065505,0.76608,-2.093846
RIPS,700.4513,-1.065578,0.7664641,-2.094058
RIPS,700.4623,-1.065615,0.7668269,-2.094179
RIPS,700.4716,-1.065668,0.7670144,-2.094201
RIPS,700.478,-1.065557,0.7669818,-2.094211
RIPS,700.4833,-1.065666,0.7668667,-2.094352
RIPS,700.4918,-1.065752,0.7667497,-2.094504
RIPS,700.4998,-1.065876,0.7663805,-2.09461
RIPS,700.5083,-1.065964,0.766206,-2.094735
RIPS,700.5169,-1.065877,0.7659863,-2.09471
RIPS,700.5252,-1.065916,0.7659702,-2.094874
RIPS,700.5337,-1.06591,0.7660218,-2.094959
RIPS,700.5419,-1.065953,0.7661304,-2.095055
RIPS,700.5497,-1.065793,0.766205,-2.094967
RIPS,700.5588,-1.065778,0.7663156,-2.095051
RIPS,700.5668,-1.065692,0.766331,-2.094975
RIPS,700.5751,-1.065592,0.7662159,-2.094844
RIPS,700.5833,-1.065639,0.7661533,-2.094906
RIPS,700.592,-1.065512,0.7660157,-2.094805
RIPS,700.6007,-1.065549,0.7659608,-2.094826
RIPS,700.6087,-1.065602,0.7658966,-2.094889
RIPS,700.6165,-1.065675,0.765897,-2.094879
RIPS,700.625,-1.065659,0.7659395,-2.094813
RIPS,700.6337,-1.065527,0.7658917,-2.094632
RIPS,700.6425,-1.065416,0.7659313,-2.094561
RIPS,700.6507,-1.065146,0.7659117,-2.094223
RIPS,700.6589,-1.065081,0.7659182,-2.094166
RIPS,700.6669,-1.064988,0.7661393,-2.094059
RIPS,700.6758,-1.064945,0.766185,-2.094043
RIPS,700.6833,-1.064906,0.7662498,-2.094008
RIPS,700.6918,-1.064818,0.7662469,-2.093914
RIPS,700.7004,-1.064776,0.7662367,-2.09377
RIPS,700.7083,-1.064985,0.7663091,-2.093842
RIPS,700.7165,-1.064959,0.7663355,-2.093641
RIPS,700.7256,-1.064929,0.7663605,-2.093501
RIPS,700.7333,-1.064636,0.7663231,-2.093082
RIPS,700.7418,-1.064607,0.7664149,-2.09294
RIPS,700.7499,-1.064419,0.7664868,-2.092676
RIPS,700.7588,-1.064393,0.7666137,-2.09261
RIPS,700.7668,-1.064192,0.766641,-2.092287
RIPS,700.7752,-1.064138,0.7666919,-2.092238
RIPS,700.7838,-1.064075,0.7667245,-2.0922
RIPS,700.7921,-1.06399,0.7667198,-2.091975
RIPS,700.8011,-1.063976,0.7667326,-2.091899
RIPS,700.8088,-1.063977,0.766771,-2.091822
RIPS,700.8176,-1.063978,0.7668386,-2.091797
RIPS,700.8262,-1.064002,0.7668763,-2.091805
RIPS,700.8346,-1.064065,0.766968,-2.091827
RIPS,700.843,-1.064128,0.7670688,-2.091764
RIPS,700.8517,-1.064143,0.7671353,-2.09179
RIPS,700.8613,-1.064276,0.767132,-2.091782
RIPS,700.8685,-1.064618,0.7672701,-2.092067
RIPS,700.8775,-1.064667,0.7672614,-2.091986
RIPS,700.8854,-1.064774,0.7672872,-2.092005
RIPS,700.8937,-1.064999,0.7673529,-2.092213
RIPS,700.9025,-1.065031,0.7673381,-2.092207
RIPS,700.9111,-1.065286,0.7674846,-2.092352
RIPS,700.9217,-1.065325,0.7675084,-2.092322
RIPS,700.9322,-1.065264,0.7675209,-2.092278
RIPS,700.9379,-1.06536,0.7675289,-2.092244
RIPS,700.9434,-1.065396,0.7675483,-2.09223
RIPS,700.9501,-1.065393,0.7676713,-2.092122
RIPS,700.959,-1.065504,0.767743,-2.092102
RIPS,700.9669,-1.065629,0.7677732,-2.092072
RIPS,700.9752,-1.065752,0.7677927,-2.09207
RIPS,700.9837,-1.065881,0.7678097,-2.092072
RIPS,700.9921,-1.065951,0.7677848,-2.092217
RIPS,701.0005,-1.066027,0.7677845,-2.092237
RIPS,701.0082,-1.06602,0.7677941,-2.092237
RIPS,701.017,-1.066085,0.7678043,-2.092289
RIPS,701.0247,-1.066116,0.7678113,-2.092369
RIPS,701.0336,-1.066018,0.7676552,-2.092136
RIPS,701.0418,-1.066071,0.7676697,-2.092218
RIPS,701.0498,-1.066173,0.76774,-2.092375
RIPS,701.0588,-1.066237,0.7677356,-2.092446
RIPS,701.0668,-1.066216,0.7675666,-2.092424
RIPS,701.0759,-1.066262,0.7675369,-2.092478
RIPS,701.0837,-1.06633,0.7673053,-2.092833
RIPS,701.0917,-1.06639,0.7670084,-2.093143
RIPS,701.1001,-1.066463,0.7668819,-2.09342
RIPS,701.1085,-1.066258,0.7671308,-2.092582
RIPS,701.1168,-1.066364,0.7670696,-2.092719
RIPS,701.1259,-1.06643,0.7671794,-2.092576
RIPS,701.1331,-1.06638,0.7670474,-2.092762
RIPS,701.1421,-1.066395,0.7669702,-2.092823
RIPS,701.15,-1.0663,0.7669458,-2.0927
RIPS,701.1589,-1.066279,0.7668993,-2.092783
RIPS,701.1667,-1.066375,0.7667282,-2.092892
RIPS,701.1754,-1.066409,0.7666401,-2.093115
RIPS,701.1838,-1.066505,0.7665541,-2.093331
RIPS,701.1918,-1.066693,0.7664998,-2.093516
RIPS,701.2012,-1.066766,0.7665486,-2.093539
RIPS,701.2086,-1.066824,0.766703,-2.09366
RIPS,701.2166,-1.066919,0.7668748,-2.093462
RIPS,701.2255,-1.067004,0.7670227,-2.093239
RIPS,701.2355,-1.066848,0.7672317,-2.093039
RIPS,701.2456,-1.066862,0.7673427,-2.092653
RIPS,701.2512,-1.066808,0.7675512,-2.09243
RIPS,701.2586,-1.066808,0.7677404,-2.092098
RIPS,701.267,-1.066913,0.76784,-2.091888
RIPS,701.2758,-1.066925,0.7680451,-2.091733
RIPS,701.2834,-1.066911,0.7683424,-2.091513
RIPS,701.2919,-1.067036,0.7686715,-2.09126
RIPS,701.3,-1.066999,0.7690338,-2.090812
RIPS,701.3083,-1.066897,0.7693818,-2.090024
RIPS,701.3165,-1.066825,0.7698212,-2.089287
RIPS,701.3257,-1.066793,0.7705396,-2.088206
RIPS,701.3333,-1.066718,0.7712415,-2.086955
RIPS,701.3415,-1.066683,0.771388,-2.08653
RIPS,701.3498,-1.066766,0.7716314,-2.085994
RIPS,701.3586,-1.066765,0.7719542,-2.085552
RIPS,701.3667,-1.066789,0.7723344,-2.085162
RIPS,701.375,-1.066809,0.7727587,-2.084739
RIPS,701.3834,-1.066793,0.7732278,-2.084276
RIPS,701.3924,-1.067011,0.7737345,-2.08401
RIPS,701.4011,-1.066988,0.7740887,-2.083555
RIPS,701.4084,-1.066954,0.7741329,-2.082983
RIPS,701.4168,-1.066927,0.7741445,-2.082586
RIPS,701.4252,-1.066883,0.7742386,-2.082152
RIPS,701.4334,-1.06667,0.7741399,-2.081837
RIPS,701.4418,-1.066639,0.7739936,-2.08151
RIPS,701.4504,-1.066765,0.7743134,-2.0815
RIPS,701.4587,-1.066749,0.7745703,-2.081164
RIPS,701.4667,-1.066665,0.7749466,-2.080693
RIPS,701.4758,-1.066591,0.775679,-2.080247
RIPS,701.4837,-1.066623,0.7755524,-2.081413
RIPS,701.4915,-1.066802,0.7758067,-2.081805
RIPS,701.5003,-1.066759,0.7761271,-2.081605
RIPS,701.5082,-1.066971,0.7764361,-2.08137
RIPS,701.5169,-1.066945,0.7764618,-2.080909
RIPS,701.5256,-1.067149,0.7763501,-2.080405
RIPS,701.534,-1.06705,0.7761613,-2.080194
RIPS,701.5419,-1.067054,0.7759066,-2.080052
RIPS,701.5504,-1.067313,0.7759928,-2.080469
RIPS,701.5595,-1.06723,0.7761282,-2.080526
RIPS,701.5674,-1.066672,0.7762264,-2.079902
RIPS,701.5764,-1.06655,0.7767563,-2.079703
RIPS,701.5848,-1.066427,0.7772893,-2.079413
RIPS,701.5936,-1.066139,0.7779171,-2.079154
RIPS,701.6021,-1.066067,0.7781976,-2.078707
RIPS,701.6102,-1.065781,0.7782096,-2.077964
RIPS,701.6183,-1.065697,0.7781428,-2.077639
RIPS,701.627,-1.065624,0.7781606,-2.077347
RIPS,701.6354,-1.065564,0.7780033,-2.077129
RIPS,701.6442,-1.065539,0.7771629,-2.078455
RIPS,701.6527,-1.065159,0.7766381,-2.078384
RIPS,701.6616,-1.065091,0.7762868,-2.079296
RIPS,701.6686,-1.064793,0.7762045,-2.079069
RIPS,701.6777,-1.064842,0.7762606,-2.079804
RIPS,701.6857,-1.064399,0.776264,-2.079406
RIPS,701.694,-1.06429,0.7762081,-2.079489
RIPS,701.7021,-1.064138,0.7760143,-2.079475
RIPS,701.7105,-1.063916,0.7757246,-2.079202
RIPS,701.7192,-1.063782,0.7751813,-2.079567
RIPS,701.7279,-1.063793,0.7746635,-2.079888
RIPS,701.7355,-1.063675,0.7741208,-2.080407
RIPS,701.744,-1.06324,0.7736011,-2.080493
RIPS,701.7521,-1.06315,0.7734074,-2.081089
RIPS,701.7609,-1.063129,0.7737387,-2.081885
RIPS,701.769,-1.063126,0.7738894,-2.08221
RIPS,701.7771,-1.063193,0.773998,-2.082441
RIPS,701.7863,-1.0632,0.7741512,-2.082479
RIPS,701.7952,-1.063109,0.7740349,-2.08262
RIPS,701.803,-1.063147,0.7738519,-2.082808
RIPS,701.8103,-1.063131,0.7736033,-2.083073
RIPS,701.8187,-1.063097,0.7733639,-2.083388
RIPS,701.827,-1.062774,0.7730401,-2.0831
RIPS,701.8361,-1.062684,0.7732073,-2.083018
RIPS,701.8439,-1.06255,0.7734594,-2.082976
RIPS,701.8531,-1.062241,0.7737129,-2.082744
RIPS,701.8616,-1.062068,0.7741551,-2.082639
RIPS,701.8688,-1.061945,0.7747425,-2.082658
RIPS,701.8778,-1.061945,0.7751858,-2.082652
RIPS,701.8856,-1.061715,0.7755715,-2.082484
RIPS,701.894,-1.061641,0.7757969,-2.082378
RIPS,701.9022,-1.06155,0.7758369,-2.082168
RIPS,701.9103,-1.061648,0.7756505,-2.081952
RIPS,701.9193,-1.061677,0.7755323,-2.081881
RIPS,701.9281,-1.061643,0.775337,-2.081787
RIPS,701.9355,-1.062011,0.7756352,-2.081951
RIPS,701.9437,-1.062115,0.7757726,-2.081734
RIPS,701.9532,-1.062109,0.7760793,-2.081485
RIPS,701.9606,-1.061908,0.7763425,-2.081021
RIPS,701.9691,-1.061803,0.7766946,-2.080667
RIPS,701.9779,-1.061531,0.7768477,-2.080218
RIPS,701.9858,-1.061301,0.7770398,-2.079899
RIPS,701.9952,-1.061221,0.7771757,-2.079621
RIPS,702.0031,-1.061026,0.7770844,-2.079307
RIPS,702.0104,-1.060912,0.777135,-2.079142
RIPS,702.019,-1.060794,0.7772177,-2.078971
RIPS,702.0271,-1.060682,0.7772875,-2.078766
RIPS,702.0354,-1.06054,0.7774128,-2.078436
RIPS,702.0443,-1.060412,0.7775728,-2.078128
RIPS,702.0525,-1.060256,0.7777289,-2.077837
RIPS,702.0613,-1.060153,0.7780182,-2.07759
RIPS,702.0688,-1.060088,0.7782452,-2.077308
RIPS,702.0782,-1.060052,0.7783536,-2.077121
RIPS,702.0854,-1.060115,0.7783482,-2.076871
RIPS,702.0936,-1.060073,0.7784125,-2.076755
RIPS,702.1021,-1.060143,0.7786255,-2.076666
RIPS,702.1102,-1.060224,0.7788929,-2.076492
RIPS,702.1189,-1.060233,0.7793212,-2.076288
RIPS,702.1281,-1.060174,0.7796001,-2.076242
RIPS,702.1354,-1.060122,0.7797876,-2.076129
RIPS,702.144,-1.060017,0.7800077,-2.076014
RIPS,702.1523,-1.059875,0.7801283,-2.075885
RIPS,702.1605,-1.059756,0.7801824,-2.075653
RIPS,702.1688,-1.059625,0.7802748,-2.075501
RIPS,702.177,-1.05959,0.7803648,-2.075289
RIPS,702.1866,-1.059556,0.780419,-2.075096
RIPS,702.195,-1.059515,0.7804244,-2.074964
RIPS,702.2036,-1.059462,0.7804446,-2.074852
RIPS,702.2106,-1.059416,0.780371,-2.074805
RIPS,702.2189,-1.059619,0.7803767,-2.074859
RIPS,702.2267,-1.059742,0.7803482,-2.074781
RIPS,702.236,-1.059723,0.7803717,-2.074645
RIPS,702.2434,-1.059721,0.780421,-2.07451
RIPS,702.2526,-1.059633,0.7804981,-2.074378
RIPS,702.2615,-1.059586,0.7806472,-2.074193
RIPS,702.2686,-1.059359,0.7809742,-2.074081
RIPS,702.2775,-1.05932,0.7812003,-2.07395
RIPS,702.2859,-1.059305,0.7813194,-2.073879
RIPS,702.2935,-1.059317,0.7814382,-2.073695
RIPS,702.302,-1.059315,0.7815129,-2.073634
RIPS,702.3104,-1.059391,0.7814586,-2.073526
RIPS,702.3188,-1.059428,0.7815902,-2.073431
RIPS,702.3281,-1.059435,0.7817429,-2.073343
RIPS,702.3353,-1.059548,0.7819642,-2.073314
RIPS,702.3436,-1.059593,0.7819426,-2.073173
RIPS,702.3519,-1.059482,0.781889,-2.072998
RIPS,702.3609,-1.059466,0.7819586,-2.072774
RIPS,702.3689,-1.059515,0.7820177,-2.072534
RIPS,702.3769,-1.059557,0.7821711,-2.072286
RIPS,702.3857,-1.059579,0.7822832,-2.072017
RIPS,702.3948,-1.05951,0.7824407,-2.071671
RIPS,702.4033,-1.059486,0.7825689,-2.071506
RIPS,702.4108,-1.059562,0.7826818,-2.071327
RIPS,702.4189,-1.059501,0.7826018,-2.071174
RIPS,702.4271,-1.059484,0.7824336,-2.071008
RIPS,702.4354,-1.059456,0.7822083,-2.07102
RIPS,702.4438,-1.059547,0.7820287,-2.071003
RIPS,702.4529,-1.059632,0.7820694,-2.071123
RIPS,702.4614,-1.059731,0.7819195,-2.071196
RIPS,702.4687,-1.059698,0.7818673,-2.071262
RIPS,702.4779,-1.059755,0.781846,-2.071273
RIPS,702.4854,-1.059757,0.7819857,-2.071224
RIPS,702.4939,-1.059771,0.7823254,-2.071138
RIPS,702.5021,-1.059864,0.7824724,-2.07107
RIPS,702.5105,-1.059906,0.7826985,-2.07115
RIPS,702.5197,-1.059973,0.7828078,-2.071227
RIPS,702.5278,-1.060112,0.7827064,-2.071311
RIPS,702.5356,-1.060194,0.7825006,-2.071415
RIPS,702.5438,-1.060348,0.7822221,-2.071577
RIPS,702.5519,-1.060434,0.7819714,-2.071659
RIPS,702.561,-1.060536,0.7817801,-2.071755
RIPS,702.5688,-1.060629,0.7816892,-2.071829
RIPS,702.577,-1.060666,0.7818289,-2.071977
RIPS,702.5857,-1.060678,0.7820053,-2.072003
RIPS,702.5947,-1.060647,0.782162,-2.072006
RIPS,702.6026,-1.060624,0.7821682,-2.072082
RIPS,702.6104,-1.060588,0.7821283,-2.072074
RIPS,702.6191,-1.060676,0.7819445,-2.072221
RIPS,702.6291,-1.060799,0.7817187,-2.072394
RIPS,702.6401,-1.060898,0.781476,-2.072519
RIPS,702.6462,-1.061004,0.7812228,-2.072597
RIPS,702.6522,-1.061045,0.7811717,-2.072714
RIPS,702.6588,-1.061101,0.7810993,-2.07288
RIPS,702.6667,-1.061185,0.781358,-2.072985
RIPS,702.676,-1.061183,0.7814912,-2.073134
RIPS,702.6832,-1.061147,0.7813979,-2.073249
RIPS,702.6911,-1.061146,0.7813084,-2.073332
RIPS,702.6998,-1.061183,0.7810893,-2.07351
RIPS,702.708,-1.061245,0.7808431,-2.073659
RIPS,702.7167,-1.061361,0.7806534,-2.07381
RIPS,702.7249,-1.061494,0.7806575,-2.073903
RIPS,702.733,-1.061628,0.7806235,-2.074054
RIPS,702.7413,-1.061792,0.7805993,-2.074261
RIPS,702.7499,-1.06191,0.780577,-2.074506
RIPS,702.7585,-1.061893,0.7803835,-2.074572
RIPS,702.7668,-1.061769,0.7802697,-2.074665
RIPS,702.7748,-1.061664,0.7801307,-2.074779
RIPS,702.7832,-1.061551,0.7801615,-2.074907
RIPS,702.7917,-1.061548,0.7801095,-2.075027
RIPS,702.8007,-1.061591,0.7801367,-2.075157
RIPS,702.8078,-1.061676,0.780091,-2.075217
RIPS,702.8168,-1.06167,0.7800732,-2.075254
RIPS,702.8248,-1.061593,0.7800072,-2.075334
RIPS,702.8332,-1.061591,0.7799904,-2.075413
RIPS,702.8417,-1.061553,0.7801164,-2.075574
RIPS,702.8497,-1.061564,0.7801651,-2.07564
RIPS,702.8591,-1.061541,0.7801672,-2.075666
RIPS,702.8665,-1.061589,0.7801138,-2.075721
RIPS,702.8761,-1.061537,0.7800129,-2.075724
RIPS,702.8832,-1.061564,0.7799462,-2.075738
RIPS,702.8914,-1.061708,0.7797982,-2.075707
RIPS,702.8997,-1.061758,0.7799699,-2.075653
RIPS,702.9081,-1.061781,0.7800541,-2.075588
RIPS,702.9169,-1.061855,0.7802228,-2.075435
RIPS,702.9253,-1.061819,0.7804263,-2.075246
RIPS,702.9332,-1.061808,0.7805264,-2.075079
RIPS,702.9412,-1.061755,0.7805406,-2.074829
RIPS,702.95,-1.061691,0.7805918,-2.074695
RIPS,702.959,-1.061632,0.7805163,-2.074398
RIPS,702.9672,-1.061607,0.7805296,-2.07427
RIPS,702.9754,-1.061648,0.7806976,-2.074192
RIPS,702.9844,-1.0617,0.7807965,-2.074106
RIPS,702.993,-1.061802,0.7808001,-2.074018
RIPS,703.0024,-1.061844,0.7807074,-2.07402
RIPS,703.0092,-1.061896,0.7806805,-2.073941
RIPS,703.0183,-1.06196,0.7805744,-2.073915
RIPS,703.0261,-1.061982,0.7805833,-2.073915
RIPS,703.0352,-1.062013,0.7805572,-2.073862
RIPS,703.0435,-1.061985,0.7807046,-2.073725
RIPS,703.0529,-1.061944,0.780839,-2.073656
RIPS,703.0607,-1.0619,0.7810208,-2.073646
RIPS,703.0688,-1.061812,0.7811152,-2.07367
RIPS,703.0778,-1.061733,0.7811823,-2.073648
RIPS,703.0852,-1.061569,0.7811308,-2.073688
RIPS,703.0933,-1.061511,0.7810456,-2.073658
RIPS,703.1019,-1.06149,0.7810038,-2.073615
RIPS,703.1101,-1.061496,0.7808643,-2.073709
RIPS,703.1197,-1.061496,0.7807132,-2.073759
RIPS,703.128,-1.06158,0.7806936,-2.073792
RIPS,703.1351,-1.061677,0.7807227,-2.073923
RIPS,703.1434,-1.061744,0.7807067,-2.073985
RIPS,703.1521,-1.061759,0.7807294,-2.073973
RIPS,703.1605,-1.061836,0.7809051,-2.074092
RIPS,703.1686,-1.061815,0.7808521,-2.074206
RIPS,703.177,-1.061786,0.7807561,-2.074214
RIPS,703.1865,-1.061786,0.7807062,-2.07425
RIPS,703.1945,-1.061854,0.7806593,-2.074468
RIPS,703.2029,-1.061884,0.7805495,-2.074609
RIPS,703.2104,-1.061922,0.7804042,-2.074728
RIPS,703.219,-1.061933,0.7802149,-2.074836
RIPS,703.2265,-1.062034,0.7801234,-2.074853
RIPS,703.2354,-1.062124,0.7800021,-2.074976
RIPS,703.2435,-1.062181,0.779946,-2.075114
RIPS,703.2523,-1.062094,0.7800266,-2.075284
RIPS,703.2612,-1.062092,0.7799812,-2.07546
RIPS,703.2685,-1.062106,0.7799135,-2.075632
RIPS,703.2775,-1.062139,0.7797622,-2.07582
RIPS,703.2852,-1.062045,0.7797067,-2.076024
RIPS,703.2935,-1.062063,0.7796274,-2.076095
RIPS,703.3018,-1.062019,0.7794347,-2.076149
RIPS,703.3099,-1.062108,0.7793518,-2.076221
RIPS,703.319,-1.062141,0.7792916,-2.076291
RIPS,703.3279,-1.062306,0.7791094,-2.076238
RIPS,703.3351,-1.062369,0.779053,-2.076352
RIPS,703.3438,-1.062305,0.7790068,-2.076531
RIPS,703.3519,-1.06233,0.7789683,-2.076594
RIPS,703.3604,-1.062266,0.7789562,-2.076725
RIPS,703.3687,-1.06228,0.7789575,-2.076745
RIPS,703.3766,-1.062388,0.7789347,-2.076848
RIPS,703.3862,-1.062426,0.7787696,-2.076932
RIPS,703.3973,-1.062447,0.77867,-2.076991
RIPS,703.4079,-1.062567,0.7784668,-2.077048
RIPS,703.4164,-1.062639,0.7781146,-2.077075
RIPS,703.4245,-1.062731,0.7779411,-2.07722
RIPS,703.4333,-1.062834,0.7778006,-2.077344
RIPS,703.4412,-1.06289,0.7777043,-2.077448
RIPS,703.45,-1.062949,0.7775533,-2.07758
RIPS,703.4584,-1.062973,0.7774172,-2.077654
RIPS,703.4665,-1.063026,0.7773845,-2.077857
RIPS,703.4756,-1.063132,0.7771845,-2.078033
RIPS,703.4833,-1.063319,0.7769864,-2.078195
RIPS,703.4911,-1.063427,0.7768797,-2.078411
RIPS,703.4995,-1.063567,0.7766121,-2.078557
RIPS,703.5078,-1.063667,0.7764969,-2.078756
RIPS,703.5164,-1.063581,0.776166,-2.078957
RIPS,703.5252,-1.063684,0.775791,-2.079237
RIPS,703.5331,-1.063649,0.7753765,-2.079293
RIPS,703.5413,-1.063702,0.7750707,-2.079644
RIPS,703.5516,-1.063746,0.774691,-2.079782
RIPS,703.5626,-1.063723,0.774585,-2.080062
RIPS,703.5683,-1.06378,0.7743012,-2.080318
RIPS,703.5748,-1.063817,0.7739864,-2.080593
RIPS,703.5831,-1.063737,0.773831,-2.08088
RIPS,703.592,-1.063729,0.7735612,-2.081199
RIPS,703.6005,-1.063715,0.7733215,-2.08153
RIPS,703.6078,-1.063554,0.7729172,-2.081811
RIPS,703.6162,-1.063522,0.7726015,-2.08205
RIPS,703.6247,-1.063522,0.7722188,-2.082172
RIPS,703.6333,-1.063455,0.7720075,-2.082462
RIPS,703.6421,-1.06365,0.7716573,-2.082652
RIPS,703.6495,-1.063644,0.7713717,-2.083035
RIPS,703.6583,-1.063675,0.7711779,-2.083413
RIPS,703.6663,-1.063933,0.7710831,-2.084015
RIPS,703.6754,-1.063909,0.7708882,-2.084388
RIPS,703.6829,-1.06383,0.7707924,-2.084972
RIPS,703.691,-1.063773,0.7705159,-2.085393
RIPS,703.6996,-1.063683,0.7703235,-2.085796
RIPS,703.7081,-1.063629,0.7701454,-2.086084
RIPS,703.7165,-1.063749,0.7698933,-2.08624
RIPS,703.725,-1.06377,0.7697078,-2.086593
RIPS,703.7329,-1.063904,0.7696608,-2.087053
RIPS,703.7412,-1.0642,0.7694291,-2.087232
RIPS,703.7496,-1.064396,0.7691606,-2.087696
RIPS,703.7582,-1.064563,0.7690089,-2.087918
RIPS,703.7665,-1.064763,0.7687232,-2.088087
RIPS,703.7745,-1.064836,0.7685006,-2.088331
RIPS,703.7826,-1.064927,0.7683367,-2.088629
RIPS,703.7914,-1.064978,0.7680684,-2.089039
RIPS,703.8006,-1.065047,0.7678605,-2.08936
RIPS,703.8077,-1.065062,0.7677404,-2.089967
RIPS,703.8162,-1.065135,0.7674745,-2.090523
RIPS,703.8246,-1.065235,0.7671966,-2.091117
RIPS,703.833,-1.065376,0.7669433,-2.091728
RIPS,703.841,-1.065512,0.7666649,-2.092204
RIPS,703.8492,-1.06568,0.7663338,-2.092746
RIPS,703.8585,-1.065786,0.7659747,-2.093369
RIPS,703.8665,-1.065904,0.7653934,-2.094227
RIPS,703.8758,-1.065962,0.7650961,-2.09468
RIPS,703.883,-1.065949,0.7647239,-2.095351
RIPS,703.8916,-1.065926,0.7644173,-2.095901
RIPS,703.9005,-1.065918,0.7640765,-2.096384
RIPS,703.9088,-1.065917,0.7638146,-2.096836
RIPS,703.9181,-1.065982,0.7636468,-2.097097
RIPS,703.9262,-1.066072,0.7632884,-2.097797
RIPS,703.934,-1.06618,0.7631016,-2.098207
RIPS,703.9426,-1.066355,0.7628213,-2.098581
RIPS,703.9514,-1.066516,0.7625719,-2.098806
RIPS,703.9598,-1.066546,0.7623594,-2.098895
RIPS,703.9687,-1.066641,0.7621172,-2.099197
RIPS,703.9771,-1.066758,0.7619714,-2.099525
RIPS,703.9859,-1.066911,0.7619069,-2.099874
RIPS,703.9946,-1.067008,0.7618063,-2.100074
RIPS,704.0026,-1.067063,0.7617813,-2.100298
RIPS,704.0104,-1.067188,0.7617511,-2.100482
RIPS,704.0182,-1.067255,0.7617397,-2.100778
RIPS,704.0267,-1.067318,0.7617024,-2.100883
RIPS,704.0348,-1.06738,0.7617042,-2.100982
RIPS,704.0436,-1.067551,0.7618136,-2.101216
RIPS,704.0519,-1.067503,0.761961,-2.101176
RIPS,704.061,-1.067424,0.7620488,-2.101017
RIPS,704.0683,-1.067308,0.7622082,-2.100854
RIPS,704.0775,-1.067106,0.7623136,-2.100597
RIPS,704.085,-1.066924,0.7625993,-2.100029
RIPS,704.0934,-1.066728,0.7629403,-2.099399
RIPS,704.1015,-1.066586,0.7633581,-2.09857
RIPS,704.1098,-1.066463,0.7640731,-2.097438
RIPS,704.1186,-1.066256,0.7650601,-2.095752
RIPS,704.127,-1.06627,0.7649952,-2.095901
RIPS,704.1349,-1.066243,0.7649447,-2.095968
RIPS,704.1432,-1.066288,0.7648958,-2.095941
RIPS,704.1519,-1.066278,0.7649525,-2.095945
RIPS,704.1601,-1.06635,0.7650059,-2.09582
RIPS,704.169,-1.066244,0.7650115,-2.095807
RIPS,704.1766,-1.066213,0.7651237,-2.095778
RIPS,704.1852,-1.066012,0.7651192,-2.095544
RIPS,704.1939,-1.065756,0.7651882,-2.095146
RIPS,704.203,-1.065491,0.7652434,-2.094959
RIPS,704.2099,-1.065249,0.7654463,-2.094387
RIPS,704.22,-1.064957,0.7661101,-2.093379
RIPS,704.2271,-1.064818,0.7659823,-2.093481
RIPS,704.2353,-1.064702,0.7659093,-2.093462
RIPS,704.2434,-1.064649,0.7659148,-2.093479
RIPS,704.2524,-1.064578,0.766031,-2.093477
RIPS,704.2603,-1.064592,0.7661265,-2.093333
RIPS,704.2682,-1.064597,0.7661718,-2.093311
RIPS,704.277,-1.064575,0.7662104,-2.093311
RIPS,704.285,-1.064524,0.7661327,-2.093338
RIPS,704.2929,-1.064425,0.7659892,-2.09334
RIPS,704.3018,-1.064447,0.7658156,-2.093479
RIPS,704.3097,-1.064394,0.7656614,-2.09347
RIPS,704.3185,-1.064438,0.7656375,-2.093564
RIPS,704.3286,-1.064471,0.7656761,-2.093722
RIPS,704.3373,-1.064478,0.7657371,-2.093745
RIPS,704.3439,-1.064391,0.765798,-2.093761
RIPS,704.3506,-1.064439,0.7658708,-2.093869
RIPS,704.3593,-1.064401,0.7658579,-2.093897
RIPS,704.3669,-1.064445,0.7658525,-2.093962
RIPS,704.3753,-1.064503,0.7658468,-2.094029
RIPS,704.3843,-1.06441,0.7656594,-2.094044
RIPS,704.3929,-1.064479,0.7655237,-2.094137
RIPS,704.4015,-1.06439,0.7653,-2.09407
RIPS,704.4089,-1.064451,0.7651472,-2.094198
RIPS,704.4169,-1.064478,0.7650396,-2.094192
RIPS,704.4255,-1.064515,0.7649967,-2.094278
RIPS,704.4337,-1.064567,0.7651165,-2.094393
RIPS,704.4421,-1.064709,0.765265,-2.094637
RIPS,704.4504,-1.064821,0.7653037,-2.09484
RIPS,704.4598,-1.064973,0.7652221,-2.095112
RIPS,704.4675,-1.065099,0.7650471,-2.095371
RIPS,704.4763,-1.065134,0.7648019,-2.09568
RIPS,704.4867,-1.065227,0.7646245,-2.095913
RIPS,704.4957,-1.065272,0.7644291,-2.096005
RIPS,704.501,-1.065343,0.7643343,-2.096213
RIPS,704.5079,-1.065366,0.7642936,-2.096393
RIPS,704.5162,-1.065339,0.7642943,-2.096601
RIPS,704.5247,-1.065317,0.764328,-2.096831
RIPS,704.5328,-1.065278,0.7644252,-2.09695
RIPS,704.5414,-1.065005,0.764416,-2.096878
RIPS,704.5494,-1.064933,0.7644304,-2.096889
RIPS,704.5581,-1.064655,0.764352,-2.096669
RIPS,704.5664,-1.064527,0.7642276,-2.096562
RIPS,704.5745,-1.064475,0.7641752,-2.096537
RIPS,704.5828,-1.064709,0.7641689,-2.096731
RIPS,704.5917,-1.064707,0.7641651,-2.096691
RIPS,704.6001,-1.064807,0.7642017,-2.096661
RIPS,704.6078,-1.064802,0.7642428,-2.096634
RIPS,704.6161,-1.064881,0.7642989,-2.096594
RIPS,704.6245,-1.064899,0.7643345,-2.096532
RIPS,704.6331,-1.064752,0.7643158,-2.096218
RIPS,704.6434,-1.064624,0.7643279,-2.095913
RIPS,704.6525,-1.064596,0.764344,-2.095767
RIPS,704.6577,-1.064234,0.7642837,-2.095369
RIPS,704.6664,-1.064207,0.764305,-2.095324
RIPS,704.675,-1.064085,0.7642788,-2.095272
RIPS,704.6831,-1.064084,0.7643186,-2.095245
RIPS,704.6909,-1.064104,0.764426,-2.095267
RIPS,704.6994,-1.064108,0.7644833,-2.095026
RIPS,704.7078,-1.064124,0.7645822,-2.094911
RIPS,704.7162,-1.063908,0.7645785,-2.094528
RIPS,704.7249,-1.063905,0.7646605,-2.094306
RIPS,704.7325,-1.063914,0.7647523,-2.094042
RIPS,704.7409,-1.063812,0.7648073,-2.093639
RIPS,704.7496,-1.063823,0.7649004,-2.093548
RIPS,704.7581,-1.064129,0.7651308,-2.094043
RIPS,704.7665,-1.064126,0.7652467,-2.094042
RIPS,704.7745,-1.064095,0.7653697,-2.093993
RIPS,704.7829,-1.064062,0.7654954,-2.093964
RIPS,704.7919,-1.064015,0.7656041,-2.093933
RIPS,704.8015,-1.063984,0.7656921,-2.093853
RIPS,704.808,-1.063939,0.7656704,-2.093725
RIPS,704.8163,-1.063918,0.7656147,-2.09363
RIPS,704.8249,-1.063879,0.7656016,-2.09332
RIPS,704.8333,-1.063882,0.7655725,-2.09324
RIPS,704.8414,-1.063933,0.7656063,-2.093115
RIPS,704.8513,-1.064002,0.7656047,-2.093086
RIPS,704.8586,-1.063753,0.7654918,-2.092473
RIPS,704.8663,-1.063908,0.7655087,-2.09252
RIPS,704.8759,-1.063852,0.7655153,-2.092444
RIPS,704.8831,-1.063938,0.7655379,-2.092487
RIPS,704.8915,-1.064061,0.7656295,-2.092553
RIPS,704.9,-1.064136,0.7656144,-2.092485
RIPS,704.9081,-1.064188,0.7656038,-2.092489
RIPS,704.9165,-1.064209,0.765644,-2.092488
RIPS,704.9258,-1.06426,0.7656891,-2.092448
RIPS,704.9334,-1.064158,0.7657056,-2.092384
RIPS,704.943,-1.064191,0.7657514,-2.092349
RIPS,704.9539,-1.06422,0.7657113,-2.092421
RIPS,704.96,-1.064229,0.7655069,-2.091973
RIPS,704.967,-1.064294,0.7654502,-2.092117
RIPS,704.9748,-1.064334,0.7653411,-2.091977
RIPS,704.9839,-1.064408,0.7653462,-2.092055
RIPS,704.9922,-1.064502,0.7653716,-2.092122
RIPS,705.0011,-1.064601,0.7654715,-2.092534
RIPS,705.0092,-1.064664,0.765504,-2.092653
RIPS,705.0168,-1.064923,0.7657143,-2.093074
RIPS,705.0248,-1.064949,0.7657005,-2.093067
RIPS,705.0333,-1.065033,0.7657569,-2.093223
RIPS,705.0417,-1.065065,0.7656944,-2.093253
RIPS,705.0506,-1.065077,0.7656472,-2.093216
RIPS,705.0585,-1.065169,0.7656462,-2.093417
RIPS,705.0666,-1.065174,0.7655685,-2.093464
RIPS,705.076,-1.065324,0.7655236,-2.093546
RIPS,705.0833,-1.065336,0.7654612,-2.093629
RIPS,705.0915,-1.065398,0.7655162,-2.093598
RIPS,705.1002,-1.0657,0.7655724,-2.093707
RIPS,705.1083,-1.065745,0.7655967,-2.093742
RIPS,705.1168,-1.065736,0.7655946,-2.093611
RIPS,705.1252,-1.065724,0.7656289,-2.0935
RIPS,705.1332,-1.065741,0.7656049,-2.093508
RIPS,705.1419,-1.06565,0.7656042,-2.093536
RIPS,705.15,-1.065614,0.7655991,-2.093483
RIPS,705.1588,-1.065535,0.7656286,-2.093532
RIPS,705.1667,-1.065518,0.7656922,-2.093479
RIPS,705.175,-1.065643,0.7658945,-2.093675
RIPS,705.1832,-1.06565,0.7660103,-2.093599
RIPS,705.1921,-1.065657,0.7661062,-2.093574
RIPS,705.2011,-1.065569,0.7662029,-2.093377
RIPS,705.2081,-1.065537,0.7662583,-2.093334
RIPS,705.2169,-1.065656,0.7663391,-2.093355
RIPS,705.2249,-1.06564,0.76641,-2.093252
RIPS,705.2343,-1.065486,0.7663752,-2.092907
RIPS,705.242,-1.065485,0.7664443,-2.092798
RIPS,705.2506,-1.06553,0.7665631,-2.092654
RIPS,705.2603,-1.065411,0.7666559,-2.092328
RIPS,705.2678,-1.065448,0.7668433,-2.092155
RIPS,705.2766,-1.065159,0.766909,-2.091711
RIPS,705.2845,-1.065217,0.7671264,-2.091499
RIPS,705.2928,-1.064977,0.7672462,-2.091221
RIPS,705.3015,-1.065001,0.7674431,-2.091031
RIPS,705.3095,-1.065016,0.7676113,-2.090874
RIPS,705.3185,-1.065129,0.7677141,-2.090561
RIPS,705.3271,-1.065109,0.7678604,-2.090277
RIPS,705.3349,-1.065399,0.7679666,-2.090062
RIPS,705.3433,-1.0654,0.7681816,-2.089764
RIPS,705.3515,-1.065428,0.7684407,-2.089501
RIPS,705.36,-1.065321,0.7687663,-2.089174
RIPS,705.3681,-1.065342,0.769118,-2.088819
RIPS,705.3765,-1.065391,0.7694842,-2.088429
RIPS,705.3849,-1.065412,0.7697249,-2.087929
RIPS,705.394,-1.06541,0.7700017,-2.087373
RIPS,705.4025,-1.065327,0.7702563,-2.086687
RIPS,705.4096,-1.065301,0.7705689,-2.085932
RIPS,705.4186,-1.065132,0.7709723,-2.085127
RIPS,705.4261,-1.065109,0.7714695,-2.084391
RIPS,705.4348,-1.065189,0.7720162,-2.0838
RIPS,705.4431,-1.065133,0.7725513,-2.083179
RIPS,705.4521,-1.065083,0.7729656,-2.082607
RIPS,705.4601,-1.065016,0.7732979,-2.08183
RIPS,705.4682,-1.064901,0.7736092,-2.08123
RIPS,705.4772,-1.064761,0.7738286,-2.080552
RIPS,705.4849,-1.064685,0.7741403,-2.079942
RIPS,705.4929,-1.064631,0.7743958,-2.079434
RIPS,705.5016,-1.06469,0.7747294,-2.078961
RIPS,705.5098,-1.064679,0.7749342,-2.07836
RIPS,705.5185,-1.064555,0.7750833,-2.077677
RIPS,705.5275,-1.064532,0.775298,-2.077061
RIPS,705.5349,-1.064556,0.7754335,-2.076507
RIPS,705.5432,-1.064427,0.7758188,-2.075922
RIPS,705.5518,-1.064366,0.776289,-2.075369
RIPS,705.56,-1.064735,0.777095,-2.075182
RIPS,705.5683,-1.064631,0.7775638,-2.074605
RIPS,705.5765,-1.064611,0.7781307,-2.074111
RIPS,705.585,-1.064534,0.7787071,-2.073439
RIPS,705.5941,-1.064491,0.7791696,-2.072806
RIPS,705.6024,-1.064473,0.7792877,-2.072279
RIPS,705.6096,-1.064487,0.7793551,-2.071864
RIPS,705.6183,-1.064368,0.7793854,-2.071174
RIPS,705.6266,-1.06429,0.7792109,-2.070638
RIPS,705.635,-1.064612,0.7795277,-2.070327
RIPS,705.6435,-1.064482,0.7796301,-2.069726
RIPS,705.652,-1.064368,0.7797828,-2.069166
RIPS,705.6605,-1.064238,0.7801527,-2.068727
RIPS,705.6679,-1.064191,0.7796885,-2.070679
RIPS,705.6774,-1.06376,0.7798749,-2.070937
RIPS,705.6849,-1.06371,0.7808903,-2.071062
RIPS,705.6928,-1.063707,0.7817351,-2.070979
RIPS,705.7018,-1.063596,0.7824464,-2.070527
RIPS,705.71,-1.063516,0.7819685,-2.072104
RIPS,705.7183,-1.063508,0.7816513,-2.071789
RIPS,705.7276,-1.063372,0.7816526,-2.070667
RIPS,705.7349,-1.06327,0.7820757,-2.068128
RIPS,705.743,-1.06319,0.781833,-2.067125
RIPS,705.7514,-1.063181,0.7815191,-2.066544
RIPS,705.7601,-1.063093,0.7814403,-2.065944
RIPS,705.7682,-1.063185,0.7802957,-2.06845
RIPS,705.7764,-1.063484,0.7798778,-2.070773
RIPS,705.7853,-1.063519,0.7798175,-2.071908
RIPS,705.7939,-1.063534,0.7800774,-2.073244
RIPS,705.8022,-1.063545,0.7801729,-2.073824
RIPS,705.8098,-1.063528,0.7804142,-2.074436
RIPS,705.8181,-1.063571,0.7805148,-2.074853
RIPS,705.8262,-1.063704,0.7804018,-2.075128
RIPS,705.8353,-1.063685,0.7800843,-2.074863
RIPS,705.8428,-1.063811,0.7797477,-2.074789
RIPS,705.8516,-1.063338,0.7789354,-2.073875
RIPS,705.8604,-1.06338,0.7787048,-2.0737
RIPS,705.8679,-1.063469,0.7783918,-2.073757
RIPS,705.8771,-1.063532,0.7784704,-2.073843
RIPS,705.8851,-1.06357,0.7788441,-2.074179
RIPS,705.8931,-1.063567,0.7791383,-2.074445
RIPS,705.9015,-1.063516,0.7796429,-2.07455
RIPS,705.9096,-1.063462,0.7801697,-2.074616
RIPS,705.9186,-1.063311,0.7804357,-2.074403
RIPS,705.9269,-1.063285,0.7806911,-2.074468
RIPS,705.9349,-1.063151,0.7808028,-2.074317
RIPS,705.9433,-1.06306,0.7808477,-2.074291
RIPS,705.9517,-1.063129,0.7810893,-2.074264
RIPS,705.96,-1.063042,0.780959,-2.074236
RIPS,705.9684,-1.063022,0.7812173,-2.074581
RIPS,705.9764,-1.063079,0.7812487,-2.074602
RIPS,705.9857,-1.062992,0.7812428,-2.074717
RIPS,705.9947,-1.062917,0.7813376,-2.074887
RIPS,706.0027,-1.062747,0.7814537,-2.07492
RIPS,706.0102,-1.062514,0.7813938,-2.074681
RIPS,706.0184,-1.062326,0.7815177,-2.074593
RIPS,706.0268,-1.062173,0.7816296,-2.074338
RIPS,706.0348,-1.06206,0.7816991,-2.074205
RIPS,706.0432,-1.062019,0.7817286,-2.074133
RIPS,706.052,-1.062006,0.7817703,-2.07409
RIPS,706.0606,-1.062099,0.7817304,-2.073976
RIPS,706.068,-1.062182,0.7817124,-2.073796
RIPS,706.077,-1.062212,0.7817052,-2.073741
RIPS,706.0849,-1.062286,0.7815953,-2.073617
RIPS,706.0929,-1.062356,0.7816697,-2.073468
RIPS,706.1015,-1.062385,0.7818682,-2.073375
RIPS,706.1096,-1.062398,0.7819885,-2.073299
RIPS,706.1191,-1.062342,0.7822118,-2.073205
RIPS,706.1276,-1.062289,0.7824362,-2.073046
RIPS,706.1346,-1.062335,0.7825233,-2.072771
RIPS,706.1433,-1.062277,0.7826885,-2.072629
RIPS,706.1515,-1.062212,0.7828128,-2.072597
RIPS,706.1597,-1.062192,0.7828192,-2.072514
RIPS,706.1681,-1.062182,0.7828878,-2.072562
RIPS,706.1764,-1.062148,0.7827758,-2.072463
RIPS,706.1848,-1.061905,0.7827134,-2.072352
RIPS,706.194,-1.0618,0.7827768,-2.07229
RIPS,706.2026,-1.061782,0.7828314,-2.0722
RIPS,706.2094,-1.061697,0.7829954,-2.072041
RIPS,706.2185,-1.06163,0.7829395,-2.072022
RIPS,706.2261,-1.06161,0.7829891,-2.072015
RIPS,706.2347,-1.061663,0.7828715,-2.072078
RIPS,706.2433,-1.061607,0.7828234,-2.072011
RIPS,706.252,-1.06159,0.782814,-2.072052
RIPS,706.2607,-1.061535,0.7828475,-2.071982
RIPS,706.2682,-1.061501,0.7828716,-2.071933
RIPS,706.2775,-1.061393,0.7830806,-2.071878
RIPS,706.2847,-1.061363,0.7833604,-2.071783
RIPS,706.2926,-1.06126,0.783573,-2.071771
RIPS,706.3015,-1.061283,0.7837947,-2.071745
RIPS,706.3093,-1.061255,0.7838967,-2.07175
RIPS,706.3182,-1.061295,0.7838232,-2.071689
RIPS,706.3273,-1.061335,0.7837853,-2.071662
RIPS,706.335,-1.061552,0.7836565,-2.071573
RIPS,706.3429,-1.061761,0.7836546,-2.071608
RIPS,706.3516,-1.061947,0.7836431,-2.071533
RIPS,706.3596,-1.061958,0.7837536,-2.071424
RIPS,706.3682,-1.061999,0.7838229,-2.071356
RIPS,706.3763,-1.062012,0.7838943,-2.071255
RIPS,706.3856,-1.062034,0.7839187,-2.071148
RIPS,706.3936,-1.061826,0.7841664,-2.071274
RIPS,706.4023,-1.061789,0.7840804,-2.07114
RIPS,706.4095,-1.061815,0.7840499,-2.071036
RIPS,706.4178,-1.061739,0.7841191,-2.071044
RIPS,706.4263,-1.06172,0.7841574,-2.070972
RIPS,706.4347,-1.061792,0.7840845,-2.070875
RIPS,706.4431,-1.061777,0.7842034,-2.070818
RIPS,706.4516,-1.061859,0.7842026,-2.070768
RIPS,706.4605,-1.061786,0.7842573,-2.07075
RIPS,706.4681,-1.061805,0.7842777,-2.070775
RIPS,706.4771,-1.061937,0.7841454,-2.07067
RIPS,706.4845,-1.061958,0.7841286,-2.070708
RIPS,706.4929,-1.061974,0.7841803,-2.070732
RIPS,706.5018,-1.061969,0.7841352,-2.070717
RIPS,706.5096,-1.061877,0.7842128,-2.07075
RIPS,706.5181,-1.061852,0.7842119,-2.070743
RIPS,706.5272,-1.06183,0.7841856,-2.070795
RIPS,706.5344,-1.061819,0.7841235,-2.07086
RIPS,706.5427,-1.061782,0.7841197,-2.07089
RIPS,706.5516,-1.061695,0.7841371,-2.070983
RIPS,706.56,-1.061713,0.7842022,-2.071074
RIPS,706.568,-1.061706,0.7842007,-2.071218
RIPS,706.5762,-1.061761,0.7840759,-2.071319
RIPS,706.5852,-1.061782,0.7840056,-2.071472
RIPS,706.5938,-1.061778,0.7837942,-2.071544
RIPS,706.6023,-1.061752,0.7836201,-2.071608
RIPS,706.6094,-1.061761,0.7834399,-2.071704
RIPS,706.6179,-1.061859,0.7834174,-2.071757
RIPS,706.6263,-1.061935,0.7834186,-2.071812
RIPS,706.6353,-1.062009,0.7833981,-2.071902
RIPS,706.6456,-1.062044,0.7835367,-2.071984
RIPS,706.6549,-1.062112,0.7835211,-2.072085
RIPS,706.6617,-1.06207,0.7834761,-2.072175
RIPS,706.6679,-1.062124,0.7833773,-2.072366
RIPS,706.6746,-1.062137,0.7832555,-2.0725
RIPS,706.6829,-1.062081,0.7829631,-2.072622
RIPS,706.6906,-1.06223,0.7826194,-2.072774
RIPS,706.6989,-1.06223,0.7825116,-2.07284
RIPS,706.7076,-1.062258,0.7824188,-2.072954
RIPS,706.7158,-1.062287,0.782382,-2.073035
RIPS,706.7241,-1.062305,0.7823434,-2.073248
RIPS,706.7326,-1.062301,0.7824501,-2.073386
RIPS,706.7406,-1.062321,0.7824107,-2.073518
RIPS,706.7488,-1.06236,0.7823691,-2.073597
RIPS,706.7578,-1.062298,0.7822461,-2.073727
RIPS,706.7662,-1.06232,0.7820431,-2.073931
RIPS,706.7739,-1.062355,0.7818345,-2.074051
RIPS,706.7825,-1.06231,0.7817448,-2.074144
RIPS,706.7907,-1.062286,0.781616,-2.074299
RIPS,706.8021,-1.062476,0.7813974,-2.074387
RIPS,706.8114,-1.062515,0.7813308,-2.074504
RIPS,706.817,-1.062537,0.7812294,-2.07466
RIPS,706.8237,-1.062588,0.7812028,-2.074898
RIPS,706.8326,-1.062646,0.7811623,-2.075045
RIPS,706.8406,-1.06273,0.7810361,-2.075242
RIPS,706.8491,-1.062696,0.7809091,-2.075375
RIPS,706.8578,-1.062735,0.7807287,-2.075499
RIPS,706.8654,-1.062757,0.7805071,-2.075644
RIPS,706.8745,-1.062904,0.7802469,-2.075732
RIPS,706.8824,-1.062886,0.7800471,-2.075824
RIPS,706.8907,-1.062848,0.7797923,-2.075893
RIPS,706.899,-1.062959,0.779507,-2.075951
RIPS,706.9073,-1.062963,0.7794705,-2.076123
RIPS,706.9156,-1.063033,0.7793944,-2.07622
RIPS,706.9247,-1.063089,0.7793307,-2.076352
RIPS,706.9323,-1.063049,0.7790271,-2.076406
RIPS,706.9404,-1.062993,0.7788638,-2.076554
RIPS,706.9487,-1.063077,0.7786663,-2.076667
RIPS,706.9578,-1.063152,0.7783224,-2.076884
RIPS,706.9657,-1.063066,0.7780104,-2.07715
RIPS,706.9739,-1.0631,0.7775648,-2.077311
RIPS,706.9828,-1.063119,0.7771916,-2.077474
RIPS,706.9911,-1.063128,0.7769791,-2.077708
RIPS,707.0002,-1.063517,0.7766824,-2.077835
RIPS,707.0081,-1.06352,0.7765798,-2.078106
RIPS,707.0159,-1.063609,0.7763696,-2.078406
RIPS,707.0238,-1.063599,0.7761855,-2.07865
RIPS,707.0328,-1.063654,0.7759924,-2.078842
RIPS,707.041,-1.063676,0.7756522,-2.079196
RIPS,707.0515,-1.063767,0.7754474,-2.079473
RIPS,707.0604,-1.063812,0.7751957,-2.079917
RIPS,707.0668,-1.063822,0.7748179,-2.080177
RIPS,707.0746,-1.063889,0.7744207,-2.080405
RIPS,707.0829,-1.063882,0.7741107,-2.080668
RIPS,707.0912,-1.063907,0.7737959,-2.080894
RIPS,707.0989,-1.063836,0.7734747,-2.08105
RIPS,707.1096,-1.06383,0.7732332,-2.081409
RIPS,707.1196,-1.063996,0.7730265,-2.081865
RIPS,707.1258,-1.063976,0.7727689,-2.082296
RIPS,707.1324,-1.064008,0.7724513,-2.082744
RIPS,707.1404,-1.063967,0.7722809,-2.08322
RIPS,707.149,-1.063999,0.7719892,-2.083567
RIPS,707.1578,-1.06404,0.7719241,-2.084041
RIPS,707.1655,-1.064065,0.7717061,-2.084344
RIPS,707.174,-1.064031,0.7714446,-2.08452
RIPS,707.1822,-1.064021,0.7712243,-2.08476
RIPS,707.191,-1.064023,0.7710437,-2.084979
RIPS,707.1991,-1.064043,0.7709498,-2.085228
RIPS,707.2073,-1.064058,0.7708525,-2.085447
RIPS,707.2162,-1.064131,0.7707793,-2.085693
RIPS,707.2239,-1.06424,0.7706898,-2.085862
RIPS,707.2324,-1.064462,0.770389,-2.085953
RIPS,707.2407,-1.06455,0.7701894,-2.086276
RIPS,707.2489,-1.064587,0.7700105,-2.086653
RIPS,707.2587,-1.064655,0.7698019,-2.086955
RIPS,707.2655,-1.064591,0.769769,-2.087319
RIPS,707.2748,-1.064601,0.7695909,-2.087609
RIPS,707.2822,-1.064628,0.769344,-2.087965
RIPS,707.2905,-1.064631,0.7691508,-2.08838
RIPS,707.2987,-1.064649,0.7689615,-2.088711
RIPS,707.3074,-1.064669,0.7687474,-2.089024
RIPS,707.3154,-1.064767,0.7684358,-2.089213
RIPS,707.3243,-1.06479,0.7681717,-2.089512
RIPS,707.332,-1.064865,0.7680058,-2.089514
RIPS,707.3406,-1.064915,0.7678792,-2.089543
RIPS,707.3486,-1.06499,0.7678852,-2.089491
RIPS,707.358,-1.065078,0.76797,-2.089324
RIPS,707.3654,-1.065215,0.7679474,-2.089394
RIPS,707.374,-1.065295,0.7679581,-2.089841
RIPS,707.3818,-1.065518,0.7677992,-2.090539
RIPS,707.3914,-1.065679,0.7677014,-2.090892
RIPS,707.3994,-1.065884,0.7676151,-2.091431
RIPS,707.4078,-1.06605,0.7674885,-2.091899
RIPS,707.4161,-1.066288,0.7674023,-2.092145
RIPS,707.4249,-1.066471,0.7671853,-2.092377
RIPS,707.4332,-1.066747,0.7670091,-2.092182
RIPS,707.4415,-1.066842,0.7669097,-2.092045
RIPS,707.45,-1.066906,0.7668349,-2.091859
RIPS,707.4592,-1.066932,0.7668068,-2.091688
RIPS,707.4672,-1.067008,0.7668534,-2.091586
RIPS,707.4763,-1.066874,0.7669231,-2.091938
RIPS,707.4841,-1.066921,0.7670002,-2.092127
RIPS,707.4924,-1.066782,0.7670401,-2.092705
RIPS,707.5009,-1.066833,0.7670249,-2.093136
RIPS,707.509,-1.066851,0.7672073,-2.092875
RIPS,707.519,-1.066826,0.7676198,-2.092406
RIPS,707.5264,-1.066855,0.7685347,-2.090775
RIPS,707.5341,-1.066857,0.7682892,-2.091198
RIPS,707.5427,-1.066839,0.7679033,-2.091487
RIPS,707.5512,-1.066983,0.7677295,-2.091694
RIPS,707.5593,-1.066934,0.7675017,-2.091789
RIPS,707.5675,-1.066849,0.7673941,-2.092124
RIPS,707.5764,-1.066808,0.7672278,-2.092348
RIPS,707.5845,-1.066702,0.7672117,-2.092401
RIPS,707.5939,-1.066497,0.7671647,-2.092687
RIPS,707.6021,-1.06641,0.7671192,-2.092962
RIPS,707.6094,-1.06635,0.7671139,-2.093123
RIPS,707.6178,-1.066213,0.7671285,-2.093164
RIPS,707.6261,-1.066165,0.7669635,-2.093528
RIPS,707.6348,-1.066192,0.7668706,-2.093761
RIPS,707.6447,-1.066159,0.7666665,-2.09416
RIPS,707.6509,-1.066037,0.7668337,-2.093823
RIPS,707.6603,-1.06597,0.7671381,-2.093446
RIPS,707.6675,-1.065863,0.7670134,-2.093709
RIPS,707.6767,-1.065761,0.7668178,-2.093877
RIPS,707.6843,-1.065591,0.7666381,-2.094048
RIPS,707.6925,-1.065504,0.7665175,-2.094197
RIPS,707.701,-1.065206,0.7661705,-2.094221
RIPS,707.7092,-1.065064,0.766003,-2.094325
RIPS,707.7193,-1.064906,0.765832,-2.09439
RIPS,707.7288,-1.064727,0.7657905,-2.094587
RIPS,707.7344,-1.064561,0.7657417,-2.094658
RIPS,707.7411,-1.064377,0.7657681,-2.094712
RIPS,707.7495,-1.06437,0.7658457,-2.094774
RIPS,707.7583,-1.06424,0.7657835,-2.094804
RIPS,707.7666,-1.064317,0.7658167,-2.095017
RIPS,707.7744,-1.06422,0.7655924,-2.095077
RIPS,707.783,-1.064111,0.7654241,-2.095105
RIPS,707.7911,-1.064003,0.7652624,-2.095301
RIPS,707.8008,-1.063935,0.7650239,-2.095242
RIPS,707.808,-1.063748,0.7648616,-2.095262
RIPS,707.8162,-1.063644,0.76482,-2.095302
RIPS,707.8245,-1.063856,0.7648996,-2.095727
RIPS,707.8331,-1.063785,0.764954,-2.095821
RIPS,707.8409,-1.063707,0.7650199,-2.095896
RIPS,707.8497,-1.063662,0.7650385,-2.095837
RIPS,707.8583,-1.063577,0.7651566,-2.095899
RIPS,707.8662,-1.063583,0.76529,-2.096013
RIPS,707.8765,-1.06362,0.7653393,-2.09608
RIPS,707.8862,-1.063651,0.765377,-2.09613
RIPS,707.8914,-1.063612,0.7653519,-2.09637
RIPS,707.8992,-1.063647,0.7650816,-2.096365
RIPS,707.9075,-1.063664,0.7649932,-2.09647
RIPS,707.9155,-1.063681,0.7647132,-2.096435
RIPS,707.9248,-1.063684,0.7645893,-2.096475
RIPS,707.9324,-1.063686,0.764522,-2.096485
RIPS,707.9405,-1.063729,0.7647212,-2.096549
RIPS,707.9491,-1.063708,0.764824,-2.09658
RIPS,707.9577,-1.063756,0.7650189,-2.096653
RIPS,707.9657,-1.063856,0.7651123,-2.096591
RIPS,707.9738,-1.063916,0.7651727,-2.096673
RIPS,707.9821,-1.063997,0.7651564,-2.09679
RIPS,707.9912,-1.064113,0.7650042,-2.096879
RIPS,707.9995,-1.064186,0.7647747,-2.096879
RIPS,708.0079,-1.064357,0.7647157,-2.097093
RIPS,708.0163,-1.064415,0.7646363,-2.097111
RIPS,708.0267,-1.064219,0.7645351,-2.096848
RIPS,708.0357,-1.064296,0.7645577,-2.09691
RIPS,708.041,-1.064361,0.7647998,-2.096957
RIPS,708.0486,-1.064237,0.7648863,-2.096795
RIPS,708.0577,-1.064301,0.7650531,-2.09685
RIPS,708.0656,-1.064231,0.7650324,-2.096689
RIPS,708.0745,-1.064303,0.7650324,-2.096695
RIPS,708.0825,-1.064335,0.7649567,-2.096723
RIPS,708.0906,-1.064394,0.7648278,-2.096603
RIPS,708.0989,-1.064418,0.7647017,-2.096591
RIPS,708.1073,-1.064472,0.7645881,-2.096613
RIPS,708.1155,-1.064504,0.7645831,-2.096594
RIPS,708.1245,-1.06454,0.764616,-2.096577
RIPS,708.1323,-1.064419,0.7647085,-2.096462
RIPS,708.1407,-1.06445,0.7648586,-2.0964
RIPS,708.1489,-1.064341,0.7649062,-2.096295
RIPS,708.1577,-1.064369,0.7649682,-2.096264
RIPS,708.1656,-1.064445,0.7650377,-2.096231
RIPS,708.174,-1.06449,0.7650394,-2.096185
RIPS,708.1821,-1.064533,0.7650382,-2.096201
RIPS,708.1905,-1.064437,0.7649472,-2.095971
RIPS,708.2002,-1.06447,0.7649674,-2.095989
RIPS,708.2074,-1.064409,0.7649151,-2.095821
RIPS,708.2155,-1.064414,0.764959,-2.095767
RIPS,708.2237,-1.064223,0.7650135,-2.095471
RIPS,708.2323,-1.064275,0.7650843,-2.095436
RIPS,708.2405,-1.06426,0.7652178,-2.095321
RIPS,708.2487,-1.063886,0.7651892,-2.094849
RIPS,708.2578,-1.06389,0.7652804,-2.094801
RIPS,708.2656,-1.063767,0.7653287,-2.094523
RIPS,708.2747,-1.063753,0.7654222,-2.094416
RIPS,708.2823,-1.063759,0.7655079,-2.094306
RIPS,708.2902,-1.063913,0.7655773,-2.094197
RIPS,708.2992,-1.063914,0.7656611,-2.094119
RIPS,708.3073,-1.064264,0.7659026,-2.094245
RIPS,708.316,-1.064271,0.7660385,-2.094141
RIPS,708.3246,-1.064258,0.7662071,-2.093981
RIPS,708.3326,-1.064286,0.766379,-2.093881
RIPS,708.3413,-1.06431,0.7665461,-2.093707
RIPS,708.3502,-1.06407,0.7665442,-2.093338
RIPS,708.3585,-1.064101,0.7666211,-2.093159
RIPS,708.3664,-1.064272,0.7668601,-2.093214
RIPS,708.3752,-1.064313,0.7670326,-2.093033
RIPS,708.384,-1.06427,0.7671497,-2.092694
RIPS,708.3927,-1.064326,0.7673809,-2.092461
RIPS,708.402,-1.064347,0.7677093,-2.092221
RIPS,708.4091,-1.064537,0.7680738,-2.092255
RIPS,708.4173,-1.064546,0.768331,-2.092005
RIPS,708.426,-1.06459,0.7685701,-2.091723
RIPS,708.4343,-1.064589,0.7686505,-2.091451
RIPS,708.4424,-1.064586,0.7688268,-2.091136
RIPS,708.4514,-1.064439,0.7690195,-2.090732
RIPS,708.4601,-1.0645,0.769383,-2.090431
RIPS,708.4673,-1.064605,0.7698079,-2.090062
RIPS,708.4769,-1.064713,0.7703122,-2.089702
RIPS,708.4844,-1.06482,0.7707493,-2.089351
RIPS,708.4924,-1.064947,0.7709824,-2.088808
RIPS,708.501,-1.065024,0.771187,-2.088282
RIPS,708.5091,-1.065051,0.7712671,-2.087743
RIPS,708.5182,-1.065134,0.7713386,-2.087146
RIPS,708.5263,-1.065209,0.7715902,-2.086563
RIPS,708.5342,-1.065236,0.7718787,-2.085972
RIPS,708.5425,-1.0653,0.7723515,-2.085385
RIPS,708.551,-1.065365,0.7727029,-2.084748
RIPS,708.5596,-1.065404,0.7735431,-2.084205
RIPS,708.5674,-1.065456,0.7743158,-2.083547
RIPS,708.576,-1.065476,0.774954,-2.082841
RIPS,708.5844,-1.065528,0.7753597,-2.082154
RIPS,708.5936,-1.065746,0.7758102,-2.081642
RIPS,708.6019,-1.065792,0.7759125,-2.081029
RIPS,708.6091,-1.065941,0.7759923,-2.08057
RIPS,708.6177,-1.066048,0.7760698,-2.080004
RIPS,708.6257,-1.066183,0.7762359,-2.079505
RIPS,708.6346,-1.066272,0.7764817,-2.07894
RIPS,708.6433,-1.066343,0.776832,-2.07838
RIPS,708.6512,-1.066231,0.7773674,-2.077565
RIPS,708.6606,-1.066195,0.7779492,-2.077079
RIPS,708.6676,-1.066035,0.7785429,-2.076512
RIPS,708.6767,-1.065994,0.7791895,-2.075937
RIPS,708.6844,-1.065982,0.7797126,-2.075224
RIPS,708.6926,-1.065957,0.7800429,-2.074596
RIPS,708.7011,-1.065946,0.7801317,-2.074069
RIPS,708.709,-1.065934,0.7802058,-2.073582
RIPS,708.7178,-1.065876,0.779985,-2.072994
RIPS,708.7266,-1.066034,0.7802178,-2.072599
RIPS,708.7344,-1.066006,0.7803334,-2.072053
RIPS,708.7424,-1.065698,0.7804745,-2.071143
RIPS,708.7507,-1.065645,0.7804103,-2.071667
RIPS,708.7593,-1.065673,0.7804047,-2.072529
RIPS,708.7677,-1.065268,0.7804457,-2.072173
RIPS,708.776,-1.065276,0.7809913,-2.07225
RIPS,708.7847,-1.064853,0.7810596,-2.071503
RIPS,708.7936,-1.064825,0.78118,-2.071159
RIPS,708.8019,-1.06484,0.7811999,-2.070527
RIPS,708.8091,-1.064815,0.7813119,-2.070118
RIPS,708.8176,-1.064568,0.7812166,-2.069339
RIPS,708.8258,-1.064488,0.7811899,-2.068908
RIPS,708.8342,-1.064352,0.7811822,-2.068362
RIPS,708.8427,-1.064309,0.7814963,-2.068204
RIPS,708.851,-1.064233,0.7817223,-2.067929
RIPS,708.8599,-1.064132,0.7820414,-2.067595
RIPS,708.8672,-1.063981,0.7822418,-2.067096
RIPS,708.8765,-1.063904,0.782619,-2.06691
RIPS,708.8843,-1.063859,0.7812115,-2.070305
RIPS,708.8927,-1.063852,0.7806149,-2.072194
RIPS,708.9008,-1.063839,0.7802479,-2.073257
RIPS,708.9093,-1.06402,0.7799032,-2.074169
RIPS,708.9174,-1.064096,0.779533,-2.074726
RIPS,708.9272,-1.064173,0.7792844,-2.075195
RIPS,708.9341,-1.06429,0.7789292,-2.075567
RIPS,708.9423,-1.064342,0.778517,-2.076191
RIPS,708.951,-1.064463,0.7782742,-2.076749
RIPS,708.9595,-1.064577,0.7780052,-2.077282
RIPS,708.9675,-1.064574,0.7778072,-2.077752
RIPS,708.976,-1.064605,0.7777982,-2.078095
RIPS,708.9851,-1.064385,0.7777494,-2.078251
RIPS,708.9933,-1.064301,0.7779537,-2.078451
RIPS,709.0022,-1.064225,0.7781951,-2.078334
RIPS,709.0093,-1.063984,0.7784764,-2.078099
RIPS,709.0178,-1.063739,0.7786838,-2.077871
RIPS,709.0257,-1.063197,0.7785985,-2.077471
RIPS,709.0342,-1.063038,0.7786727,-2.077392
RIPS,709.0423,-1.063184,0.7786846,-2.077563
RIPS,709.0513,-1.063108,0.7786641,-2.077425
RIPS,709.0598,-1.063085,0.7786171,-2.077368
RIPS,709.0672,-1.063327,0.7788488,-2.077351
RIPS,709.0768,-1.063403,0.7789878,-2.077041
RIPS,709.0839,-1.063406,0.7791251,-2.076399
RIPS,709.0928,-1.063413,0.7794972,-2.075907
RIPS,709.1008,-1.063125,0.7796766,-2.075222
RIPS,709.1091,-1.06308,0.7800037,-2.074827
RIPS,709.1175,-1.063032,0.7802032,-2.074606
RIPS,709.1268,-1.06314,0.7806516,-2.074537
RIPS,709.1344,-1.063101,0.7808536,-2.074302
RIPS,709.1425,-1.062919,0.7808087,-2.073951
RIPS,709.1508,-1.062901,0.7809454,-2.073673
RIPS,709.1592,-1.062666,0.7808539,-2.073205
RIPS,709.1677,-1.06267,0.7809125,-2.072916
RIPS,709.1757,-1.062663,0.7808911,-2.072627
RIPS,709.1843,-1.063614,0.7816751,-2.073195
RIPS,709.1931,-1.063039,0.781216,-2.072506
RIPS,709.2024,-1.062901,0.7811316,-2.072303
RIPS,709.2092,-1.062913,0.78119,-2.072126
RIPS,709.2178,-1.062897,0.7812816,-2.072095
RIPS,709.2258,-1.063144,0.7816109,-2.072147
RIPS,709.2342,-1.063119,0.7817209,-2.072042
RIPS,709.2424,-1.063195,0.7817096,-2.072
RIPS,709.2506,-1.063166,0.7818521,-2.072074
RIPS,709.2609,-1.063171,0.7819614,-2.072099
RIPS,709.2677,-1.06314,0.7820067,-2.072086
RIPS,709.2766,-1.063178,0.7820556,-2.072137
RIPS,709.2842,-1.062981,0.7821124,-2.072146
RIPS,709.2925,-1.063014,0.7821618,-2.072184
RIPS,709.3007,-1.063012,0.7822315,-2.072174
RIPS,709.3091,-1.062886,0.7822923,-2.072143
RIPS,709.3174,-1.062932,0.782301,-2.072246
RIPS,709.3262,-1.062957,0.7823233,-2.072286
RIPS,709.3339,-1.062946,0.7823363,-2.072342
RIPS,709.3425,-1.0629,0.7822812,-2.072457
RIPS,709.351,-1.062867,0.7822061,-2.072451
RIPS,709.3594,-1.062845,0.7821779,-2.072422
RIPS,709.3676,-1.062871,0.7820828,-2.072415
RIPS,709.3754,-1.062892,0.7820421,-2.072352
RIPS,709.3846,-1.062968,0.781931,-2.0723
RIPS,709.3936,-1.063016,0.7819447,-2.072235
RIPS,709.4019,-1.062999,0.7819001,-2.072246
RIPS,709.4091,-1.063037,0.7818245,-2.07223
RIPS,709.4172,-1.063057,0.7819105,-2.072279
RIPS,709.4257,-1.063011,0.7819875,-2.072327
RIPS,709.4344,-1.063079,0.7820174,-2.072397
RIPS,709.4421,-1.063133,0.7819992,-2.072365
RIPS,709.451,-1.063086,0.7820156,-2.072322
RIPS,709.4601,-1.063091,0.7820679,-2.072432
RIPS,709.4676,-1.063163,0.7819992,-2.072366
RIPS,709.4763,-1.063178,0.7819113,-2.072342
RIPS,709.4841,-1.063127,0.7819154,-2.072365
RIPS,709.4921,-1.06315,0.7818902,-2.072355
RIPS,709.5006,-1.063156,0.7818588,-2.072325
RIPS,709.5088,-1.063232,0.7818075,-2.072289
RIPS,709.5187,-1.063223,0.7818379,-2.072377
RIPS,709.5259,-1.063272,0.7818161,-2.072345
RIPS,709.5342,-1.063295,0.7818633,-2.07237
RIPS,709.5422,-1.063286,0.7819042,-2.072414
RIPS,709.5509,-1.063316,0.7818902,-2.072384
RIPS,709.5591,-1.063327,0.781804,-2.072368
RIPS,709.5673,-1.063342,0.7817365,-2.072359
RIPS,709.5759,-1.06337,0.7816839,-2.072388
RIPS,709.5842,-1.063432,0.7816721,-2.072405
RIPS,709.5932,-1.06347,0.78165,-2.072447
RIPS,709.6021,-1.063512,0.7816583,-2.072462
RIPS,709.6093,-1.063505,0.7816551,-2.072541
RIPS,709.6172,-1.06351,0.7816502,-2.072595
RIPS,709.6257,-1.063528,0.7815766,-2.072769
RIPS,709.6343,-1.063554,0.7815003,-2.072842
RIPS,709.6435,-1.063503,0.7814682,-2.072835
RIPS,709.6508,-1.063534,0.7814547,-2.07291
RIPS,709.6595,-1.06359,0.7813984,-2.072903
RIPS,709.6673,-1.06356,0.7813551,-2.07296
RIPS,709.6768,-1.063568,0.7813165,-2.072937
RIPS,709.684,-1.063578,0.7813175,-2.072984
RIPS,709.6922,-1.063618,0.7812856,-2.072997
RIPS,709.7006,-1.063681,0.7812091,-2.073053
RIPS,709.7092,-1.063714,0.7811677,-2.073103
RIPS,709.7176,-1.063745,0.7811406,-2.073227
RIPS,709.7266,-1.063906,0.7810587,-2.073242
RIPS,709.734,-1.063969,0.781104,-2.073266
RIPS,709.7424,-1.063988,0.7810785,-2.073194
RIPS,709.7504,-1.06403,0.7810372,-2.0732
RIPS,709.7593,-1.064056,0.7809522,-2.073285
RIPS,709.7672,-1.064082,0.7808749,-2.073325
RIPS,709.7758,-1.064082,0.7807863,-2.073421
RIPS,709.7841,-1.064138,0.780781,-2.073575
RIPS,709.7927,-1.06418,0.7807117,-2.073651
RIPS,709.8024,-1.064117,0.7805984,-2.07369
RIPS,709.8091,-1.064128,0.7804574,-2.073742
RIPS,709.8173,-1.064155,0.7803268,-2.073861
RIPS,709.8253,-1.06421,0.780225,-2.073984
RIPS,709.8342,-1.064221,0.7801218,-2.074031
RIPS,709.8423,-1.064239,0.7800929,-2.074167
RIPS,709.8512,-1.064262,0.780003,-2.074281
RIPS,709.8601,-1.06431,0.7799821,-2.074392
RIPS,709.8704,-1.06433,0.7799256,-2.074431
RIPS,709.8812,-1.064229,0.7797204,-2.074488
RIPS,709.8902,-1.064305,0.7794197,-2.074587
RIPS,709.8981,-1.06443,0.7791263,-2.074947
RIPS,709.9067,-1.064454,0.7789443,-2.075043
RIPS,709.9149,-1.064332,0.7786484,-2.075135
RIPS,709.9245,-1.064377,0.7784894,-2.075274
RIPS,709.9319,-1.064431,0.7783756,-2.075444
RIPS,709.9401,-1.064285,0.7782928,-2.075666
RIPS,709.9482,-1.064264,0.7781155,-2.075787
RIPS,709.9575,-1.064318,0.7780069,-2.075889
RIPS,709.9651,-1.064218,0.7778402,-2.076118
RIPS,709.9732,-1.064304,0.7776292,-2.076313
RIPS,709.9821,-1.064312,0.7773218,-2.076422
RIPS,709.9904,-1.064334,0.7770449,-2.076576
RIPS,709.9984,-1.064559,0.7767273,-2.076788
RIPS,710.0071,-1.064611,0.7764902,-2.076993
RIPS,710.0164,-1.064697,0.7762861,-2.077354
RIPS,710.0261,-1.064689,0.7760848,-2.077673
RIPS,710.0358,-1.064622,0.775977,-2.077911
RIPS,710.0416,-1.064559,0.7757801,-2.078258
RIPS,710.048,-1.064489,0.7755104,-2.078502
RIPS,710.0573,-1.064543,0.7752966,-2.078606
RIPS,710.0651,-1.064543,0.7750555,-2.078852
RIPS,710.074,-1.064558,0.7747288,-2.079177
RIPS,710.0818,-1.064555,0.7743768,-2.07949
RIPS,710.0898,-1.06458,0.7740629,-2.079777
RIPS,710.0982,-1.064553,0.7736366,-2.080166
RIPS,710.1066,-1.064566,0.7733184,-2.080522
RIPS,710.1147,-1.064547,0.7731476,-2.080916
RIPS,710.124,-1.064601,0.7728783,-2.081236
RIPS,710.1315,-1.064552,0.7727,-2.081562
RIPS,710.1405,-1.064539,0.7726233,-2.08194
RIPS,710.1484,-1.064469,0.7725022,-2.082354
RIPS,710.1571,-1.064439,0.7722651,-2.082794
RIPS,710.165,-1.064481,0.7720456,-2.083097
RIPS,710.1735,-1.064435,0.7717978,-2.08354
RIPS,710.1834,-1.064462,0.7715419,-2.083925
RIPS,710.1945,-1.06449,0.7712494,-2.084296
RIPS,710.2015,-1.064553,0.7708861,-2.084769
RIPS,710.2075,-1.064618,0.7705847,-2.08525
RIPS,710.2148,-1.0647,0.7703235,-2.085682
RIPS,710.2231,-1.064832,0.7700368,-2.085947
RIPS,710.2314,-1.064855,0.7697132,-2.086562
RIPS,710.2398,-1.064909,0.7694328,-2.087018
RIPS,710.2482,-1.064846,0.7691413,-2.087646
RIPS,710.2568,-1.064854,0.7687494,-2.088348
RIPS,710.2654,-1.064815,0.7682909,-2.089268
RIPS,710.2737,-1.064796,0.7678486,-2.090221
RIPS,710.2823,-1.064809,0.7673155,-2.091184
RIPS,710.2902,-1.064835,0.7668607,-2.092086
RIPS,710.2986,-1.064843,0.7663615,-2.093134
RIPS,710.3066,-1.064875,0.7658064,-2.094053
RIPS,710.3148,-1.06493,0.7653481,-2.094695
RIPS,710.3236,-1.065002,0.764971,-2.095035
RIPS,710.335,-1.065062,0.7646298,-2.095549
RIPS,710.3441,-1.065139,0.7644316,-2.096101
RIPS,710.3501,-1.065139,0.7642726,-2.096504
RIPS,710.357,-1.065099,0.7641787,-2.097025
RIPS,710.3651,-1.065089,0.7639382,-2.09759
RIPS,710.3732,-1.06511,0.763696,-2.098107
RIPS,710.3814,-1.065137,0.7633463,-2.098633
RIPS,710.39,-1.065165,0.7630687,-2.099004
RIPS,710.399,-1.065188,0.7628057,-2.099223
RIPS,710.4068,-1.065225,0.7626244,-2.09928
RIPS,710.4148,-1.065285,0.7624686,-2.099295
RIPS,710.4233,-1.065276,0.7623617,-2.099513
RIPS,710.4317,-1.065355,0.762237,-2.099676
RIPS,710.4401,-1.065385,0.7621039,-2.099768
RIPS,710.4479,-1.065479,0.7620568,-2.100014
RIPS,710.457,-1.065557,0.761831,-2.100443
RIPS,710.465,-1.065667,0.7618319,-2.100688
RIPS,710.4736,-1.065719,0.7618192,-2.100704
RIPS,710.4858,-1.065682,0.7617435,-2.100709
RIPS,710.4952,-1.065712,0.7617241,-2.100697
RIPS,710.5011,-1.065686,0.7617434,-2.100094
RIPS,710.507,-1.065641,0.7618093,-2.099989
RIPS,710.5147,-1.065652,0.7619455,-2.099646
RIPS,710.5231,-1.065449,0.7622196,-2.098937
RIPS,710.5318,-1.065401,0.7623633,-2.098656
RIPS,710.5394,-1.0653,0.7626123,-2.098473
RIPS,710.5484,-1.065269,0.7628317,-2.098324
RIPS,710.5571,-1.065225,0.7629269,-2.098413
RIPS,710.5646,-1.065152,0.7631721,-2.098053
RIPS,710.573,-1.065037,0.7633716,-2.097682
RIPS,710.5812,-1.065059,0.7633016,-2.097764
RIPS,710.5902,-1.065021,0.7634715,-2.09742
RIPS,710.598,-1.065044,0.7637949,-2.097018
RIPS,710.6068,-1.065008,0.7641357,-2.096532
RIPS,710.6146,-1.064976,0.7642554,-2.096455
RIPS,710.623,-1.064972,0.7643254,-2.096704
RIPS,710.6322,-1.064902,0.7643576,-2.096779
RIPS,710.6402,-1.064727,0.7653148,-2.095092
RIPS,710.6478,-1.064589,0.7654061,-2.094737
RIPS,710.6567,-1.064489,0.765318,-2.094636
RIPS,710.6649,-1.064384,0.7651014,-2.09422
RIPS,710.6732,-1.064265,0.7649662,-2.093903
RIPS,710.6821,-1.064086,0.7649292,-2.093793
RIPS,710.6893,-1.064001,0.7648822,-2.093704
RIPS,710.6978,-1.063925,0.7649871,-2.093459
RIPS,710.7065,-1.06389,0.7650732,-2.093779
RIPS,710.715,-1.063889,0.7651978,-2.093879
RIPS,710.723,-1.063757,0.7653603,-2.094057
RIPS,710.7319,-1.063747,0.7654603,-2.094112
RIPS,710.7396,-1.063797,0.7654895,-2.094017
RIPS,710.7478,-1.063821,0.7654309,-2.093868
RIPS,710.757,-1.063804,0.7654098,-2.093728
RIPS,710.7649,-1.063743,0.7653136,-2.093029
RIPS,710.7729,-1.063689,0.765448,-2.092389
RIPS,710.7811,-1.063541,0.765626,-2.092085
RIPS,710.7899,-1.063488,0.7658066,-2.091686
RIPS,710.7982,-1.063451,0.765903,-2.091514
RIPS,710.8063,-1.063261,0.765398,-2.092812
RIPS,710.8154,-1.063297,0.7654163,-2.092982
RIPS,710.8228,-1.063504,0.7654855,-2.093445
RIPS,710.8317,-1.063589,0.7655399,-2.093651
RIPS,710.8403,-1.063727,0.7655585,-2.093578
RIPS,710.8485,-1.063793,0.7655472,-2.093391
RIPS,710.8577,-1.064119,0.76547,-2.093281
RIPS,710.8658,-1.06415,0.7654522,-2.093106
RIPS,710.8753,-1.064133,0.7655038,-2.092652
RIPS,710.8826,-1.064298,0.7654566,-2.093323
RIPS,710.8915,-1.064284,0.7654313,-2.09356
RIPS,710.8998,-1.064403,0.7654825,-2.094342
RIPS,710.9083,-1.064466,0.7655221,-2.094527
RIPS,710.9169,-1.064634,0.7656721,-2.095002
RIPS,710.9254,-1.064752,0.7657382,-2.095085
RIPS,710.9334,-1.064844,0.7657984,-2.095099
RIPS,710.942,-1.064916,0.765695,-2.095
RIPS,710.9503,-1.064945,0.7656496,-2.094709
RIPS,710.9589,-1.064965,0.7656794,-2.09407
RIPS,710.9673,-1.064983,0.7658563,-2.09338
RIPS,710.9752,-1.065028,0.765949,-2.093185
RIPS,710.9837,-1.065097,0.7657449,-2.093631
RIPS,710.9926,-1.065146,0.7656769,-2.093859
RIPS,711.0015,-1.065163,0.7656907,-2.094819
RIPS,711.0085,-1.065237,0.7657411,-2.095158
RIPS,711.017,-1.065116,0.7657555,-2.094917
RIPS,711.0251,-1.065185,0.7657738,-2.094934
RIPS,711.0341,-1.065464,0.7656906,-2.095059
RIPS,711.0419,-1.065485,0.765626,-2.09479
RIPS,711.0513,-1.06548,0.7656208,-2.094369
RIPS,711.0591,-1.06552,0.7657108,-2.094278
RIPS,711.0671,-1.065533,0.7657474,-2.094152
RIPS,711.0763,-1.065539,0.7658809,-2.094034
RIPS,711.0835,-1.06552,0.7658123,-2.09432
RIPS,711.092,-1.065549,0.7657567,-2.094677
RIPS,711.1006,-1.065585,0.765749,-2.094955
RIPS,711.1084,-1.065583,0.7657311,-2.095064
RIPS,711.1176,-1.065686,0.7657,-2.095377
RIPS,711.1255,-1.065639,0.7656277,-2.095189
RIPS,711.1336,-1.065679,0.7655756,-2.095162
RIPS,711.1417,-1.065556,0.7655389,-2.094778
RIPS,711.1504,-1.065596,0.7655513,-2.094694
RIPS,711.1586,-1.065862,0.7655901,-2.095017
RIPS,711.1667,-1.065846,0.7656001,-2.095064
RIPS,711.1749,-1.065831,0.7657542,-2.094881
RIPS,711.1839,-1.065809,0.7657073,-2.094925
RIPS,711.1925,-1.065886,0.7657068,-2.095051
RIPS,711.2012,-1.065829,0.7656769,-2.094991
RIPS,711.2084,-1.065844,0.7656657,-2.09502
RIPS,711.2169,-1.065811,0.7655852,-2.095133
RIPS,711.2252,-1.065847,0.7655852,-2.095129
RIPS,711.2336,-1.065586,0.7655215,-2.095102
RIPS,711.2416,-1.06562,0.7655439,-2.09509
RIPS,711.2501,-1.06563,0.7655494,-2.095145
RIPS,711.2623,-1.065688,0.7656115,-2.095242
RIPS,711.2703,-1.065663,0.7656255,-2.095249
RIPS,711.2762,-1.065639,0.7657385,-2.095112
RIPS,711.2816,-1.065435,0.7656877,-2.094764
RIPS,711.2903,-1.065413,0.7656668,-2.094769
RIPS,711.2983,-1.065582,0.7656624,-2.095061
RIPS,711.3073,-1.065581,0.7656535,-2.09513
RIPS,711.3152,-1.065602,0.7655239,-2.095373
RIPS,711.3237,-1.065616,0.7655406,-2.095547
RIPS,711.3318,-1.065645,0.7655185,-2.095685
RIPS,711.3404,-1.065582,0.7654367,-2.09565
RIPS,711.3485,-1.065561,0.7654204,-2.095702
RIPS,711.3585,-1.065459,0.7654706,-2.095419
RIPS,711.366,-1.065437,0.7654672,-2.095387
RIPS,711.3736,-1.065394,0.7655203,-2.095219
RIPS,711.3817,-1.065515,0.7655034,-2.095406
RIPS,711.3909,-1.065516,0.765477,-2.095398
RIPS,711.3994,-1.06545,0.7654712,-2.095268
RIPS,711.4067,-1.065512,0.7654514,-2.095494
RIPS,711.4163,-1.065545,0.7654206,-2.095629
RIPS,711.4255,-1.06544,0.7653748,-2.09536
RIPS,711.4319,-1.065429,0.7653814,-2.095414
RIPS,711.4402,-1.06534,0.7653521,-2.095247
RIPS,711.4483,-1.065322,0.7653306,-2.09518
RIPS,711.4569,-1.065152,0.7653839,-2.09488
RIPS,711.465,-1.065171,0.7653524,-2.094864
RIPS,711.4742,-1.064966,0.7653823,-2.094449
RIPS,711.4819,-1.064964,0.7654454,-2.094406
RIPS,711.4899,-1.064968,0.7654408,-2.09445
RIPS,711.4981,-1.064886,0.765432,-2.094393
RIPS,711.5065,-1.064882,0.7653878,-2.094627
RIPS,711.5154,-1.064791,0.7653738,-2.094433
RIPS,711.5239,-1.06479,0.7653741,-2.094399
RIPS,711.5315,-1.064704,0.7653401,-2.094289
RIPS,711.5402,-1.064564,0.7653573,-2.094061
RIPS,711.5488,-1.064502,0.7654138,-2.09388
RIPS,711.5576,-1.064346,0.7654915,-2.093688
RIPS,711.5657,-1.064297,0.7655601,-2.093524
RIPS,711.5742,-1.064341,0.7654639,-2.093969
RIPS,711.5829,-1.064352,0.7654694,-2.094168
RIPS,711.5918,-1.064391,0.7655383,-2.094198
RIPS,711.5997,-1.064346,0.7656712,-2.094015
RIPS,711.6083,-1.06414,0.7662463,-2.092856
RIPS,711.6163,-1.063931,0.7660235,-2.092584
RIPS,711.6244,-1.063852,0.7659576,-2.092368
RIPS,711.6335,-1.063741,0.7660105,-2.092218
RIPS,711.6419,-1.063665,0.766138,-2.09207
RIPS,711.6501,-1.06353,0.7663016,-2.091951
RIPS,711.6581,-1.063447,0.766342,-2.091821
RIPS,711.6665,-1.063374,0.7663784,-2.091713
RIPS,711.6752,-1.063169,0.7662575,-2.091342
RIPS,711.6829,-1.063149,0.7663088,-2.091269
RIPS,711.6915,-1.06339,0.7664675,-2.091491
RIPS,711.7001,-1.063337,0.7664657,-2.091475
RIPS,711.7084,-1.063305,0.7663513,-2.09151
RIPS,711.7191,-1.063224,0.7662188,-2.091455
RIPS,711.7294,-1.063215,0.7661391,-2.09142
RIPS,711.7354,-1.063242,0.7661219,-2.091365
RIPS,711.7409,-1.063306,0.7661068,-2.091355
RIPS,711.7477,-1.063366,0.766147,-2.091357
RIPS,711.7569,-1.063514,0.7656877,-2.092347
RIPS,711.7646,-1.063549,0.7656223,-2.092524
RIPS,711.773,-1.063743,0.7653739,-2.093171
RIPS,711.7811,-1.063784,0.7653766,-2.093201
RIPS,711.7899,-1.063863,0.7653868,-2.093247
RIPS,711.7978,-1.063826,0.7655352,-2.092707
RIPS,711.8065,-1.0639,0.7657496,-2.092306
RIPS,711.8146,-1.064003,0.7661639,-2.091534
RIPS,711.8228,-1.064128,0.7661571,-2.091511
RIPS,711.8312,-1.064221,0.7661517,-2.091439
RIPS,711.8398,-1.06432,0.7662215,-2.091362
RIPS,711.8476,-1.064393,0.7663636,-2.091323
RIPS,711.8566,-1.064326,0.7664028,-2.091161
RIPS,711.8649,-1.06437,0.7664759,-2.09115
RIPS,711.8732,-1.064456,0.7665729,-2.091262
RIPS,711.8817,-1.06448,0.7665817,-2.091287
RIPS,711.8901,-1.064549,0.7665898,-2.091267
RIPS,711.8979,-1.06453,0.7665967,-2.091452
RIPS,711.9063,-1.064599,0.7665859,-2.09144
RIPS,711.9147,-1.064606,0.7666296,-2.091333
RIPS,711.924,-1.064616,0.7667131,-2.091288
RIPS,711.9316,-1.064893,0.7669439,-2.091404
RIPS,711.9395,-1.064898,0.7670091,-2.091331
RIPS,711.9478,-1.064927,0.7670718,-2.09126
RIPS,711.9569,-1.065085,0.7672877,-2.091283
RIPS,711.9644,-1.065133,0.7674276,-2.091179
RIPS,711.973,-1.065467,0.7676739,-2.091247
RIPS,711.9814,-1.065545,0.7677604,-2.091185
RIPS,711.9904,-1.065575,0.7678444,-2.091111
RIPS,711.9977,-1.065703,0.7672936,-2.091989
RIPS,712.0066,-1.065691,0.7668309,-2.092638
RIPS,712.015,-1.065573,0.7666087,-2.092735
RIPS,712.0228,-1.065542,0.7664326,-2.093095
RIPS,712.0319,-1.065464,0.7663809,-2.093219
RIPS,712.0411,-1.065453,0.7664615,-2.093143
RIPS,712.0493,-1.065473,0.7665602,-2.093071
RIPS,712.0571,-1.065574,0.7667307,-2.093078
RIPS,712.0656,-1.065713,0.7668731,-2.092947
RIPS,712.0745,-1.065883,0.7669756,-2.09298
RIPS,712.0824,-1.06603,0.7671551,-2.092819
RIPS,712.0911,-1.066122,0.7673127,-2.092673
RIPS,712.0993,-1.066408,0.7675674,-2.092841
RIPS,712.1082,-1.066415,0.7678363,-2.092609
RIPS,712.1165,-1.066566,0.768266,-2.092513
RIPS,712.1256,-1.066558,0.7686461,-2.092088
RIPS,712.1333,-1.066693,0.7691032,-2.091764
RIPS,712.1429,-1.066744,0.7695429,-2.091074
RIPS,712.15,-1.066823,0.770017,-2.090245
RIPS,712.1588,-1.06672,0.7705601,-2.088921
RIPS,712.1669,-1.066739,0.7716894,-2.086914
RIPS,712.1751,-1.066689,0.7722622,-2.085704
RIPS,712.1836,-1.066756,0.7725453,-2.085136
RIPS,712.1927,-1.066837,0.7728437,-2.084576
RIPS,712.2013,-1.066765,0.7730324,-2.083825
RIPS,712.2083,-1.066801,0.7733873,-2.083219
RIPS,712.2167,-1.067067,0.7738724,-2.082599
RIPS,712.2253,-1.06718,0.7742941,-2.082107
RIPS,712.2335,-1.067255,0.7747111,-2.08157
RIPS,712.2417,-1.067328,0.7751846,-2.081147
RIPS,712.2499,-1.067435,0.7755588,-2.080757
RIPS,712.2585,-1.067518,0.7758775,-2.080348
RIPS,712.2677,-1.067543,0.7760999,-2.079932
RIPS,712.2766,-1.067287,0.7759791,-2.079296
RIPS,712.2836,-1.067282,0.7760013,-2.078977
RIPS,712.2917,-1.067358,0.7762046,-2.078604
RIPS,712.3,-1.067394,0.7763837,-2.07823
RIPS,712.3084,-1.067449,0.7768596,-2.07774
RIPS,712.3174,-1.06759,0.7773745,-2.077154
RIPS,712.3255,-1.067687,0.7778731,-2.076616
RIPS,712.3333,-1.067604,0.7782805,-2.076178
RIPS,712.3419,-1.067653,0.7786016,-2.075627
RIPS,712.3502,-1.067353,0.7785099,-2.074821
RIPS,712.3588,-1.067344,0.7786918,-2.074316
RIPS,712.367,-1.067272,0.7786615,-2.073782
RIPS,712.3754,-1.067323,0.7779307,-2.075241
RIPS,712.3836,-1.067247,0.7776983,-2.075651
RIPS,712.3925,-1.06714,0.777613,-2.076063
RIPS,712.4014,-1.067109,0.7775428,-2.076381
RIPS,712.4086,-1.067048,0.7777995,-2.076561
RIPS,712.4169,-1.067082,0.7780079,-2.076411
RIPS,712.425,-1.06705,0.7782849,-2.076213
RIPS,712.4336,-1.066843,0.778287,-2.075784
RIPS,712.4421,-1.066727,0.7772399,-2.077405
RIPS,712.4503,-1.06657,0.7762389,-2.078659
RIPS,712.4592,-1.066272,0.7753935,-2.079238
RIPS,712.4669,-1.066044,0.7745062,-2.079698
RIPS,712.4766,-1.065861,0.7737733,-2.080529
RIPS,712.4837,-1.065665,0.7732136,-2.081406
RIPS,712.4916,-1.065607,0.773117,-2.082624
RIPS,712.5003,-1.065416,0.7730629,-2.083079
RIPS,712.5085,-1.065156,0.77345,-2.083797
RIPS,712.5168,-1.064997,0.7739301,-2.084298
RIPS,712.5264,-1.064775,0.7741821,-2.084574
RIPS,712.5336,-1.064635,0.7742039,-2.084512
RIPS,712.5418,-1.064637,0.7741655,-2.084638
RIPS,712.5499,-1.064427,0.7741244,-2.084644
RIPS,712.5587,-1.064519,0.7737934,-2.084755
RIPS,712.5672,-1.064382,0.7736164,-2.084706
RIPS,712.5753,-1.064476,0.773647,-2.084741
RIPS,712.5834,-1.064581,0.7737583,-2.084802
RIPS,712.5921,-1.064623,0.7739097,-2.08481
RIPS,712.6016,-1.065006,0.7745711,-2.085145
RIPS,712.6082,-1.065015,0.7750021,-2.084982
RIPS,712.6171,-1.064999,0.7753572,-2.084875
RIPS,712.6251,-1.065005,0.7756056,-2.084694
RIPS,712.6335,-1.065213,0.775959,-2.084843
RIPS,712.6426,-1.065275,0.7760152,-2.084785
RIPS,712.6508,-1.065364,0.7760559,-2.084557
RIPS,712.6589,-1.06553,0.7758807,-2.084319
RIPS,712.6666,-1.065574,0.7759612,-2.083943
RIPS,712.6764,-1.065921,0.7763098,-2.083816
RIPS,712.684,-1.065925,0.7764553,-2.083457
RIPS,712.6917,-1.065841,0.7764183,-2.082758
RIPS,712.7,-1.065836,0.7766148,-2.082495
RIPS,712.7084,-1.065815,0.7768112,-2.082226
RIPS,712.7174,-1.065797,0.7769901,-2.082047
RIPS,712.7253,-1.065733,0.7771713,-2.081878
RIPS,712.7339,-1.065788,0.7773923,-2.081892
RIPS,712.7418,-1.065797,0.7775548,-2.081834
RIPS,712.7499,-1.065721,0.7776408,-2.081613
RIPS,712.7589,-1.065738,0.7778325,-2.081496
RIPS,712.7672,-1.065832,0.7781067,-2.08135
RIPS,712.7751,-1.065804,0.7782429,-2.081108
RIPS,712.7832,-1.064842,0.7776582,-2.080142
RIPS,712.7923,-1.064846,0.7777997,-2.080085
RIPS,712.8014,-1.064769,0.7778832,-2.080034
RIPS,712.8085,-1.064677,0.777945,-2.079982
RIPS,712.817,-1.064613,0.7779933,-2.079886
RIPS,712.8248,-1.064465,0.7779743,-2.07966
RIPS,712.8334,-1.064392,0.7780673,-2.07954
RIPS,712.8416,-1.064379,0.7780994,-2.079337
RIPS,712.8501,-1.064373,0.7781584,-2.0792
RIPS,712.8594,-1.064398,0.7782712,-2.079153
RIPS,712.8669,-1.064391,0.7781891,-2.079122
RIPS,712.8763,-1.064535,0.7781996,-2.079183
RIPS,712.8834,-1.064521,0.7781554,-2.079174
RIPS,712.8919,-1.064493,0.7781897,-2.079109
RIPS,712.9003,-1.064442,0.7782691,-2.079001
RIPS,712.9082,-1.064465,0.7784594,-2.078944
RIPS,712.9169,-1.064494,0.7784681,-2.078708
RIPS,712.9255,-1.064452,0.7786866,-2.078589
RIPS,712.9332,-1.064477,0.7786496,-2.078551
RIPS,712.9423,-1.064473,0.7787305,-2.078517
RIPS,712.9498,-1.064477,0.7788034,-2.078533
RIPS,712.959,-1.064684,0.7793602,-2.078928
RIPS,712.9667,-1.064624,0.7795184,-2.078921
RIPS,712.9751,-1.064438,0.7797505,-2.078961
RIPS,712.9833,-1.064248,0.7798346,-2.078889
RIPS,712.9923,-1.064123,0.7798687,-2.078975
RIPS,713.0006,-1.063972,0.7797153,-2.078893
RIPS,713.0085,-1.063958,0.7796088,-2.078876
RIPS,713.0169,-1.063838,0.7793615,-2.078724
RIPS,713.025,-1.063872,0.7792356,-2.078691
RIPS,713.0335,-1.063893,0.7791462,-2.078686
RIPS,713.0415,-1.063763,0.7789471,-2.078466
RIPS,713.0502,-1.063773,0.7790049,-2.078454
RIPS,713.059,-1.063715,0.7790262,-2.07827
RIPS,713.0685,-1.063665,0.779124,-2.078239
RIPS,713.0756,-1.063532,0.7792204,-2.078148
RIPS,713.0836,-1.063457,0.7792404,-2.078064
RIPS,713.0917,-1.063474,0.7793158,-2.077913
RIPS,713.1005,-1.063426,0.7792701,-2.07782
RIPS,713.1083,-1.063466,0.7791932,-2.077699
RIPS,713.1169,-1.063772,0.7793694,-2.077853
RIPS,713.1259,-1.063802,0.7794496,-2.077805
RIPS,713.1333,-1.063837,0.7796112,-2.077713
RIPS,713.1418,-1.063888,0.7797725,-2.077664
RIPS,713.1501,-1.06395,0.7798369,-2.077646
RIPS,713.1586,-1.063917,0.7798975,-2.077518
RIPS,713.1673,-1.06392,0.7798836,-2.077461
RIPS,713.1751,-1.063909,0.7799376,-2.077472
RIPS,713.1833,-1.064,0.779911,-2.077479
RIPS,713.1923,-1.063957,0.7799247,-2.077469
RIPS,713.2014,-1.063955,0.7799295,-2.077422
RIPS,713.2081,-1.063934,0.7799459,-2.077413
RIPS,713.2167,-1.06393,0.779943,-2.077447
RIPS,713.2253,-1.063917,0.779973,-2.077427
RIPS,713.2333,-1.063733,0.7798905,-2.077317
RIPS,713.2418,-1.063653,0.7799644,-2.077275
RIPS,713.2501,-1.063635,0.7800218,-2.077216
RIPS,713.2589,-1.063585,0.7800462,-2.077226
RIPS,713.2674,-1.063572,0.7800519,-2.077256
RIPS,713.2764,-1.063516,0.7799303,-2.077326
RIPS,713.2835,-1.06349,0.779866,-2.077367
RIPS,713.2916,-1.063462,0.7797612,-2.07745
RIPS,713.3002,-1.063485,0.7797328,-2.077476
RIPS,713.3084,-1.063622,0.7796438,-2.077436
RIPS,713.3167,-1.063639,0.77964,-2.077432
RIPS,713.3258,-1.063644,0.7796605,-2.077434
RIPS,713.3336,-1.063635,0.7796832,-2.077439
RIPS,713.3416,-1.063624,0.7797621,-2.077434
RIPS,713.35,-1.063613,0.779855,-2.077461
RIPS,713.3588,-1.063625,0.7799639,-2.077447
RIPS,713.3665,-1.063644,0.7799687,-2.077463
RIPS,713.3748,-1.063611,0.779912,-2.077494
RIPS,713.3833,-1.063613,0.7798074,-2.077536
RIPS,713.3923,-1.063566,0.7796981,-2.07757
RIPS,713.4014,-1.063581,0.7795692,-2.077601
RIPS,713.4085,-1.063589,0.7794865,-2.077607
RIPS,713.4168,-1.063568,0.7794862,-2.077561
RIPS,713.4252,-1.063713,0.7795353,-2.077521
RIPS,713.4333,-1.063686,0.7796234,-2.077452
RIPS,713.4417,-1.0637,0.7797143,-2.077405
RIPS,713.45,-1.063775,0.7797911,-2.077333
RIPS,713.4595,-1.06379,0.7797224,-2.077308
RIPS,713.4667,-1.063793,0.7796706,-2.077342
RIPS,713.4761,-1.06381,0.7795754,-2.077355
RIPS,713.4839,-1.063818,0.7795146,-2.07738
RIPS,713.4916,-1.063753,0.779395,-2.07744
RIPS,713.4999,-1.063725,0.7793979,-2.077413
RIPS,713.5082,-1.063555,0.7793895,-2.077415
RIPS,713.5174,-1.063536,0.7794255,-2.077455
RIPS,713.525,-1.063393,0.7794865,-2.077457
RIPS,713.5334,-1.063374,0.779544,-2.077482
RIPS,713.5414,-1.06338,0.7796147,-2.077516
RIPS,713.5499,-1.063425,0.7797411,-2.077527
RIPS,713.5587,-1.063402,0.7797213,-2.077516
RIPS,713.5673,-1.063435,0.7795079,-2.077486
RIPS,713.5771,-1.063411,0.7793972,-2.077518
RIPS,713.5875,-1.063385,0.7792798,-2.07757
RIPS,713.5948,-1.06334,0.7791701,-2.077717
RIPS,713.6023,-1.063432,0.7792245,-2.077803
RIPS,713.6086,-1.063439,0.7791926,-2.07786
RIPS,713.6163,-1.063501,0.7792088,-2.077918
RIPS,713.6229,-1.063571,0.7793508,-2.077958
RIPS,713.6338,-1.063751,0.7794207,-2.078
RIPS,713.6409,-1.063807,0.7794455,-2.078028
RIPS,713.6477,-1.063902,0.7794164,-2.078018
RIPS,713.6563,-1.063903,0.7793705,-2.07805
RIPS,713.6644,-1.06379,0.7792649,-2.078055
RIPS,713.6728,-1.063788,0.7791402,-2.078088
RIPS,713.6811,-1.063747,0.7789133,-2.078108
RIPS,713.6893,-1.063754,0.7788274,-2.078204
RIPS,713.6979,-1.063787,0.7787443,-2.07826
RIPS,713.7061,-1.063835,0.7787138,-2.078272
RIPS,713.7142,-1.064029,0.7787596,-2.078357
RIPS,713.7249,-1.064082,0.7787142,-2.078371
RIPS,713.7375,-1.064179,0.7787586,-2.078483
RIPS,713.7468,-1.064281,0.7786214,-2.078513
RIPS,713.7567,-1.064323,0.7784897,-2.078579
RIPS,713.7647,-1.064361,0.7781562,-2.078681
RIPS,713.7729,-1.064199,0.7778873,-2.078694
RIPS,713.7808,-1.06423,0.77749,-2.078749
RIPS,713.7896,-1.064151,0.7771645,-2.07879
RIPS,713.7977,-1.064152,0.7768651,-2.078926
RIPS,713.8062,-1.064124,0.7766865,-2.079012
RIPS,713.8143,-1.064115,0.7764934,-2.079138
RIPS,713.8226,-1.063997,0.776275,-2.079154
RIPS,713.8311,-1.063986,0.7761231,-2.079366
RIPS,713.8393,-1.063979,0.7759185,-2.079566
RIPS,713.8477,-1.063894,0.7757365,-2.079819
RIPS,713.857,-1.063871,0.7755147,-2.079968
RIPS,713.8644,-1.063902,0.7752252,-2.080177
RIPS,713.8727,-1.063924,0.77484,-2.080385
RIPS,713.8813,-1.06411,0.7746266,-2.080774
RIPS,713.8922,-1.064252,0.7743843,-2.081137
RIPS,713.9014,-1.064292,0.7740844,-2.081437
RIPS,713.9073,-1.064334,0.7737953,-2.081748
RIPS,713.9141,-1.06432,0.7735173,-2.082034
RIPS,713.9238,-1.064312,0.7732078,-2.082322
RIPS,713.9315,-1.064274,0.7728817,-2.082585
RIPS,713.9396,-1.064269,0.7726336,-2.08299
RIPS,713.9479,-1.064268,0.7723654,-2.08338
RIPS,713.9567,-1.064215,0.7720031,-2.083817
RIPS,713.9643,-1.064238,0.7716869,-2.084193
RIPS,713.9727,-1.064278,0.7712336,-2.084471
RIPS,713.9813,-1.064376,0.7709497,-2.084848
RIPS,713.9902,-1.064377,0.7707047,-2.085199
RIPS,713.9977,-1.064419,0.7704194,-2.085712
RIPS,714.006,-1.064436,0.7701828,-2.086023
RIPS,714.0143,-1.064505,0.7701378,-2.08648
RIPS,714.0225,-1.064516,0.7699854,-2.0868
RIPS,714.0309,-1.064533,0.7698592,-2.08713
RIPS,714.0399,-1.064547,0.7696981,-2.087528
RIPS,714.2407,-1.064566,0.7694656,-2.087932
RIPS,714.2587,-1.068055,0.7697462,-2.090276
RIPS,714.2664,-1.066881,0.7633551,-2.098758
RIPS,714.2729,-1.066939,0.763112,-2.099014
RIPS,714.2812,-1.067059,0.7629985,-2.098859
RIPS,714.2891,-1.067116,0.7629401,-2.098805
RIPS,714.2975,-1.067214,0.7629103,-2.098663
RIPS,714.3058,-1.067303,0.7629804,-2.098722
RIPS,714.3147,-1.067359,0.7630236,-2.098569
RIPS,714.3231,-1.067307,0.7630528,-2.098655
RIPS,714.3311,-1.067204,0.7630433,-2.09884
RIPS,714.3395,-1.067103,0.7630418,-2.099204
RIPS,714.3474,-1.067154,0.7630797,-2.099673
RIPS,714.3568,-1.067106,0.7629834,-2.100159
RIPS,714.3646,-1.067073,0.7630435,-2.100298
RIPS,714.3723,-1.067085,0.7629941,-2.100303
RIPS,714.3806,-1.067014,0.7630408,-2.099998
RIPS,714.3893,-1.066994,0.7631525,-2.099784
RIPS,714.3979,-1.066885,0.7633538,-2.099121
RIPS,714.4095,-1.066764,0.763676,-2.098417
RIPS,714.419,-1.066586,0.7641484,-2.097308
RIPS,714.4245,-1.066426,0.764538,-2.096582
RIPS,714.4305,-1.066217,0.7649596,-2.095779
RIPS,714.4391,-1.066093,0.7650949,-2.095718
RIPS,714.4475,-1.065948,0.7656679,-2.094794
RIPS,714.4562,-1.065852,0.7653025,-2.095529
RIPS,714.4642,-1.065673,0.7660649,-2.094439
RIPS,714.4724,-1.065418,0.7659804,-2.094451
RIPS,714.4807,-1.065349,0.765882,-2.094438
RIPS,714.4889,-1.064961,0.7657753,-2.094238
RIPS,714.4973,-1.064919,0.7656909,-2.094117
RIPS,714.5058,-1.064779,0.7656966,-2.093982
RIPS,714.514,-1.064708,0.7656425,-2.093881
RIPS,714.5235,-1.064693,0.7656703,-2.093831
RIPS,714.5309,-1.064691,0.7655789,-2.093978
RIPS,714.5387,-1.064717,0.7655764,-2.094179
RIPS,714.5474,-1.064744,0.7655697,-2.094412
RIPS,714.5565,-1.064728,0.7656232,-2.094548
RIPS,714.5638,-1.064679,0.7656557,-2.094461
RIPS,714.5727,-1.064605,0.7658187,-2.094278
RIPS,714.5807,-1.064426,0.7664966,-2.09302
RIPS,714.5892,-1.064184,0.7662128,-2.092997
RIPS,714.5975,-1.064069,0.7659156,-2.093053
RIPS,714.6059,-1.064038,0.7657894,-2.093073
RIPS,714.6137,-1.063973,0.7656687,-2.093136
RIPS,714.6224,-1.063902,0.7656996,-2.093181
RIPS,714.6309,-1.063866,0.7658281,-2.093334
RIPS,714.6393,-1.06385,0.7660287,-2.093361
RIPS,714.647,-1.063663,0.7661455,-2.093467
RIPS,714.656,-1.063663,0.766133,-2.093546
RIPS,714.6638,-1.063614,0.7661101,-2.093595
RIPS,714.6726,-1.063221,0.7657921,-2.093295
RIPS,714.6811,-1.06312,0.765442,-2.093305
RIPS,714.6888,-1.062938,0.7652246,-2.09324
RIPS,714.697,-1.062841,0.7648823,-2.093136
RIPS,714.706,-1.06296,0.7648475,-2.093354
RIPS,714.7142,-1.062909,0.7648018,-2.093386
RIPS,714.7278,-1.062859,0.7648811,-2.093373
RIPS,714.7375,-1.062718,0.7651005,-2.093088
RIPS,714.7429,-1.063077,0.7654505,-2.093367
RIPS,714.748,-1.063056,0.7654529,-2.093355
RIPS,714.7563,-1.06305,0.7655374,-2.093381
RIPS,714.7638,-1.063059,0.7655282,-2.093392
RIPS,714.7723,-1.062983,0.7654516,-2.093327
RIPS,714.7807,-1.062983,0.7652172,-2.093295
RIPS,714.7889,-1.062834,0.7649986,-2.093199
RIPS,714.7977,-1.062825,0.7648828,-2.093107
RIPS,714.8055,-1.062666,0.7648536,-2.092844
RIPS,714.814,-1.062684,0.764839,-2.092888
RIPS,714.8223,-1.062675,0.7651255,-2.09292
RIPS,714.8303,-1.062657,0.7651963,-2.09273
RIPS,714.8388,-1.062634,0.7653916,-2.092712
RIPS,714.847,-1.062781,0.7655454,-2.092924
RIPS,714.8557,-1.062767,0.7655053,-2.092878
RIPS,714.864,-1.06278,0.7655416,-2.092842
RIPS,714.8725,-1.062496,0.7653403,-2.092479
RIPS,714.8804,-1.062503,0.7651616,-2.092386
RIPS,714.8892,-1.06263,0.7651544,-2.092487
RIPS,714.8973,-1.062666,0.7650185,-2.092447
RIPS,714.9058,-1.062813,0.7651024,-2.092651
RIPS,714.9141,-1.062847,0.7651346,-2.092728
RIPS,714.9233,-1.062921,0.7652647,-2.092818
RIPS,714.9307,-1.062913,0.7653103,-2.092814
RIPS,714.9395,-1.062999,0.7655022,-2.092884
RIPS,714.9474,-1.063118,0.765645,-2.092973
RIPS,714.9568,-1.063202,0.7657356,-2.092982
RIPS,714.9641,-1.063323,0.7657085,-2.09309
RIPS,714.9725,-1.063362,0.7655413,-2.093101
RIPS,714.9804,-1.063558,0.7655264,-2.093179
RIPS,714.9897,-1.063614,0.7653966,-2.093195
RIPS,714.9976,-1.063676,0.7653477,-2.093241
RIPS,715.0057,-1.063987,0.7654804,-2.093493
RIPS,715.0137,-1.064056,0.765596,-2.093601
RIPS,715.0227,-1.06412,0.765738,-2.093723
RIPS,715.0328,-1.063849,0.7656115,-2.093298
RIPS,715.0414,-1.063913,0.7656965,-2.093331
RIPS,715.0475,-1.06405,0.765729,-2.093339
RIPS,715.0588,-1.064106,0.765685,-2.093315
RIPS,715.0649,-1.06391,0.7655634,-2.093042
RIPS,715.0722,-1.063956,0.7654821,-2.093024
RIPS,715.0806,-1.063991,0.7653913,-2.093004
RIPS,715.0891,-1.063807,0.7652918,-2.092915
RIPS,715.0971,-1.063847,0.7653174,-2.092876
RIPS,715.1057,-1.063854,0.7653459,-2.092858
RIPS,715.1146,-1.063799,0.7655565,-2.092882
RIPS,715.1234,-1.063821,0.7656512,-2.092848
RIPS,715.1312,-1.063869,0.7657559,-2.092746
RIPS,715.14,-1.063903,0.7658403,-2.092652
RIPS,715.1485,-1.064139,0.7659906,-2.092741
RIPS,715.1572,-1.06419,0.7660335,-2.092673
RIPS,715.1648,-1.064281,0.7661246,-2.092672
RIPS,715.1735,-1.064339,0.7661577,-2.092597
RIPS,715.1815,-1.064456,0.7661214,-2.092397
RIPS,715.1912,-1.064517,0.7661824,-2.092287
RIPS,715.1984,-1.064586,0.7662454,-2.092216
RIPS,715.207,-1.064766,0.7663959,-2.092252
RIPS,715.2152,-1.064827,0.7665697,-2.092203
RIPS,715.2234,-1.064859,0.7667822,-2.092258
RIPS,715.2318,-1.064888,0.7669207,-2.092128
RIPS,715.2401,-1.064933,0.7670626,-2.091994
RIPS,715.2483,-1.064821,0.7671514,-2.091823
RIPS,715.2571,-1.064846,0.7672872,-2.091612
RIPS,715.2649,-1.064932,0.7674611,-2.09152
RIPS,715.2744,-1.064969,0.7676025,-2.091386
RIPS,715.2819,-1.065107,0.7678398,-2.091282
RIPS,715.2898,-1.065158,0.7680773,-2.091144
RIPS,715.2982,-1.065191,0.7684203,-2.090963
RIPS,715.3068,-1.065247,0.7687854,-2.09082
RIPS,715.3151,-1.065243,0.7691115,-2.090579
RIPS,715.3243,-1.065369,0.7693489,-2.090386
RIPS,715.3323,-1.065339,0.7694561,-2.089984
RIPS,715.3403,-1.065384,0.769463,-2.089521
RIPS,715.3491,-1.065475,0.7695977,-2.089118
RIPS,715.358,-1.065482,0.7697579,-2.088627
RIPS,715.3658,-1.06539,0.7700701,-2.087815
RIPS,715.3741,-1.065402,0.7706711,-2.087256
RIPS,715.3828,-1.065567,0.7713801,-2.086833
RIPS,715.3913,-1.065563,0.7718926,-2.086222
RIPS,715.3999,-1.065597,0.772359,-2.085611
RIPS,715.4078,-1.065482,0.7725878,-2.084842
RIPS,715.4159,-1.065524,0.7728642,-2.084344
RIPS,715.4248,-1.065777,0.7732566,-2.084229
RIPS,715.4334,-1.065858,0.7734595,-2.083826
RIPS,715.4412,-1.065805,0.7735665,-2.083644
RIPS,715.4496,-1.06586,0.7735717,-2.083605
RIPS,715.4584,-1.065932,0.7735547,-2.083648
RIPS,715.4661,-1.065767,0.7734879,-2.083443
RIPS,715.4759,-1.065743,0.7735151,-2.083447
RIPS,715.4832,-1.065897,0.7737104,-2.083423
RIPS,715.4907,-1.065875,0.7738111,-2.083335
RIPS,715.4997,-1.065879,0.7739139,-2.083263
RIPS,715.5076,-1.065859,0.7740822,-2.083086
RIPS,715.5167,-1.065831,0.7743688,-2.082912
RIPS,715.525,-1.065678,0.7746255,-2.082442
RIPS,715.533,-1.065697,0.7749916,-2.08209
RIPS,715.541,-1.065897,0.7753948,-2.08169
RIPS,715.5497,-1.06601,0.7757532,-2.081362
RIPS,715.5583,-1.066145,0.7761595,-2.081051
RIPS,715.5663,-1.066537,0.7766916,-2.080996
RIPS,715.5743,-1.066671,0.7769378,-2.080727
RIPS,715.5828,-1.066919,0.7770878,-2.080487
RIPS,715.5915,-1.067004,0.7771288,-2.080048
RIPS,715.6001,-1.067107,0.7771998,-2.079645
RIPS,715.6082,-1.067465,0.7774247,-2.079398
RIPS,715.6163,-1.067542,0.7775622,-2.078904
RIPS,715.6248,-1.067772,0.7781454,-2.078736
RIPS,715.6334,-1.067798,0.7787138,-2.07812
RIPS,715.6417,-1.067559,0.779358,-2.077369
RIPS,715.6496,-1.067614,0.7801858,-2.076689
RIPS,715.6585,-1.067693,0.7808236,-2.076085
RIPS,715.6663,-1.067533,0.7810299,-2.075428
RIPS,715.6755,-1.067599,0.7810636,-2.075069
RIPS,715.6831,-1.067275,0.7806871,-2.074205
RIPS,715.6914,-1.067302,0.7806315,-2.073799
RIPS,715.6998,-1.067334,0.7805772,-2.073427
RIPS,715.7079,-1.067488,0.7807001,-2.073023
RIPS,715.7162,-1.067468,0.7807053,-2.072597
RIPS,715.7247,-1.067307,0.7808888,-2.072037
RIPS,715.7328,-1.067307,0.7814088,-2.071495
RIPS,715.7413,-1.067156,0.781352,-2.07193
RIPS,715.7498,-1.067183,0.7813144,-2.0729
RIPS,715.7581,-1.067199,0.7814897,-2.073289
RIPS,715.7665,-1.067212,0.7816235,-2.07346
RIPS,715.7744,-1.067267,0.7817788,-2.0735
RIPS,715.7826,-1.067124,0.7817428,-2.073093
RIPS,715.792,-1.067191,0.7816428,-2.072939
RIPS,715.801,-1.067206,0.7816897,-2.072733
RIPS,715.8079,-1.067051,0.7814783,-2.07221
RIPS,715.8161,-1.067069,0.781458,-2.071843
RIPS,715.8245,-1.067114,0.7816533,-2.071644
RIPS,715.8331,-1.067143,0.7818864,-2.07133
RIPS,715.841,-1.067301,0.7816193,-2.072595
RIPS,715.8492,-1.067328,0.7807073,-2.074605
RIPS,715.8585,-1.067333,0.7802361,-2.075645
RIPS,715.8665,-1.067225,0.7799484,-2.076057
RIPS,715.8757,-1.067217,0.7797284,-2.076741
RIPS,715.8832,-1.067208,0.7795876,-2.077355
RIPS,715.8909,-1.06715,0.7795198,-2.077928
RIPS,715.8998,-1.067102,0.7794763,-2.078249
RIPS,715.9078,-1.067116,0.7794282,-2.078526
RIPS,715.9159,-1.067145,0.7792249,-2.078867
RIPS,715.9254,-1.067132,0.7790118,-2.079148
RIPS,715.9326,-1.06715,0.7787406,-2.07945
RIPS,715.941,-1.066967,0.7783671,-2.079655
RIPS,715.9497,-1.066919,0.778152,-2.079941
RIPS,715.9581,-1.066928,0.778014,-2.080334
RIPS,715.9667,-1.066674,0.7778715,-2.080449
RIPS,715.9744,-1.066593,0.7781132,-2.080721
RIPS,715.9832,-1.066339,0.7785013,-2.08078
RIPS,715.9915,-1.066213,0.7788597,-2.080882
RIPS,716.0002,-1.066087,0.7791551,-2.080901
RIPS,716.0078,-1.065911,0.7792606,-2.080745
RIPS,716.0159,-1.065856,0.779253,-2.080658
RIPS,716.0247,-1.065749,0.7791274,-2.080464
RIPS,716.0329,-1.065777,0.7790222,-2.080425
RIPS,716.0411,-1.06425,0.7776548,-2.07905
RIPS,716.0493,-1.064118,0.7774057,-2.079021
RIPS,716.0579,-1.064104,0.7772775,-2.079084
RIPS,716.0661,-1.063974,0.7771761,-2.078976
RIPS,716.0767,-1.063851,0.7772831,-2.078955
RIPS,716.084,-1.063589,0.7773831,-2.078648
RIPS,716.091,-1.063385,0.7776694,-2.07835
RIPS,716.0993,-1.063198,0.7779376,-2.078012
RIPS,716.108,-1.062987,0.7783762,-2.077727
RIPS,716.1163,-1.062719,0.778667,-2.077506
RIPS,716.1246,-1.06242,0.7788454,-2.077346
RIPS,716.1326,-1.062155,0.7788737,-2.077201
RIPS,716.1413,-1.061956,0.7787399,-2.077112
RIPS,716.1493,-1.061798,0.7787073,-2.077003
RIPS,716.1581,-1.061701,0.7788218,-2.076854
RIPS,716.1662,-1.062214,0.7789409,-2.076829
RIPS,716.1744,-1.062246,0.7790584,-2.076618
RIPS,716.183,-1.062205,0.7791364,-2.076363
RIPS,716.192,-1.062335,0.7793394,-2.07629
RIPS,716.2,-1.062344,0.7794129,-2.076219
RIPS,716.2078,-1.062202,0.7795379,-2.076102
RIPS,716.216,-1.062172,0.7796417,-2.076038
RIPS,716.2248,-1.062106,0.7796364,-2.075971
RIPS,716.2334,-1.062038,0.7796605,-2.075947
RIPS,716.241,-1.062043,0.7797809,-2.075904
RIPS,716.2495,-1.061924,0.7798089,-2.075783
RIPS,716.2582,-1.06185,0.7799075,-2.075777
RIPS,716.2661,-1.061832,0.7800017,-2.075662
RIPS,716.2748,-1.061774,0.7801285,-2.075525
RIPS,716.2834,-1.06169,0.7801983,-2.07544
RIPS,716.2908,-1.061618,0.780277,-2.075326
RIPS,716.2993,-1.061576,0.7802746,-2.075202
RIPS,716.3076,-1.061527,0.7803548,-2.075133
RIPS,716.3162,-1.061469,0.7803856,-2.075092
RIPS,716.325,-1.06155,0.7803922,-2.074991
RIPS,716.3323,-1.061551,0.7805074,-2.074881
RIPS,716.3409,-1.061564,0.7806218,-2.074799
RIPS,716.3494,-1.061558,0.780789,-2.074746
RIPS,716.3579,-1.061499,0.7809276,-2.074656
RIPS,716.3662,-1.06144,0.7809404,-2.074503
RIPS,716.3742,-1.061371,0.7809542,-2.074477
RIPS,716.3826,-1.061395,0.7812043,-2.074573
RIPS,716.3912,-1.061414,0.7811974,-2.074549
RIPS,716.4005,-1.061436,0.7812643,-2.074534
RIPS,716.4081,-1.061437,0.7812164,-2.074531
RIPS,716.4164,-1.061402,0.7812352,-2.074465
RIPS,716.4242,-1.06129,0.7812002,-2.074234
RIPS,716.4327,-1.061239,0.7813231,-2.074152
RIPS,716.4409,-1.061138,0.7812614,-2.073913
RIPS,716.4491,-1.061102,0.7814063,-2.07383
RIPS,716.4584,-1.06105,0.7815111,-2.073731
RIPS,716.4661,-1.061053,0.7815217,-2.07362
RIPS,716.4752,-1.061114,0.7815599,-2.073547
RIPS,716.483,-1.061127,0.7816369,-2.0735
RIPS,716.491,-1.061131,0.7816271,-2.07342
RIPS,716.4994,-1.061018,0.7815576,-2.073391
RIPS,716.5077,-1.061005,0.7815396,-2.073318
RIPS,716.516,-1.060915,0.7815007,-2.073271
RIPS,716.5251,-1.060807,0.7815415,-2.07325
RIPS,716.5324,-1.060863,0.7816053,-2.073219
RIPS,716.5408,-1.06097,0.781683,-2.073123
RIPS,716.5491,-1.061003,0.7817786,-2.073114
RIPS,716.5579,-1.061125,0.7817571,-2.073053
RIPS,716.566,-1.061144,0.781781,-2.073045
RIPS,716.5748,-1.061157,0.7817605,-2.073012
RIPS,716.5826,-1.061114,0.7819186,-2.073131
RIPS,716.5916,-1.061123,0.7819088,-2.073137
RIPS,716.5997,-1.061126,0.7817958,-2.073144
RIPS,716.6078,-1.061148,0.781783,-2.073174
RIPS,716.616,-1.061231,0.781829,-2.073159
RIPS,716.6246,-1.06123,0.7818419,-2.073166
RIPS,716.633,-1.061256,0.7819307,-2.073181
RIPS,716.6419,-1.061283,0.782003,-2.073158
RIPS,716.6495,-1.061363,0.7820863,-2.073189
RIPS,716.6582,-1.061421,0.7821282,-2.073178
RIPS,716.6658,-1.06149,0.7821286,-2.073307
RIPS,716.6752,-1.061538,0.7820873,-2.07333
RIPS,716.683,-1.061612,0.7820412,-2.07337
RIPS,716.6908,-1.061636,0.781946,-2.073407
RIPS,716.6993,-1.061702,0.7818108,-2.073423
RIPS,716.7075,-1.061851,0.7816759,-2.073453
RIPS,716.7162,-1.061899,0.7816278,-2.073504
RIPS,716.7269,-1.06198,0.7816609,-2.073602
RIPS,716.7366,-1.06211,0.7815015,-2.073681
RIPS,716.7422,-1.062149,0.7816196,-2.073701
RIPS,716.7474,-1.062167,0.7815769,-2.073784
RIPS,716.7559,-1.062118,0.7816876,-2.073968
RIPS,716.7639,-1.062102,0.7817847,-2.074111
RIPS,716.772,-1.062033,0.7816418,-2.074256
RIPS,716.7805,-1.06204,0.7813174,-2.074401
RIPS,716.7889,-1.062056,0.7809618,-2.074506
RIPS,716.797,-1.062114,0.7807055,-2.074657
RIPS,716.8057,-1.062198,0.7801898,-2.074879
RIPS,716.8138,-1.062248,0.7798701,-2.075025
RIPS,716.8221,-1.062358,0.7797051,-2.075118
RIPS,716.8304,-1.062408,0.7795328,-2.075264
RIPS,716.8389,-1.062515,0.7795713,-2.075475
RIPS,716.8469,-1.062568,0.7797667,-2.075693
RIPS,716.8558,-1.062499,0.7796752,-2.075858
RIPS,716.864,-1.062582,0.7795795,-2.076066
RIPS,716.8721,-1.062441,0.7792715,-2.076308
RIPS,716.8831,-1.062495,0.7788907,-2.07657
RIPS,716.8925,-1.062564,0.7785279,-2.076878
RIPS,716.8981,-1.062752,0.7781501,-2.077202
RIPS,716.9056,-1.062789,0.7778068,-2.077501
RIPS,716.9135,-1.062869,0.777511,-2.07786
RIPS,716.9228,-1.062836,0.777204,-2.078244
RIPS,716.9301,-1.062965,0.7769898,-2.078565
RIPS,716.9387,-1.063,0.7768388,-2.078969
RIPS,716.9469,-1.063089,0.7765356,-2.079301
RIPS,716.9561,-1.063183,0.776234,-2.079604
RIPS,716.9637,-1.063191,0.7758501,-2.079885
RIPS,716.9722,-1.063254,0.7754716,-2.080109
RIPS,716.9804,-1.063277,0.7750645,-2.080434
RIPS,716.989,-1.063444,0.7746482,-2.080818
RIPS,716.9972,-1.063502,0.7742677,-2.081164
RIPS,717.0052,-1.063492,0.7738504,-2.081384
RIPS,717.0138,-1.063462,0.7734503,-2.081733
RIPS,717.0223,-1.063573,0.7730618,-2.081992
RIPS,717.0326,-1.063579,0.7727968,-2.082309
RIPS,717.043,-1.063644,0.772467,-2.082685
RIPS,717.0488,-1.063516,0.772276,-2.083094
RIPS,717.0555,-1.06354,0.7719095,-2.083493
RIPS,717.0641,-1.063509,0.771619,-2.08403
RIPS,717.0723,-1.063565,0.7712704,-2.084479
RIPS,717.0807,-1.063588,0.7709892,-2.084988
RIPS,717.0889,-1.063609,0.7706239,-2.085395
RIPS,717.0969,-1.063747,0.7702478,-2.085848
RIPS,717.1052,-1.063594,0.7698588,-2.08618
RIPS,717.1135,-1.063541,0.7694687,-2.086658
RIPS,717.1225,-1.063498,0.7691411,-2.087081
RIPS,717.1304,-1.063429,0.7687889,-2.087494
RIPS,717.1388,-1.063442,0.7685493,-2.088094
RIPS,717.1472,-1.063486,0.7682012,-2.088607
RIPS,717.1561,-1.063502,0.7679089,-2.089046
RIPS,717.1635,-1.063562,0.7676243,-2.089486
RIPS,717.1718,-1.06361,0.7673286,-2.089956
RIPS,717.1802,-1.063747,0.767024,-2.090262
RIPS,717.189,-1.063779,0.7668573,-2.090621
RIPS,717.1968,-1.063818,0.7666288,-2.091124
RIPS,717.2056,-1.063831,0.766504,-2.091423
RIPS,717.2139,-1.063825,0.7663801,-2.091739
RIPS,717.2218,-1.063807,0.7662975,-2.092016
RIPS,717.23,-1.063848,0.766047,-2.09221
RIPS,717.2386,-1.063925,0.7658606,-2.092451
RIPS,717.2468,-1.063991,0.7656801,-2.092704
RIPS,717.2554,-1.064043,0.7655662,-2.092838
RIPS,717.2635,-1.064088,0.7653347,-2.093158
RIPS,717.272,-1.064119,0.7650496,-2.093408
RIPS,717.2806,-1.064166,0.7647668,-2.093879
RIPS,717.2885,-1.064176,0.7645622,-2.094263
RIPS,717.2969,-1.064259,0.7643008,-2.094723
RIPS,717.3054,-1.064301,0.764162,-2.095203
RIPS,717.3159,-1.064369,0.7639595,-2.095772
RIPS,717.3235,-1.064435,0.7637057,-2.096311
RIPS,717.331,-1.064498,0.7633687,-2.096857
RIPS,717.3414,-1.064522,0.7628918,-2.097528
RIPS,717.3508,-1.064543,0.7625161,-2.098088
RIPS,717.3579,-1.064607,0.762171,-2.098775
RIPS,717.3634,-1.064665,0.7618842,-2.099263
RIPS,717.3721,-1.064767,0.7615135,-2.099935
RIPS,717.3799,-1.064826,0.7612397,-2.100497
RIPS,717.3889,-1.064939,0.7609699,-2.100987
RIPS,717.3971,-1.065087,0.760652,-2.101466
RIPS,717.4066,-1.065267,0.7605701,-2.101755
RIPS,717.4132,-1.065387,0.76053,-2.101947
RIPS,717.4219,-1.065594,0.7605065,-2.101921
RIPS,717.43,-1.065752,0.7606159,-2.101939
RIPS,717.4387,-1.0659,0.7606884,-2.101997
RIPS,717.4467,-1.066044,0.7607784,-2.102087
RIPS,717.4554,-1.066123,0.760963,-2.102132
RIPS,717.4633,-1.066215,0.7611619,-2.102064
RIPS,717.4719,-1.06631,0.7613446,-2.102019
RIPS,717.4805,-1.066328,0.7616442,-2.101522
RIPS,717.4888,-1.066203,0.7619184,-2.100854
RIPS,717.4968,-1.066066,0.7621633,-2.100251
RIPS,717.5054,-1.065937,0.7625557,-2.099472
RIPS,717.5136,-1.065826,0.7629759,-2.098746
RIPS,717.522,-1.065686,0.7632211,-2.098258
RIPS,717.5302,-1.065645,0.7633442,-2.098097
RIPS,717.5382,-1.065604,0.7629619,-2.098767
RIPS,717.5469,-1.065597,0.7628649,-2.098991
RIPS,717.5558,-1.065626,0.7626433,-2.099553
RIPS,717.5637,-1.06557,0.7627202,-2.099364
RIPS,717.5718,-1.065491,0.7629507,-2.098837
RIPS,717.5801,-1.065313,0.7644312,-2.096156
RIPS,717.5893,-1.065213,0.7641882,-2.096107
RIPS,717.5967,-1.065153,0.7639475,-2.096156
RIPS,717.6057,-1.065075,0.7637873,-2.096235
RIPS,717.6135,-1.064973,0.7637094,-2.096202
RIPS,717.6216,-1.064801,0.7637504,-2.096487
RIPS,717.6303,-1.064744,0.7638573,-2.096522
RIPS,717.6409,-1.06458,0.763924,-2.096474
RIPS,717.6513,-1.064482,0.7639997,-2.096456
RIPS,717.662,-1.0644,0.7639724,-2.096449
RIPS,717.6719,-1.064289,0.7639983,-2.096231
RIPS,717.6805,-1.06412,0.7640839,-2.095905
RIPS,717.6884,-1.063912,0.7643543,-2.095181
RIPS,717.6968,-1.06381,0.7647117,-2.094571
RIPS,717.7053,-1.063721,0.7645739,-2.094657
RIPS,717.7133,-1.063621,0.764553,-2.094682
RIPS,717.7228,-1.063442,0.7646994,-2.094767
RIPS,717.7303,-1.063337,0.7647148,-2.09476
RIPS,717.7384,-1.063188,0.7647257,-2.094802
RIPS,717.7465,-1.063111,0.7646891,-2.094828
RIPS,717.756,-1.063002,0.7646345,-2.09493
RIPS,717.764,-1.062917,0.7645105,-2.094965
RIPS,717.7719,-1.062845,0.764298,-2.095036
RIPS,717.78,-1.062724,0.7640743,-2.095052
RIPS,717.789,-1.062644,0.7639803,-2.095085
RIPS,717.7971,-1.062441,0.763871,-2.094865
RIPS,717.808,-1.062361,0.7638853,-2.094863
RIPS,717.8171,-1.062389,0.7639032,-2.094735
RIPS,717.8229,-1.062373,0.763925,-2.094725
RIPS,717.8298,-1.062399,0.7640632,-2.094698
RIPS,717.8385,-1.062247,0.7640252,-2.094474
RIPS,717.8464,-1.062262,0.7641234,-2.094443
RIPS,717.8554,-1.062159,0.7640307,-2.09431
RIPS,717.8635,-1.062145,0.7640039,-2.094283
RIPS,717.8719,-1.062112,0.7638896,-2.094261
RIPS,717.8804,-1.06202,0.7637839,-2.094225
RIPS,717.8882,-1.061864,0.7636726,-2.09417
RIPS,717.8969,-1.061682,0.7636794,-2.094136
RIPS,717.905,-1.06162,0.7637532,-2.094178
RIPS,717.9132,-1.061546,0.7639549,-2.09415
RIPS,717.9234,-1.061533,0.7641724,-2.094182
RIPS,717.9303,-1.061526,0.7643437,-2.094158
RIPS,717.9384,-1.061592,0.764427,-2.094131
RIPS,717.9471,-1.061763,0.7644113,-2.094295
RIPS,717.9579,-1.061893,0.7642696,-2.09424
RIPS,717.9675,-1.062033,0.7640099,-2.094127
RIPS,717.9731,-1.062396,0.7639863,-2.09418
RIPS,717.9798,-1.062393,0.7639681,-2.093985
RIPS,717.9888,-1.062437,0.764182,-2.093861
RIPS,717.9973,-1.062649,0.7646046,-2.093908
RIPS,718.0052,-1.062662,0.764938,-2.09376
RIPS,718.0135,-1.062869,0.7653043,-2.093738
RIPS,718.0217,-1.06289,0.7654305,-2.093644
RIPS,718.0304,-1.062927,0.7654364,-2.093541
RIPS,718.0385,-1.063006,0.765379,-2.093506
RIPS,718.0468,-1.063043,0.7652272,-2.093419
RIPS,718.0558,-1.062849,0.7649546,-2.093097
RIPS,718.0644,-1.062921,0.7649255,-2.092874
RIPS,718.0732,-1.063064,0.7652172,-2.092831
RIPS,718.0818,-1.063109,0.7653634,-2.092609
RIPS,718.0897,-1.063233,0.7658303,-2.092382
RIPS,718.0968,-1.063302,0.7661841,-2.092232
RIPS,718.1057,-1.06336,0.7664416,-2.092127
RIPS,718.1155,-1.063326,0.7665156,-2.09178
RIPS,718.1257,-1.063329,0.7665977,-2.09163
RIPS,718.1323,-1.063347,0.7666558,-2.091435
RIPS,718.1383,-1.063287,0.7666276,-2.091076
RIPS,718.1465,-1.063339,0.7666969,-2.090948
RIPS,718.1563,-1.063388,0.7667783,-2.090748
RIPS,718.1636,-1.06352,0.766553,-2.091194
RIPS,718.1718,-1.0637,0.766615,-2.091262
RIPS,718.1799,-1.063552,0.766926,-2.090221
RIPS,718.1887,-1.063676,0.7670596,-2.090033
RIPS,718.1978,-1.064035,0.7672983,-2.089869
RIPS,718.2051,-1.064136,0.7674534,-2.08953
RIPS,718.2133,-1.064118,0.7676883,-2.089005
RIPS,718.2217,-1.064201,0.7678474,-2.088654
RIPS,718.23,-1.064297,0.7678798,-2.088583
RIPS,718.2386,-1.064212,0.7680461,-2.088353
RIPS,718.2466,-1.064269,0.7682368,-2.088252
RIPS,718.2563,-1.064342,0.7685781,-2.088098
RIPS,718.2639,-1.064427,0.7690241,-2.087744
RIPS,718.2719,-1.064529,0.7696227,-2.087076
RIPS,718.2807,-1.06458,0.7702649,-2.086293
RIPS,718.2882,-1.064582,0.7715498,-2.084159
RIPS,718.2968,-1.064673,0.7716542,-2.083569
RIPS,718.3053,-1.064694,0.7716888,-2.082957
RIPS,718.3133,-1.064695,0.7718426,-2.082414
RIPS,718.3225,-1.064585,0.7719004,-2.081693
RIPS,718.3306,-1.064554,0.7721339,-2.080984
RIPS,718.3384,-1.064794,0.7726966,-2.080326
RIPS,718.3468,-1.064724,0.7733101,-2.079489
RIPS,718.356,-1.065263,0.7743591,-2.078896
RIPS,718.3636,-1.065228,0.7751451,-2.078068
RIPS,718.3719,-1.06517,0.7758021,-2.077292
RIPS,718.3803,-1.065177,0.7763693,-2.076903
RIPS,718.389,-1.065147,0.776545,-2.076255
RIPS,718.3971,-1.065378,0.7767923,-2.075882
RIPS,718.4056,-1.065406,0.7767704,-2.075282
RIPS,718.414,-1.065757,0.7770326,-2.074921
RIPS,718.4227,-1.065791,0.7771301,-2.074389
RIPS,718.4309,-1.065805,0.7774403,-2.073912
RIPS,718.4394,-1.066268,0.7781529,-2.073686
RIPS,718.4478,-1.066264,0.7786393,-2.073367
RIPS,718.4567,-1.065846,0.7788274,-2.072678
RIPS,718.4652,-1.065817,0.7791571,-2.072366
RIPS,718.4738,-1.065744,0.7795491,-2.071857
RIPS,718.4818,-1.065208,0.7794338,-2.071143
RIPS,718.4903,-1.065135,0.7796489,-2.070634
RIPS,718.4987,-1.065241,0.7799446,-2.071109
RIPS,718.5072,-1.065203,0.7793973,-2.072205
RIPS,718.5159,-1.065002,0.7792401,-2.072471
RIPS,718.5245,-1.064842,0.779155,-2.072677
RIPS,718.5329,-1.064632,0.7792467,-2.072845
RIPS,718.5406,-1.064306,0.7791887,-2.072531
RIPS,718.549,-1.064224,0.7794707,-2.072587
RIPS,718.5576,-1.063926,0.7795372,-2.072148
RIPS,718.566,-1.063805,0.7797731,-2.071842
RIPS,718.5741,-1.063665,0.7782628,-2.074923
RIPS,718.5823,-1.063613,0.7776928,-2.075793
RIPS,718.5908,-1.063581,0.7771924,-2.0765
RIPS,718.5994,-1.063786,0.7768674,-2.077487
RIPS,718.6071,-1.063721,0.7763937,-2.07789
RIPS,718.616,-1.06407,0.7760174,-2.078909
RIPS,718.6238,-1.064031,0.7756757,-2.07943
RIPS,718.6323,-1.063984,0.7752748,-2.080125
RIPS,718.641,-1.064179,0.7752762,-2.080734
RIPS,718.649,-1.064274,0.7753186,-2.081064
RIPS,718.6578,-1.064021,0.7751969,-2.080752
RIPS,718.6656,-1.064199,0.7753761,-2.080682
RIPS,718.6746,-1.064354,0.7755765,-2.080469
RIPS,718.6826,-1.06449,0.7756867,-2.080412
RIPS,718.6904,-1.064598,0.7756807,-2.080436
RIPS,718.699,-1.06455,0.7755162,-2.08027
RIPS,718.707,-1.064584,0.7754538,-2.08028
RIPS,718.7155,-1.064502,0.7754245,-2.080163
RIPS,718.7249,-1.064433,0.7755051,-2.080092
RIPS,718.7326,-1.064286,0.7757059,-2.08005
RIPS,718.7406,-1.06402,0.7757795,-2.079772
RIPS,718.7489,-1.064187,0.7761504,-2.079923
RIPS,718.7576,-1.063904,0.7762834,-2.079802
RIPS,718.766,-1.063857,0.7765347,-2.079733
RIPS,718.7743,-1.063692,0.7767246,-2.079583
RIPS,718.7824,-1.063628,0.7770815,-2.079447
RIPS,718.7911,-1.063514,0.7772923,-2.079311
RIPS,718.7997,-1.063529,0.7774753,-2.079175
RIPS,718.8074,-1.06352,0.7776747,-2.079034
RIPS,718.8157,-1.063554,0.7777839,-2.078829
RIPS,718.8238,-1.063586,0.7777098,-2.078609
RIPS,718.8329,-1.063569,0.7776939,-2.078553
RIPS,718.8406,-1.06374,0.7778127,-2.078665
RIPS,718.8486,-1.06371,0.7777704,-2.07871
RIPS,718.8578,-1.06364,0.7778975,-2.078623
RIPS,718.8657,-1.063624,0.7779387,-2.078534
RIPS,718.8754,-1.063568,0.7779958,-2.078377
RIPS,718.886,-1.063515,0.7780652,-2.078276
RIPS,718.8947,-1.063468,0.77811,-2.078328
RIPS,718.9004,-1.063676,0.7781872,-2.078325
RIPS,718.9061,-1.063624,0.7781731,-2.078323
RIPS,718.9131,-1.063419,0.7783787,-2.078351
RIPS,718.9222,-1.063413,0.7785729,-2.078239
RIPS,718.9304,-1.063428,0.7789465,-2.078032
RIPS,718.9381,-1.063355,0.7793017,-2.077784
RIPS,718.9467,-1.06316,0.7795624,-2.077673
RIPS,718.9564,-1.062983,0.7796479,-2.077509
RIPS,718.9632,-1.062966,0.779789,-2.077453
RIPS,718.9716,-1.062815,0.7797155,-2.077352
RIPS,718.9799,-1.062751,0.7797197,-2.077278
RIPS,718.9885,-1.062665,0.7798051,-2.077226
RIPS,718.9971,-1.062743,0.7797675,-2.07701
RIPS,719.0052,-1.0627,0.7799298,-2.076895
RIPS,719.0134,-1.062693,0.7800446,-2.076763
RIPS,719.0217,-1.062691,0.7802392,-2.07661
RIPS,719.03,-1.062676,0.7804126,-2.076549
RIPS,719.0386,-1.062631,0.7806721,-2.076431
RIPS,719.0465,-1.062579,0.7807442,-2.076275
RIPS,719.0563,-1.062505,0.7808774,-2.076135
RIPS,719.0638,-1.062488,0.7809263,-2.075971
RIPS,719.0719,-1.06248,0.7809858,-2.075822
RIPS,719.0815,-1.062535,0.7809656,-2.075706
RIPS,719.0882,-1.06265,0.7809038,-2.075604
RIPS,719.0967,-1.062675,0.7809392,-2.075505
RIPS,719.1048,-1.062721,0.7809094,-2.075428
RIPS,719.1135,-1.062796,0.7808941,-2.075384
RIPS,719.1227,-1.062816,0.7809549,-2.075248
RIPS,719.1299,-1.062751,0.7810351,-2.075117
RIPS,719.1385,-1.062724,0.7811909,-2.074972
RIPS,719.1466,-1.062648,0.7813822,-2.074841
RIPS,719.1559,-1.062601,0.7814875,-2.074727
RIPS,719.1635,-1.062641,0.781606,-2.074701
RIPS,719.1716,-1.06265,0.7817343,-2.074789
RIPS,719.1801,-1.062636,0.7817865,-2.07478
RIPS,719.1897,-1.062662,0.7816246,-2.074677
RIPS,719.197,-1.062658,0.7816205,-2.07464
RIPS,719.2056,-1.062642,0.7816392,-2.074648
RIPS,719.2135,-1.062751,0.7816628,-2.074554
RIPS,719.2222,-1.062784,0.7817734,-2.074499
RIPS,719.2308,-1.062847,0.7817799,-2.074414
RIPS,719.2394,-1.062881,0.7817292,-2.074355
RIPS,719.2479,-1.062907,0.7817076,-2.074362
RIPS,719.2568,-1.06292,0.7816478,-2.074294
RIPS,719.2648,-1.062939,0.7815911,-2.074311
RIPS,719.2739,-1.062903,0.7814384,-2.074262
RIPS,719.2819,-1.062937,0.7814547,-2.074301
RIPS,719.2906,-1.06293,0.781417,-2.07439
RIPS,719.2986,-1.062919,0.7814797,-2.074464
RIPS,719.3069,-1.062919,0.7814883,-2.074519
RIPS,719.3154,-1.06287,0.7815269,-2.07453
RIPS,719.3244,-1.062825,0.7814425,-2.074557
RIPS,719.3325,-1.062837,0.781383,-2.074619
RIPS,719.3403,-1.062984,0.7814344,-2.074755
RIPS,719.3489,-1.063025,0.7813706,-2.074846
RIPS,719.3577,-1.063035,0.7813234,-2.074974
RIPS,719.3657,-1.063053,0.7812128,-2.075106
RIPS,719.3739,-1.063104,0.781077,-2.075245
RIPS,719.382,-1.063094,0.7809947,-2.075369
RIPS,719.3918,-1.063141,0.7808893,-2.075474
RIPS,719.4,-1.063223,0.7808091,-2.075617
RIPS,719.4073,-1.063193,0.7806689,-2.075694
RIPS,719.4158,-1.063213,0.7805617,-2.075804
RIPS,719.4235,-1.063277,0.7804509,-2.075921
RIPS,719.4323,-1.06324,0.7804337,-2.076078
RIPS,719.4402,-1.063301,0.7803549,-2.076182
RIPS,719.449,-1.063285,0.7802996,-2.076323
RIPS,719.4572,-1.063342,0.7802359,-2.07651
RIPS,719.4653,-1.063398,0.7801021,-2.076646
RIPS,719.4748,-1.063421,0.7799745,-2.07679
RIPS,719.4828,-1.063444,0.7798617,-2.076898
RIPS,719.4922,-1.063518,0.7796836,-2.076958
RIPS,719.5019,-1.063543,0.7795755,-2.077051
RIPS,719.5074,-1.063597,0.7794336,-2.077137
RIPS,719.5133,-1.063646,0.7793525,-2.07712
RIPS,719.5227,-1.063741,0.7792985,-2.077255
RIPS,719.5304,-1.063766,0.7791721,-2.0774
RIPS,719.5383,-1.063866,0.7790578,-2.077572
RIPS,719.5469,-1.063936,0.7788318,-2.077784
RIPS,719.5563,-1.063966,0.7787238,-2.078086
RIPS,719.5637,-1.063985,0.7784638,-2.078251
RIPS,719.5718,-1.064043,0.778106,-2.078353
RIPS,719.5807,-1.064058,0.777763,-2.078437
RIPS,719.589,-1.064115,0.7774751,-2.078602
RIPS,719.5972,-1.064109,0.7772076,-2.078743
RIPS,719.6055,-1.064183,0.7769524,-2.078933
RIPS,719.6136,-1.064217,0.7767888,-2.079169
RIPS,719.6218,-1.064299,0.7766151,-2.079371
RIPS,719.6306,-1.064385,0.7764191,-2.079578
RIPS,719.6392,-1.064424,0.7761722,-2.079724
RIPS,719.6493,-1.06447,0.7758781,-2.079884
RIPS,719.6614,-1.064656,0.7754514,-2.079965
RIPS,719.6699,-1.064648,0.7749128,-2.079969
RIPS,719.6803,-1.064652,0.7746136,-2.080103
RIPS,719.6881,-1.06459,0.7742347,-2.080581
RIPS,719.6965,-1.064574,0.7739707,-2.080767
RIPS,719.7051,-1.064496,0.7736297,-2.081092
RIPS,719.7131,-1.064379,0.7733497,-2.08131
RIPS,719.722,-1.06425,0.7730315,-2.081556
RIPS,719.73,-1.064091,0.7727244,-2.081804
RIPS,719.7383,-1.064114,0.7724684,-2.082127
RIPS,719.7476,-1.063971,0.7722059,-2.082489
RIPS,719.7557,-1.064001,0.7719985,-2.082827
RIPS,719.7633,-1.064061,0.7718663,-2.083089
RIPS,719.7715,-1.063963,0.7715091,-2.083348
RIPS,719.7798,-1.063936,0.7712958,-2.083679
RIPS,719.7892,-1.063819,0.7711616,-2.084108
RIPS,719.802,-1.063772,0.7708708,-2.084408
RIPS,719.8123,-1.063647,0.7705681,-2.084731
RIPS,719.8214,-1.063609,0.7701592,-2.085078
RIPS,719.83,-1.06356,0.7694486,-2.085832
RIPS,719.8382,-1.063524,0.7691042,-2.086167
RIPS,719.8466,-1.063754,0.7685393,-2.08658
RIPS,719.855,-1.063738,0.7682335,-2.086982
RIPS,719.8634,-1.06372,0.7679666,-2.087411
RIPS,719.8715,-1.063692,0.7676682,-2.088035
RIPS,719.8802,-1.063666,0.7673905,-2.088658
RIPS,719.8879,-1.063589,0.7671273,-2.089398
RIPS,719.8965,-1.063556,0.7667743,-2.090132
RIPS,719.9051,-1.063544,0.7664946,-2.090878
RIPS,719.9136,-1.063474,0.7662471,-2.091626
RIPS,719.9219,-1.063472,0.7656922,-2.092439
RIPS,719.9301,-1.063493,0.7652273,-2.093122
RIPS,719.938,-1.063484,0.764728,-2.093769
RIPS,719.947,-1.063625,0.7641964,-2.09415
RIPS,719.9577,-1.063633,0.7638028,-2.094704
RIPS,719.9675,-1.063653,0.7633895,-2.095229
RIPS,719.9738,-1.063653,0.7630764,-2.095771
RIPS,719.9791,-1.063702,0.7627832,-2.096249
RIPS,719.9882,-1.063636,0.7624794,-2.096879
RIPS,719.9964,-1.063535,0.7621429,-2.097375
RIPS,720.0051,-1.063355,0.7618108,-2.097986
RIPS,720.0129,-1.063064,0.76152,-2.098644
RIPS,720.0215,-1.062878,0.7612295,-2.099197
RIPS,720.0297,-1.062721,0.7609786,-2.09965
RIPS,720.0381,-1.062636,0.7608495,-2.099943
RIPS,720.0463,-1.062546,0.7605943,-2.100183
RIPS,720.055,-1.062467,0.7605182,-2.100342
RIPS,720.0635,-1.062369,0.7605358,-2.100139
RIPS,720.0716,-1.062185,0.7607113,-2.099638
RIPS,720.0803,-1.061982,0.7611272,-2.098809
RIPS,720.0888,-1.061766,0.7618162,-2.097765
RIPS,720.0962,-1.061516,0.7631611,-2.095773
RIPS,720.1049,-1.061427,0.7629794,-2.096293
RIPS,720.1129,-1.061237,0.7628207,-2.096657
RIPS,720.1223,-1.061205,0.7628103,-2.097116
RIPS,720.1298,-1.061208,0.7627861,-2.09746
RIPS,720.1379,-1.061208,0.7629004,-2.09754
RIPS,720.1462,-1.061174,0.7631202,-2.097489
RIPS,720.1562,-1.061183,0.7635651,-2.097168
RIPS,720.163,-1.061134,0.7638533,-2.096465
RIPS,720.1713,-1.061085,0.7634324,-2.096759
RIPS,720.1796,-1.060965,0.7630458,-2.09699
RIPS,720.1881,-1.060791,0.7628482,-2.097084
RIPS,720.1971,-1.060622,0.7627045,-2.09709
RIPS,720.2046,-1.060435,0.762589,-2.097036
RIPS,720.2131,-1.060251,0.7625997,-2.097115
RIPS,720.2213,-1.060127,0.7626829,-2.09699
RIPS,720.2296,-1.059978,0.7627676,-2.096909
RIPS,720.238,-1.05989,0.7629338,-2.096655
RIPS,720.246,-1.06004,0.7631429,-2.096603
RIPS,720.2554,-1.059996,0.7633052,-2.096125
RIPS,720.2632,-1.059858,0.7638289,-2.095157
RIPS,720.2715,-1.059709,0.7647133,-2.093869
RIPS,720.2804,-1.059579,0.7658939,-2.09286
RIPS,720.2883,-1.059484,0.7661945,-2.093515
RIPS,720.297,-1.059394,0.7665387,-2.094062
RIPS,720.3059,-1.05917,0.7669848,-2.094368
RIPS,720.314,-1.059015,0.7674351,-2.094743
RIPS,720.3228,-1.058887,0.7678447,-2.095059
RIPS,720.3309,-1.05894,0.768126,-2.095356
RIPS,720.3396,-1.058933,0.7684649,-2.095611
RIPS,720.3479,-1.059192,0.7689285,-2.095943
RIPS,720.3572,-1.059276,0.7690621,-2.096369
RIPS,720.3649,-1.059363,0.7691267,-2.096723
RIPS,720.3734,-1.059377,0.769129,-2.097255
RIPS,720.3822,-1.059341,0.7690452,-2.097904
RIPS,720.3912,-1.059231,0.7689173,-2.098307
RIPS,720.3985,-1.05916,0.768813,-2.098673
RIPS,720.4073,-1.059195,0.7686454,-2.098827
RIPS,720.4152,-1.059194,0.7685807,-2.09907
RIPS,720.4234,-1.059171,0.7684928,-2.099287
RIPS,720.4317,-1.059075,0.7682936,-2.09956
RIPS,720.4402,-1.059097,0.76812,-2.099824
RIPS,720.4482,-1.059102,0.7679625,-2.100254
RIPS,720.4578,-1.059154,0.7678307,-2.100835
RIPS,720.4653,-1.059239,0.7677026,-2.10174
RIPS,720.4741,-1.059208,0.7674529,-2.102446
RIPS,720.482,-1.059179,0.7672442,-2.102992
RIPS,720.4899,-1.059157,0.767018,-2.103358
RIPS,720.4988,-1.059128,0.7667518,-2.103606
RIPS,720.5067,-1.059044,0.7664012,-2.103828
RIPS,720.5152,-1.059048,0.766113,-2.103882
RIPS,720.5236,-1.059013,0.7657143,-2.103911
RIPS,720.5317,-1.058941,0.7653762,-2.104021
RIPS,720.5402,-1.058832,0.7650778,-2.104219
RIPS,720.5483,-1.05875,0.7648417,-2.104452
RIPS,720.5576,-1.058714,0.7645808,-2.104783
RIPS,720.5649,-1.058804,0.764466,-2.105235
RIPS,720.5734,-1.05885,0.7642829,-2.105419
RIPS,720.5818,-1.058775,0.7640659,-2.105542
RIPS,720.591,-1.058797,0.7639193,-2.105576
RIPS,720.5982,-1.05873,0.7638777,-2.105357
RIPS,720.6068,-1.058751,0.7637525,-2.105276
RIPS,720.6152,-1.05879,0.763812,-2.105304
RIPS,720.6233,-1.058809,0.7638509,-2.105151
RIPS,720.6318,-1.058935,0.7639135,-2.105124
RIPS,720.6407,-1.05898,0.7639773,-2.105281
RIPS,720.6481,-1.058946,0.7640674,-2.1054
RIPS,720.6575,-1.058953,0.7641589,-2.105512
RIPS,720.6652,-1.058941,0.7642952,-2.10555
RIPS,720.6739,-1.058849,0.7642331,-2.105421
RIPS,720.6821,-1.058872,0.7641582,-2.105336
RIPS,720.6898,-1.058771,0.7640636,-2.105028
RIPS,720.6989,-1.058786,0.7639934,-2.104827
RIPS,720.7065,-1.058763,0.763826,-2.104619
RIPS,720.715,-1.058754,0.7637971,-2.104599
RIPS,720.7239,-1.058752,0.7637875,-2.104555
RIPS,720.7316,-1.05882,0.7638376,-2.104545
RIPS,720.7401,-1.058797,0.763827,-2.104537
RIPS,720.7486,-1.05887,0.7638125,-2.104536
RIPS,720.7575,-1.058906,0.76381,-2.104573
RIPS,720.7653,-1.058931,0.7638138,-2.104557
RIPS,720.7733,-1.058959,0.7637549,-2.104436
RIPS,720.7817,-1.058915,0.7637147,-2.104337
RIPS,720.7903,-1.058924,0.7636999,-2.104222
RIPS,720.7987,-1.059001,0.7636786,-2.104232
RIPS,720.8066,-1.058923,0.7637427,-2.104359
RIPS,720.8149,-1.058936,0.7637823,-2.104553
RIPS,720.8231,-1.058964,0.7637825,-2.10469
RIPS,720.8315,-1.059077,0.763836,-2.104979
RIPS,720.8402,-1.059077,0.763811,-2.105195
RIPS,720.8481,-1.059194,0.763996,-2.1052
RIPS,720.8572,-1.059179,0.7639936,-2.105208
RIPS,720.8649,-1.05914,0.7640321,-2.105189
RIPS,720.8741,-1.059142,0.7640528,-2.10514
RIPS,720.8817,-1.05908,0.7640998,-2.105067
RIPS,720.8898,-1.059053,0.7641371,-2.105076
RIPS,720.8983,-1.059049,0.7641095,-2.105113
RIPS,720.9067,-1.059021,0.7640832,-2.10515
RIPS,720.9147,-1.058972,0.764073,-2.105253
RIPS,720.9241,-1.058934,0.7640875,-2.105267
RIPS,720.9316,-1.058932,0.7640896,-2.105347
RIPS,720.9401,-1.058866,0.7641207,-2.10523
RIPS,720.9481,-1.058838,0.7641411,-2.105086
RIPS,720.9575,-1.058757,0.7641868,-2.104963
RIPS,720.9649,-1.058801,0.7642767,-2.104921
RIPS,720.9733,-1.058771,0.7642665,-2.104928
RIPS,720.9812,-1.058839,0.7642626,-2.104984
RIPS,720.9905,-1.058822,0.7642137,-2.10503
RIPS,720.9986,-1.05882,0.7642133,-2.105085
RIPS,721.0064,-1.058874,0.7642468,-2.105006
RIPS,721.0153,-1.058875,0.7642366,-2.104922
RIPS,721.0234,-1.058858,0.7642846,-2.104829
RIPS,721.0316,-1.058894,0.7643269,-2.104715
RIPS,721.04,-1.058864,0.7643802,-2.104675
RIPS,721.0481,-1.058839,0.7644385,-2.104601
RIPS,721.0569,-1.058772,0.764445,-2.104641
RIPS,721.0652,-1.058719,0.7643269,-2.104738
RIPS,721.0738,-1.058641,0.7642648,-2.104793
RIPS,721.0824,-1.058597,0.7642167,-2.104794
RIPS,721.0903,-1.058591,0.7641519,-2.104636
RIPS,721.0984,-1.058571,0.7641357,-2.104589
RIPS,721.1065,-1.058602,0.7641519,-2.104583
RIPS,721.115,-1.05861,0.7641481,-2.104585
RIPS,721.1235,-1.058582,0.7642394,-2.104609
RIPS,721.1315,-1.058611,0.764369,-2.104694
RIPS,721.14,-1.058612,0.7644621,-2.104761
RIPS,721.1483,-1.058578,0.7645686,-2.104825
RIPS,721.1576,-1.058594,0.7645654,-2.104854
RIPS,721.1649,-1.058626,0.7645988,-2.104864
RIPS,721.1735,-1.058629,0.7645674,-2.104767
RIPS,721.1815,-1.058691,0.7645542,-2.104689
RIPS,721.1903,-1.058676,0.764486,-2.104608
RIPS,721.1985,-1.058684,0.7644879,-2.1045
RIPS,721.2067,-1.058691,0.7644457,-2.104467
RIPS,721.2149,-1.05873,0.7643762,-2.104414
RIPS,721.223,-1.058669,0.7644427,-2.104438
RIPS,721.2314,-1.058617,0.7644184,-2.104501
RIPS,721.2397,-1.058611,0.7643893,-2.104554
RIPS,721.248,-1.058692,0.7643808,-2.104538
RIPS,721.2568,-1.058696,0.7643962,-2.104577
RIPS,721.2653,-1.058858,0.7642723,-2.104532
RIPS,721.2732,-1.058918,0.7642738,-2.104442
RIPS,721.2816,-1.058971,0.7642211,-2.104329
RIPS,721.2899,-1.059005,0.7642497,-2.104307
RIPS,721.2982,-1.059014,0.764244,-2.1042
RIPS,721.3062,-1.059075,0.7642804,-2.104119
RIPS,721.3149,-1.059103,0.7642959,-2.104117
RIPS,721.3237,-1.059101,0.7644073,-2.104178
RIPS,721.3317,-1.059117,0.7644055,-2.104252
RIPS,721.34,-1.059117,0.7643818,-2.104333
RIPS,721.3481,-1.059088,0.7644358,-2.10443
RIPS,721.3571,-1.059075,0.7644502,-2.104425
RIPS,721.3648,-1.059016,0.7643701,-2.104351
RIPS,721.3733,-1.059015,0.7643424,-2.10432
RIPS,721.3812,-1.058974,0.7643077,-2.104258
RIPS,721.3911,-1.058997,0.7643059,-2.104208
RIPS,721.3978,-1.059039,0.7642779,-2.10417
RIPS,721.4067,-1.0591,0.7642948,-2.104164
RIPS,721.4151,-1.059146,0.7643064,-2.104234
RIPS,721.4235,-1.059174,0.7643234,-2.104384
RIPS,721.4315,-1.059182,0.7644215,-2.104486
RIPS,721.4398,-1.05918,0.7644342,-2.104547
RIPS,721.4482,-1.05919,0.7644345,-2.104548
RIPS,721.457,-1.059172,0.7644283,-2.104469
RIPS,721.4648,-1.059283,0.7643824,-2.104295
RIPS,721.4734,-1.059284,0.7644484,-2.104143
RIPS,721.4819,-1.059315,0.7644663,-2.104086
RIPS,721.4896,-1.059358,0.7645368,-2.104095
RIPS,721.498,-1.059397,0.7645681,-2.104172
RIPS,721.5062,-1.059375,0.7646252,-2.104239
RIPS,721.5148,-1.059402,0.7646151,-2.104294
RIPS,721.5231,-1.059484,0.7646827,-2.104251
RIPS,721.5317,-1.05949,0.7646942,-2.104192
RIPS,721.5399,-1.059516,0.7646781,-2.10416
RIPS,721.5482,-1.059643,0.7647099,-2.10407
RIPS,721.5571,-1.059657,0.7647426,-2.103985
RIPS,721.5648,-1.05962,0.7646586,-2.103974
RIPS,721.5731,-1.059605,0.764659,-2.10393
RIPS,721.5814,-1.059479,0.7646462,-2.104042
RIPS,721.5903,-1.059478,0.764595,-2.104055
RIPS,721.5985,-1.059488,0.7646087,-2.104083
RIPS,721.6066,-1.059433,0.7645826,-2.104078
RIPS,721.6147,-1.059424,0.7645618,-2.104056
RIPS,721.6229,-1.05941,0.7645622,-2.103984
RIPS,721.632,-1.059394,0.7645364,-2.103913
RIPS,721.6406,-1.05938,0.7645421,-2.10386
RIPS,721.6479,-1.059456,0.7645311,-2.103896
RIPS,721.6569,-1.059437,0.7645487,-2.103916
RIPS,721.6651,-1.059436,0.764584,-2.103934
RIPS,721.6733,-1.05941,0.7645848,-2.103977
RIPS,721.6814,-1.05945,0.7645395,-2.103985
RIPS,721.6899,-1.059429,0.7645456,-2.104006
RIPS,721.6981,-1.059378,0.7645136,-2.103971
RIPS,721.7068,-1.059403,0.7645589,-2.103923
RIPS,721.7145,-1.059379,0.7645816,-2.10385
RIPS,721.7241,-1.059364,0.7646024,-2.103796
RIPS,721.7316,-1.059324,0.7646394,-2.103713
RIPS,721.7397,-1.059317,0.7646827,-2.103693
RIPS,721.748,-1.059324,0.7646949,-2.103784
RIPS,721.7569,-1.059332,0.7646921,-2.103895
RIPS,721.7651,-1.059486,0.7646794,-2.103907
RIPS,721.7729,-1.059464,0.7646917,-2.103979
RIPS,721.7813,-1.05956,0.7647983,-2.104087
RIPS,721.7906,-1.05966,0.7647804,-2.103978
RIPS,721.7983,-1.059646,0.7647567,-2.103924
RIPS,721.8065,-1.059673,0.7647845,-2.103911
RIPS,721.8147,-1.059693,0.7647321,-2.10375
RIPS,721.823,-1.059585,0.7646953,-2.103643
RIPS,721.8314,-1.059596,0.7647097,-2.103563
RIPS,721.8398,-1.059597,0.764689,-2.103497
RIPS,721.8481,-1.059571,0.7647427,-2.10357
RIPS,721.8566,-1.059568,0.7648321,-2.103642
RIPS,721.8646,-1.059559,0.7648695,-2.103703
RIPS,721.8735,-1.059549,0.7649382,-2.103702
RIPS,721.8818,-1.059525,0.7650842,-2.103732
RIPS,721.89,-1.059483,0.7650959,-2.103611
RIPS,721.898,-1.059443,0.765133,-2.103496
RIPS,721.9065,-1.059334,0.7651859,-2.103446
RIPS,721.9148,-1.0593,0.7652407,-2.103368
RIPS,721.924,-1.059301,0.7652395,-2.10326
RIPS,721.9311,-1.059269,0.7653502,-2.103227
RIPS,721.9396,-1.059266,0.7654523,-2.103225
RIPS,721.9483,-1.059361,0.7655088,-2.103195
RIPS,721.9569,-1.059483,0.7656573,-2.103189
RIPS,721.9649,-1.059497,0.7658488,-2.103138
RIPS,721.9729,-1.059543,0.7660989,-2.103036
RIPS,721.9811,-1.059533,0.7664382,-2.102995
RIPS,721.9904,-1.059551,0.7666816,-2.102921
RIPS,721.9987,-1.059532,0.76697,-2.102831
RIPS,722.0063,-1.059503,0.7671993,-2.102847
RIPS,722.0149,-1.059477,0.767368,-2.102812
RIPS,722.0229,-1.059594,0.7674573,-2.102718
RIPS,722.0313,-1.059731,0.7674284,-2.102884
RIPS,722.0398,-1.059744,0.7673641,-2.102909
RIPS,722.0478,-1.059834,0.7670686,-2.103023
RIPS,722.0566,-1.059827,0.7668438,-2.103266
RIPS,722.0645,-1.059716,0.7664884,-2.103247
RIPS,722.0738,-1.059565,0.7660582,-2.10291
RIPS,722.0817,-1.059599,0.765498,-2.102339
RIPS,722.0901,-1.059515,0.7649862,-2.101957
RIPS,722.0991,-1.059367,0.7643812,-2.101374
RIPS,722.1064,-1.059354,0.7637805,-2.100954
RIPS,722.1146,-1.059315,0.7634144,-2.100728
RIPS,722.1235,-1.059286,0.7630527,-2.100644
RIPS,722.1312,-1.059284,0.7627547,-2.100774
RIPS,722.1398,-1.059275,0.7625865,-2.101157
RIPS,722.1481,-1.059295,0.7625504,-2.101185
RIPS,722.157,-1.059054,0.7626411,-2.101346
RIPS,722.1646,-1.059052,0.7627378,-2.10135
RIPS,722.173,-1.0589,0.7630611,-2.101395
RIPS,722.181,-1.058783,0.763338,-2.101502
RIPS,722.1904,-1.058656,0.7637389,-2.101591
RIPS,722.1984,-1.058574,0.764113,-2.101714
RIPS,722.2065,-1.05847,0.7645072,-2.101955
RIPS,722.2147,-1.058528,0.7648342,-2.102112
RIPS,722.2231,-1.058633,0.7651645,-2.102261
RIPS,722.2315,-1.058695,0.7654822,-2.102408
RIPS,722.2396,-1.058782,0.7658037,-2.102421
RIPS,722.2476,-1.059098,0.7661037,-2.102907
RIPS,722.2571,-1.059125,0.766478,-2.102668
RIPS,722.2651,-1.059053,0.766795,-2.102665
RIPS,722.2729,-1.059082,0.7670515,-2.102347
RIPS,722.2816,-1.059051,0.767323,-2.101888
RIPS,722.2894,-1.058835,0.7675264,-2.101275
RIPS,722.2978,-1.058749,0.7678019,-2.100958
RIPS,722.3061,-1.058623,0.7680022,-2.100796
RIPS,722.3147,-1.058581,0.7682334,-2.100688
RIPS,722.3231,-1.058609,0.7684608,-2.100627
RIPS,722.3314,-1.058542,0.7687077,-2.100553
RIPS,722.3399,-1.058653,0.7690011,-2.100592
RIPS,722.3478,-1.058726,0.7693828,-2.10045
RIPS,722.3574,-1.058831,0.7697268,-2.100495
RIPS,722.3646,-1.058971,0.7701271,-2.100368
RIPS,722.373,-1.058983,0.7704272,-2.10037
RIPS,722.3813,-1.058956,0.7707391,-2.100402
RIPS,722.39,-1.058767,0.7710041,-2.100554
RIPS,722.3979,-1.058657,0.7713457,-2.100669
RIPS,722.4062,-1.058499,0.7716467,-2.100936
RIPS,722.4152,-1.058446,0.7719857,-2.10115
RIPS,722.4244,-1.058432,0.7722656,-2.101318
RIPS,722.4335,-1.058457,0.7724529,-2.10153
RIPS,722.4396,-1.058504,0.7725455,-2.101763
RIPS,722.4475,-1.05849,0.7726554,-2.101962
RIPS,722.4568,-1.058383,0.7727273,-2.102141
RIPS,722.4644,-1.058389,0.7727816,-2.102235
RIPS,722.4724,-1.058204,0.7727995,-2.10227
RIPS,722.481,-1.058024,0.7728785,-2.102319
RIPS,722.4889,-1.057853,0.7729298,-2.102361
RIPS,722.4975,-1.057737,0.7728451,-2.102371
RIPS,722.5057,-1.057655,0.7727731,-2.102579
RIPS,722.5142,-1.057687,0.7727438,-2.102789
RIPS,722.5226,-1.057735,0.7726207,-2.103092
RIPS,722.5308,-1.057824,0.7723511,-2.103433
RIPS,722.5394,-1.057899,0.7719932,-2.103686
RIPS,722.5474,-1.057933,0.7715417,-2.104016
RIPS,722.5566,-1.057917,0.771121,-2.104198
RIPS,722.5643,-1.057919,0.7708063,-2.104278
RIPS,722.5724,-1.057852,0.7705247,-2.104141
RIPS,722.5827,-1.057857,0.7702152,-2.104095
RIPS,722.5919,-1.057811,0.7701214,-2.103974
RIPS,722.5977,-1.057712,0.7701774,-2.103751
RIPS,722.6052,-1.05766,0.7701244,-2.103638
RIPS,722.6133,-1.057574,0.7701705,-2.103433
RIPS,722.6218,-1.057526,0.770112,-2.103367
RIPS,722.6301,-1.057491,0.7700587,-2.103434
RIPS,722.6387,-1.057489,0.7699703,-2.103703
RIPS,722.6465,-1.057691,0.7698731,-2.104201
RIPS,722.6552,-1.057795,0.7697485,-2.104942
RIPS,722.6634,-1.05795,0.7698266,-2.105778
RIPS,722.6718,-1.058007,0.7698137,-2.106489
RIPS,722.6799,-1.057984,0.7699375,-2.106867
RIPS,722.6882,-1.057898,0.7700686,-2.106917
RIPS,722.6965,-1.057809,0.7702945,-2.106612
RIPS,722.705,-1.0577,0.7705369,-2.106173
RIPS,722.7134,-1.057629,0.7708549,-2.105711
RIPS,722.7218,-1.057599,0.7712072,-2.10544
RIPS,722.7304,-1.057722,0.7714183,-2.105477
RIPS,722.7383,-1.057797,0.771628,-2.105697
RIPS,722.7467,-1.057941,0.7716873,-2.106105
RIPS,722.756,-1.058104,0.7716812,-2.106776
RIPS,722.7635,-1.058111,0.771787,-2.107103
RIPS,722.7715,-1.058266,0.7718618,-2.107389
RIPS,722.78,-1.05835,0.7719772,-2.107336
RIPS,722.7885,-1.058426,0.7720425,-2.106944
RIPS,722.7974,-1.05852,0.7721746,-2.106646
RIPS,722.8049,-1.058537,0.7722791,-2.105726
RIPS,722.8135,-1.058631,0.7723774,-2.105111
RIPS,722.8214,-1.058741,0.7723878,-2.104715
RIPS,722.83,-1.058886,0.7723365,-2.104525
RIPS,722.8383,-1.058965,0.7721332,-2.104595
RIPS,722.8466,-1.05905,0.7719205,-2.104825
RIPS,722.8553,-1.059087,0.771676,-2.105116
RIPS,722.8636,-1.059078,0.7715482,-2.105169
RIPS,722.8716,-1.059043,0.7715717,-2.105191
RIPS,722.8807,-1.058962,0.771782,-2.104911
RIPS,722.8912,-1.058918,0.7720491,-2.104369
RIPS,722.9009,-1.058943,0.7723117,-2.103857
RIPS,722.9064,-1.059054,0.7725607,-2.103448
RIPS,722.9124,-1.059184,0.7725695,-2.103171
RIPS,722.921,-1.059304,0.7726254,-2.103069
RIPS,722.9294,-1.059378,0.7724862,-2.103149
RIPS,722.9371,-1.059329,0.7723318,-2.103381
RIPS,722.9454,-1.059213,0.7722254,-2.103584
RIPS,722.9547,-1.059034,0.7720152,-2.103661
RIPS,722.9622,-1.058868,0.7717738,-2.103601
RIPS,722.9705,-1.0587,0.7716,-2.103431
RIPS,722.9786,-1.058634,0.7712215,-2.103143
RIPS,722.9875,-1.058532,0.7709115,-2.102657
RIPS,722.9963,-1.058493,0.770615,-2.102412
RIPS,723.004,-1.058502,0.7702058,-2.102285
RIPS,723.0123,-1.058483,0.7697968,-2.102347
RIPS,723.0207,-1.058387,0.7693329,-2.102557
RIPS,723.0286,-1.058238,0.7688476,-2.10268
RIPS,723.0375,-1.058018,0.7684662,-2.102622
RIPS,723.0453,-1.057805,0.7681976,-2.102463
RIPS,723.0546,-1.05765,0.767956,-2.102132
RIPS,723.0626,-1.057623,0.7677906,-2.101772
RIPS,723.0706,-1.057806,0.7676148,-2.101495
RIPS,723.0796,-1.058,0.7674246,-2.101564
RIPS,723.088,-1.058099,0.7673538,-2.101634
RIPS,723.0961,-1.058281,0.7674797,-2.102249
RIPS,723.1045,-1.058341,0.7677546,-2.102991
RIPS,723.1122,-1.058356,0.768032,-2.103845
RIPS,723.1212,-1.058392,0.7683325,-2.104511
RIPS,723.129,-1.058309,0.7687712,-2.10495
RIPS,723.1374,-1.058253,0.7692649,-2.105104
RIPS,723.1456,-1.05816,0.7697534,-2.104986
RIPS,723.1542,-1.058123,0.7702466,-2.104749
RIPS,723.1623,-1.058051,0.7706006,-2.104295
RIPS,723.1705,-1.058025,0.7709308,-2.10387
RIPS,723.1787,-1.057992,0.7712275,-2.103644
RIPS,723.1889,-1.057948,0.7715191,-2.103735
RIPS,723.1966,-1.057881,0.771798,-2.104028
RIPS,723.2044,-1.05783,0.7720548,-2.10443
RIPS,723.2131,-1.057752,0.7722675,-2.104764
RIPS,723.2213,-1.057662,0.7724703,-2.105013
RIPS,723.2302,-1.057604,0.7726397,-2.105067
RIPS,723.2385,-1.057591,0.7727983,-2.104819
RIPS,723.2469,-1.057581,0.7730244,-2.10459
RIPS,723.256,-1.057602,0.7731644,-2.104405
RIPS,723.2643,-1.0577,0.7733176,-2.104146
RIPS,723.2724,-1.057772,0.7735221,-2.10397
RIPS,723.2809,-1.057869,0.7737756,-2.103998
RIPS,723.2896,-1.058,0.7739565,-2.104103
RIPS,723.2979,-1.05814,0.7741901,-2.104341
RIPS,723.306,-1.058277,0.7743347,-2.10471
RIPS,723.3143,-1.058819,0.7744231,-2.105208
RIPS,723.3236,-1.058942,0.774477,-2.105436
RIPS,723.3309,-1.058858,0.7745223,-2.105601
RIPS,723.3398,-1.058786,0.774559,-2.105644
RIPS,723.3476,-1.058612,0.7745977,-2.105589
RIPS,723.3571,-1.05853,0.7746555,-2.105621
RIPS,723.3642,-1.058369,0.7747457,-2.105613
RIPS,723.3732,-1.058317,0.7749043,-2.10569
RIPS,723.381,-1.05826,0.7749934,-2.10582
RIPS,723.3896,-1.058208,0.7749965,-2.105914
RIPS,723.3979,-1.058177,0.774923,-2.10591
RIPS,723.4064,-1.058067,0.7748309,-2.105912
RIPS,723.4144,-1.057965,0.7747666,-2.105888
RIPS,723.4229,-1.057967,0.77493,-2.105771
RIPS,723.4308,-1.057867,0.7748941,-2.105586
RIPS,723.4398,-1.057767,0.7747405,-2.105503
RIPS,723.4474,-1.057873,0.7745857,-2.105523
RIPS,723.4565,-1.057883,0.7743962,-2.105554
RIPS,723.4645,-1.057955,0.7741086,-2.105691
RIPS,723.4733,-1.05793,0.773786,-2.105842
RIPS,723.481,-1.057907,0.7735007,-2.105942
RIPS,723.4892,-1.057779,0.7732606,-2.105966
RIPS,723.4982,-1.057654,0.7730927,-2.105857
RIPS,723.5062,-1.057573,0.7728856,-2.105569
RIPS,723.5144,-1.057472,0.7726893,-2.105271
RIPS,723.5233,-1.057437,0.7723213,-2.104931
RIPS,723.5309,-1.057498,0.7720141,-2.104594
RIPS,723.5394,-1.057499,0.7716398,-2.104477
RIPS,723.5479,-1.057423,0.7711914,-2.104476
RIPS,723.5566,-1.057379,0.7707145,-2.104584
RIPS,723.5645,-1.057247,0.7705272,-2.104881
RIPS,723.5726,-1.057046,0.7704489,-2.105129
RIPS,723.581,-1.056874,0.770591,-2.105208
RIPS,723.5903,-1.056697,0.7707446,-2.105142
RIPS,723.5981,-1.056517,0.7709409,-2.104881
RIPS,723.6061,-1.056514,0.7712011,-2.104659
RIPS,723.6146,-1.056561,0.7714304,-2.104342
RIPS,723.6226,-1.056738,0.7717449,-2.104185
RIPS,723.6318,-1.057044,0.772,-2.104378
RIPS,723.64,-1.057205,0.7722198,-2.104825
RIPS,723.6477,-1.05722,0.7724956,-2.10546
RIPS,723.657,-1.057319,0.7728413,-2.106112
RIPS,723.6677,-1.057417,0.7731854,-2.106528
RIPS,723.679,-1.057556,0.7734833,-2.10678
RIPS,723.6871,-1.057637,0.7738675,-2.106273
RIPS,723.6953,-1.057649,0.7742609,-2.105819
RIPS,723.704,-1.057467,0.7744801,-2.104814
RIPS,723.7122,-1.05737,0.774628,-2.104064
RIPS,723.7206,-1.057382,0.7747161,-2.103459
RIPS,723.7291,-1.057338,0.7747632,-2.103122
RIPS,723.7371,-1.057327,0.7747584,-2.102967
RIPS,723.7455,-1.057436,0.7747634,-2.103102
RIPS,723.7549,-1.057628,0.7747989,-2.103455
RIPS,723.7622,-1.057828,0.77494,-2.103468
RIPS,723.7705,-1.057947,0.7750033,-2.103552
RIPS,723.7787,-1.058015,0.7750376,-2.103358
RIPS,723.7873,-1.058026,0.7750704,-2.102715
RIPS,723.7963,-1.057982,0.7751738,-2.10219
RIPS,723.804,-1.057831,0.775203,-2.101742
RIPS,723.8124,-1.057826,0.7751602,-2.101199
RIPS,723.822,-1.057682,0.7750531,-2.100786
RIPS,723.8306,-1.05767,0.775126,-2.100616
RIPS,723.837,-1.057803,0.7751612,-2.100636
RIPS,723.8452,-1.057908,0.7752286,-2.100963
RIPS,723.8541,-1.057923,0.7752849,-2.101073
RIPS,723.862,-1.057966,0.7752836,-2.101292
RIPS,723.8704,-1.058054,0.7752303,-2.101444
RIPS,723.879,-1.057997,0.7751322,-2.101492
RIPS,723.887,-1.057982,0.7752123,-2.101237
RIPS,723.8956,-1.057959,0.775338,-2.101094
RIPS,723.9037,-1.05787,0.7755451,-2.100797
RIPS,723.9119,-1.057873,0.7756715,-2.100554
RIPS,723.9207,-1.05783,0.7756778,-2.100232
RIPS,723.9291,-1.057775,0.7756268,-2.099926
RIPS,723.9368,-1.057707,0.7753699,-2.099635
RIPS,723.9453,-1.057634,0.7750525,-2.099409
RIPS,723.9541,-1.057521,0.7747003,-2.099286
RIPS,723.9627,-1.057462,0.7745283,-2.099419
RIPS,723.9703,-1.057444,0.7744138,-2.099605
RIPS,723.9783,-1.057509,0.7744495,-2.099548
RIPS,723.9872,-1.057527,0.7743987,-2.099575
RIPS,723.9958,-1.057509,0.7742627,-2.099441
RIPS,724.0042,-1.057502,0.7739213,-2.099023
RIPS,724.0121,-1.057438,0.7735547,-2.098444
RIPS,724.0208,-1.057273,0.7732909,-2.097955
RIPS,724.0285,-1.057089,0.7731873,-2.097507
RIPS,724.0372,-1.056946,0.7730665,-2.097344
RIPS,724.0457,-1.05684,0.7729226,-2.097558
RIPS,724.0554,-1.056847,0.7726741,-2.097879
RIPS,724.0629,-1.056942,0.77255,-2.098122
RIPS,724.0715,-1.057245,0.7725,-2.09864
RIPS,724.0804,-1.057449,0.7727005,-2.098769
RIPS,724.0891,-1.057621,0.7729939,-2.098937
RIPS,724.0982,-1.057776,0.7732719,-2.099096
RIPS,724.1054,-1.057862,0.773559,-2.099553
RIPS,724.1141,-1.057883,0.7737583,-2.099932
RIPS,724.1237,-1.057774,0.7738334,-2.100619
RIPS,724.131,-1.057706,0.7739695,-2.10123
RIPS,724.1397,-1.057761,0.774156,-2.101645
RIPS,724.1473,-1.057686,0.7744267,-2.101763
RIPS,724.1567,-1.057598,0.7748086,-2.101593
RIPS,724.1642,-1.057527,0.7752647,-2.101165
RIPS,724.1729,-1.057474,0.7755134,-2.10066
RIPS,724.1808,-1.057361,0.77569,-2.10028
RIPS,724.1898,-1.057274,0.7758464,-2.100036
RIPS,724.1981,-1.057099,0.7759719,-2.100031
RIPS,724.2061,-1.056924,0.7760133,-2.10053
RIPS,724.2142,-1.056842,0.7759804,-2.101162
RIPS,724.2229,-1.056746,0.7759735,-2.101766
RIPS,724.2309,-1.056648,0.7759611,-2.102172
RIPS,724.2393,-1.056683,0.7759421,-2.102579
RIPS,724.2477,-1.056734,0.7760377,-2.10267
RIPS,724.2565,-1.0568,0.7760782,-2.102474
RIPS,724.2646,-1.056892,0.7762768,-2.102168
RIPS,724.2726,-1.056907,0.7763993,-2.101731
RIPS,724.2813,-1.056934,0.7765468,-2.101439
RIPS,724.2894,-1.056942,0.7767341,-2.101233
RIPS,724.2982,-1.056598,0.7768829,-2.101188
RIPS,724.3062,-1.056538,0.7769304,-2.101192
RIPS,724.314,-1.056602,0.7770381,-2.101441
RIPS,724.323,-1.056584,0.7771447,-2.102049
RIPS,724.3315,-1.056546,0.7772951,-2.102329
RIPS,724.3391,-1.056676,0.7775337,-2.1027
RIPS,724.3475,-1.056607,0.7777749,-2.102958
RIPS,724.3566,-1.056528,0.7779819,-2.103059
RIPS,724.3641,-1.056421,0.7782192,-2.10304
RIPS,724.3728,-1.056339,0.7784355,-2.102945
RIPS,724.3811,-1.056169,0.77876,-2.102781
RIPS,724.39,-1.05603,0.7792083,-2.102545
RIPS,724.3979,-1.055999,0.7797838,-2.102415
RIPS,724.4059,-1.055888,0.7801866,-2.10237
RIPS,724.4142,-1.055798,0.780651,-2.102724
RIPS,724.423,-1.0557,0.7810628,-2.102986
RIPS,724.431,-1.055597,0.7815444,-2.103209
RIPS,724.4391,-1.055429,0.7821842,-2.103565
RIPS,724.4479,-1.055284,0.7826176,-2.103797
RIPS,724.4569,-1.05519,0.7830817,-2.103873
RIPS,724.4644,-1.055043,0.7835666,-2.103793
RIPS,724.4725,-1.054927,0.7840436,-2.103638
RIPS,724.4811,-1.054741,0.7844549,-2.103477
RIPS,724.489,-1.05457,0.7847798,-2.103354
RIPS,724.498,-1.054453,0.7850654,-2.1034
RIPS,724.5062,-1.054265,0.7850254,-2.103311
RIPS,724.5142,-1.054155,0.7847107,-2.103334
RIPS,724.5233,-1.054006,0.7843436,-2.103429
RIPS,724.5309,-1.053831,0.7837342,-2.103361
RIPS,724.5394,-1.053821,0.783075,-2.103174
RIPS,724.5476,-1.053873,0.7823671,-2.102931
RIPS,724.5567,-1.053902,0.7816964,-2.102516
RIPS,724.5645,-1.053969,0.7811099,-2.10203
RIPS,724.5728,-1.053938,0.7807038,-2.10141
RIPS,724.5815,-1.053953,0.7803741,-2.100802
RIPS,724.5922,-1.053992,0.7803113,-2.100187
RIPS,724.603,-1.054017,0.7803485,-2.099602
RIPS,724.6088,-1.053894,0.7806478,-2.099893
RIPS,724.6142,-1.053974,0.7811238,-2.099933
RIPS,724.6202,-1.053965,0.7818778,-2.10039
RIPS,724.6299,-1.053905,0.7825258,-2.101363
RIPS,724.6371,-1.05388,0.7832208,-2.102388
RIPS,724.6454,-1.053786,0.7835968,-2.103009
RIPS,724.6544,-1.053646,0.7838547,-2.102928
RIPS,724.6623,-1.05348,0.7839641,-2.102397
RIPS,724.6707,-1.05338,0.7839681,-2.101908
RIPS,724.6791,-1.053293,0.7839018,-2.100369
RIPS,724.6871,-1.053439,0.7839626,-2.099532
RIPS,724.6953,-1.053468,0.7840976,-2.098882
RIPS,724.7039,-1.053709,0.7843128,-2.098691
RIPS,724.7119,-1.053808,0.7845222,-2.098797
RIPS,724.7222,-1.054017,0.7849041,-2.099219
RIPS,724.7288,-1.054168,0.785201,-2.099755
RIPS,724.7374,-1.054235,0.7854149,-2.100253
RIPS,724.7454,-1.054302,0.785701,-2.100403
RIPS,724.7542,-1.054257,0.7859762,-2.100007
RIPS,724.7625,-1.054152,0.7863331,-2.099659
RIPS,724.7704,-1.054058,0.786689,-2.098932
RIPS,724.7789,-1.053954,0.787011,-2.098026
RIPS,724.7873,-1.053955,0.787262,-2.097234
RIPS,724.7961,-1.053985,0.7873197,-2.09692
RIPS,724.8043,-1.054021,0.7874159,-2.096861
RIPS,724.8121,-1.054243,0.7872768,-2.097144
RIPS,724.8205,-1.05435,0.787339,-2.097081
RIPS,724.8286,-1.054398,0.7873178,-2.09713
RIPS,724.8373,-1.054377,0.7873662,-2.096865
RIPS,724.8455,-1.054214,0.7875445,-2.096101
RIPS,724.8542,-1.054147,0.7877694,-2.095409
RIPS,724.8619,-1.054009,0.7880017,-2.094698

